track_id,Clutter,Cormorants,Pigeons,Ducks,Geese,Gulls,Birds of Prey,Waders,Songbirds
6868504,0.006276484425801205,0.015824845461074755,0.16333202497874957,0.14790671227463315,0.6144494596798133,0.013771858085372296,0.0003252838048606493,0.011367154709531025,0.02674617658016404
6868536,0.009593749375977198,0.022873829889213087,0.35695930294283496,0.05960916457138104,0.2933530183117975,0.12589249249061923,0.0007816207358235874,0.025223382331118153,0.10571343935123523
6868565,0.0021735918015478727,0.012675116858374903,0.059054300271782885,0.04110809650332228,0.854032535021637,0.012111262638501305,0.00026201367577392294,0.0066545096609468566,0.011928573568113065
6868861,4.599461850203722e-05,0.008819484744165095,0.00011960496099649073,0.0012650073524837111,0.9884436411146684,0.000466639267248466,3.232093038844111e-05,0.0005577148001716249,0.00024959221137562797
6869275,1.1879606219256178e-05,0.0024961102800887267,4.6376170848201876e-05,0.000788483400505308,0.995667492732255,0.00038771952157969607,1.8630699759176215e-05,0.00045058481927316956,0.00013272276947170843
6871418,0.0011503908252295,0.037791909404205744,0.4694382007612252,0.04539843799891809,0.06479386336984835,0.2219094799031549,0.0007452606940876661,0.12441588265543423,0.034356574387896355
6872996,0.29623392840672014,0.003729425426875704,0.0013202165944528835,0.0008385536089735473,0.028578701716801685,0.6269435007399606,0.02005307036812535,0.0017889332082247568,0.02051366992986535
6873817,0.0019104827340114844,0.007241071641750733,0.0020262633549406337,0.0015736695256566675,0.9027462602380164,0.07147622699706956,0.0006349637633276796,0.0037923633198403976,0.008598698425386624
6874023,0.00011106412355944968,0.006918032247372779,0.001000629812137651,0.0016712200532110692,0.0032153183734612415,0.9693265239049242,0.0012989311849090804,0.010923716091335833,0.005534564209088732
6875504,0.00013600336074514948,0.004104352760996058,0.007932307746364267,0.0012181436010149703,0.001295394799939979,0.5541544371829118,0.0033521802705310817,0.006097843572355555,0.4217093367051412
6875899,0.0004671366334528477,0.004201573702746474,0.0019116801018322018,0.0004964666809860266,0.0005426122032678604,0.8826652857343831,0.055012712493977704,0.001899197810913182,0.05280333463844055
6877293,0.001232773745162306,0.0018180613733780968,0.0032030781319111997,0.002280396007180968,0.0005233314333887355,0.006036522189732967,0.0027218134817563384,0.004014441769406462,0.978169581868083
6880408,0.000427016562839343,0.002834821618507641,0.0015980990006571496,0.0016642462140087646,0.0006535294011364597,0.9275427579889485,0.006763967831934803,0.0032881323099091253,0.055227429072058326
6880690,0.00025289217033279426,0.002118094501323739,0.009491328690376907,0.002164401927087735,0.0013035473726054235,0.645571936868688,0.0033943756736166822,0.00507283079341603,0.3306305920025528
6880833,0.00040778209615563427,0.00029040183338830273,0.0022786360644900683,0.00022856656786954388,0.00016311197288771645,0.011218414506757656,0.3849704130858681,0.001227136530892411,0.5992155373416906
6880956,8.192446513233957e-05,0.0038127119652856703,0.0004705246710372456,0.000612750039001099,0.0007217400792140835,0.9828948812414755,0.0017382450571319056,0.001908169213710707,0.0077590532680115445
6881733,0.00016179918803676285,0.0001754184062552232,0.0002028110787863006,7.091377417755902e-05,8.841068836317247e-05,0.009241733806542295,0.9833670558877345,0.00021849259407479495,0.0064733645760292925
6885154,0.013081894102549554,0.008692794511982745,0.0029084971024601306,0.0020957067607317434,0.0036377047970708727,0.8030263826963979,0.041799328308489675,0.008435695738864274,0.11632199598145312
6887294,0.0008654825255974373,0.0008107785131725468,0.005653777808841368,0.0006059955720048668,0.0007537073208622347,0.22300613834292204,0.0016885954155296684,0.0024872136078929164,0.7641283108931769
6887586,0.0032674521746821235,0.00043332523311423134,0.005208062197097778,0.001412910883041219,0.0004569679577566843,0.030399859821856768,0.0014088950060527974,0.0026703316957492258,0.9547421950306492
6887600,0.0008771090111700812,0.0001933307895855305,0.003045970435400209,0.0010470041739799427,0.0002251508099160567,0.004674677307439557,0.001042987802399282,0.001874502894334738,0.9870192667757748
6887637,0.002397853295496324,0.015736355315534818,0.009731511879382126,0.004699013597026719,0.007313833344988662,0.05114324579830438,0.003833133775582652,0.003717360044522289,0.9014276929491619
6887702,0.00736049227074033,0.0004155325258856957,0.011368983866827382,0.00041024692578774547,0.00024733656289629356,0.012730278190069673,0.020968568248256807,0.0024300757995611042,0.944068485609975
6888243,0.0006754694288397383,0.011107327616857723,0.003334931692873863,0.0016543161830577069,0.011789669618342585,0.04742928544952574,0.002407663096297084,0.0034886220996513478,0.9181127148145541
6888737,0.0003542664097091566,0.0017546841058257209,0.028145487070316853,0.0036521574969486867,0.002849656418841498,0.027101891598453835,0.001603558187108085,0.0037915413234773615,0.930746757389319
6889024,0.00482618714883688,0.00024938880322336696,0.008949878352641744,0.0003345021434953872,0.00016784021752532625,0.004873712868750495,0.06746338955050475,0.0025609120145081623,0.9105741889005139
6890285,0.0008188934744590632,0.004340653606092501,0.0019515038687433475,0.0003734234299247839,0.0004357384758307404,0.16836329829654356,0.7906049628429791,0.001422991580701198,0.031688534424725696
6890416,0.001079654896539461,0.0034389389064031026,0.031513094107601086,0.0017773967169064135,0.0010524953147713252,0.15374426018692558,0.028936663243708523,0.020238288649336484,0.758219207977808
6890579,0.00045189046568672365,0.00037259835915825937,0.022591544274592718,0.00032525772709194315,0.00013389098911360066,0.0028584802891990268,0.021707107006452717,0.0017622850746516416,0.9497969458140536
6890917,0.0006540803840131428,0.000696823245215958,0.01585975122309946,0.0005573932032526028,0.0003169840942568054,0.037366446718652045,0.6596579815471624,0.002463855586438325,0.28242668399790927
6891091,0.0008964295447674656,0.00035383931853909847,0.047610411450626486,0.007512194153559756,0.0007618089808936696,0.0033990060191774274,0.0006196367245182445,0.0046751616185594395,0.9341715121893583
6891208,0.00018406091650861574,0.00019232468443054198,0.010140843948669338,0.00012420217829544036,0.00010063479404980719,0.007437496987099929,0.010864463626648946,0.0007554334750736655,0.9702005393892237
6891245,0.0005875224880902253,0.0007212936769637988,0.005952196924601439,0.000351250721748465,0.00039579606292547333,0.05880612059324159,0.19271528166082294,0.0011180891389376375,0.7393524487326684
6891309,0.00010957884757852561,0.0004562439802992041,0.0011275760743953845,0.00014839723777172563,0.00013462553410801333,0.008161151994245159,0.010841564307870435,0.0009972090288902465,0.9780236529948413
6891366,0.0007281819335724363,0.00020866272240008428,0.0006348386295321114,0.00021798324174823213,0.00015273404272094803,0.002363596605140257,0.014842210404148532,0.0004268905536964988,0.9804249018670408
6891473,0.000805436345887528,0.0004845959458552877,0.018473796763368036,0.0006718177802950773,0.00047338758535061246,0.03642517163984635,0.002277648594495387,0.0027084351970430285,0.9376797101478589
6891484,0.00013004989590422583,0.00011259583001753745,0.0008327862331910754,0.0001283875935724393,6.23540967427109e-05,0.001315405214618699,0.001961991386423191,0.0005681987205650472,0.9948882310289651
6891531,0.0010689947041970856,0.002018126164756337,0.026036041085268566,0.0006448868221977283,0.0004580267990592018,0.07778296350001274,0.2675312276096674,0.0025330151169488794,0.6219267181978918
6891557,0.00034261329913729455,0.0005125456851717595,0.04335153228561493,0.0006185952452318057,0.0001595565305309305,0.002327685479669732,0.0012011916127032593,0.004105410029466264,0.9473808698324739
6891579,0.00037563888130758016,0.0005808521999490583,0.01841809733611964,0.0003948193156633511,0.0002851084812007946,0.009396667255328782,0.048020012732452454,0.0017019402482403175,0.9208268635497381
6891867,0.0030470084781114414,0.0004393155575350268,0.01393179428083723,0.0002670781494710669,0.00017906620837583175,0.010244874234694711,0.9164273211149676,0.0012231902364272106,0.05424035173957987
6891888,0.0006696155483717991,0.0003026506888001687,0.003563419819546308,0.00043223401692107867,0.00019461589788570465,0.0020207242011849383,0.004898443250855277,0.003614716508685354,0.9843035800677494
6892297,0.003367060308680421,0.00022777429788490322,0.001567740811922036,0.00015405186624496863,0.00015931883021889014,0.005813436034135744,0.24510798814386334,0.0007560123485773658,0.7428466173584722
6892562,0.00045813642174490456,0.0004492741705340403,0.0019298853835273398,0.0003197170461651271,0.00019662373174392827,0.0064796092295015964,0.7663574107239013,0.0013964605373881507,0.22241288275549356
6892587,0.0010055196880902522,0.0006043542447127645,0.005989349535544098,0.00036977541170173827,0.0002910784794038074,0.04981322222640865,0.1360572053055003,0.009222827406913924,0.7966466677017245
6894293,0.0007898204215856076,0.4523094344135733,0.010359231141047594,0.02190634429983598,0.0340340395582048,0.4274060232857362,0.0009210143877323848,0.02605152227290659,0.02622257021937757
6895609,0.00032727934136091526,0.002196390752009541,0.07766852441804295,0.00697279450008279,0.0006326196932742506,0.007286758990042836,0.001659669842981495,0.036445382347592745,0.8668105801146124
6895723,0.0009390273711971699,0.00021787159365630653,0.0013014351709633193,0.0001563573693561211,0.00017953737961569268,0.9616023277268506,0.02828849014252233,0.0008386764310077307,0.006476276814830622
6895905,0.0005742372157024493,0.00047871561771468604,0.011286376221972535,0.00021646602236909126,0.00034143364043534737,0.7724651677526108,0.10082812134014359,0.0018714391258030855,0.1119380430632485
6895906,0.0008022247064521929,0.00030626461398544923,0.03557236995697259,0.00024416375029637384,0.0002481633125928692,0.9160714371038984,0.02451616783143132,0.0014224004594639537,0.0208168082649068
6895927,0.0013204942304002887,0.0006275199081761385,0.006013699197160356,0.00037502194241125153,0.0005502957977594544,0.9543932809350889,0.009130707492546063,0.0018412744250473696,0.025747706071410192
6895938,0.0006877819619943591,0.00044513121511971195,0.011736960301084867,0.00022379895639700826,0.0004621646495874862,0.663378225742379,0.2660053245780056,0.00236736260886144,0.054693249986570464
6895939,0.0006902530678119669,0.0003427015227241903,0.003856550980999985,0.0001626920052007597,0.00028069328218796174,0.8893127309441371,0.01935399391739725,0.002320794362541592,0.08367958991699934
6895948,0.0003979237475633706,0.0003013472934717147,0.0022861625646913935,0.0001555114712926604,0.0002525626384558668,0.9044163242731683,0.019245192333991124,0.0018762410845469901,0.0710687345928186
6895973,0.0007562338040181876,0.0002935588875375904,0.04485895687706895,0.0002254033931139488,0.00026834999676969844,0.8410841346742317,0.034458255087706106,0.0024514552595978735,0.07560365201995613
6895974,0.0005388133906611584,0.00029426917989859173,0.0041765017495158365,0.00017426275922149858,0.00022213700098762179,0.8149562536961172,0.1146335218510229,0.0015981697639779685,0.06340607060859707
6896754,0.0003023323448027918,0.0003988296252612437,0.003396575001915567,0.0001940455290017918,0.00016441694335115012,0.10467203957466853,0.07322365824229989,0.0012850199062894125,0.8163630828324098
6897915,0.0005025615729914147,0.011972352581765551,0.12121485660728855,0.012832952822881398,0.013666510620187613,0.2554689853530979,0.004302440014098069,0.2347758967562373,0.34526344367145206
6897964,0.008157914095288196,0.004174992612590394,0.044879044759609694,0.008203219445066271,0.021518312712799,0.03638598744400712,0.0024535717963488227,0.00659928438496272,0.8676276727493281
6899282,0.00026288606595715715,0.000377255046929133,0.0006571695969772021,0.00020677474143270823,0.00017406727672093647,0.062479660549413445,0.5378879430170199,0.0009874299917225831,0.396966813713827
6899294,0.00046333154159884535,0.00021761027357203034,0.00150014525007048,0.0001967069924522401,0.00012795610338118293,0.0029986541935987546,0.9365389497080103,0.0026033556073753535,0.05535329032994073
6899376,0.00026545388392763033,0.000878043661437787,0.011020148446399557,0.00046532050553482556,0.00022085832609740558,0.005903949257213398,0.06952490618276456,0.0038589667452061023,0.9078623529914189
6899506,0.00039101587825451304,0.00023879445527385094,0.0005562732242262743,0.00011158552449558035,0.00011822815188511849,0.18343770667056886,0.7919675658860696,0.0013368022597299962,0.021842027949496245
6899530,0.0011671846164067101,0.00037063554252871224,0.0015452847811032464,0.0025191752266379695,0.00031483569490847247,0.015267781143593033,0.0010197112843563934,0.004439833385608421,0.973355558324857
6899560,0.0011724727677063151,0.0006171298718184234,0.0025318697147720896,0.0014116727841725451,0.0003353946764912046,0.19948467837538067,0.03253365492083081,0.010504106654392912,0.7514090202344351
6899670,0.0003616299341854317,0.00019214178975307612,0.00025888704454001525,0.00016431325141452746,0.00016245325315393622,0.013590518933761413,0.002562147110954292,0.0011144362018073969,0.9815934724804298
6899695,0.00020892368943632343,0.00032490696712635147,0.0005968055441886433,0.0003555277982816801,0.00021418915955347467,0.015026057163668819,0.002697932883995876,0.0009829167896833087,0.9795927400040655
6899730,0.0003922052395017722,0.000733254804856944,0.0011018192393772908,0.00033321650203547293,0.00035880751473464184,0.05584815762583406,0.20304426372221326,0.0030032048654201823,0.7351850704860263
6899754,0.0007633697543318213,0.0006043835448515325,0.007158329955014533,0.008230207122822283,0.0008127308186907853,0.017279609330391806,0.0012697223790732802,0.007505002776992018,0.956376644317832
6901206,0.0003654328553061593,0.0014881947886198385,0.007789243446182406,0.0007267871942980961,0.0003653175999569364,0.309622253673616,0.3717535114767123,0.00581640533133567,0.3020728536339726
6902131,9.18251440772165e-05,0.0004221563931002663,0.0003339151586495995,0.00017439058585419539,0.0002844989933560501,0.946038151102987,0.047741755999355276,0.0017716903975698013,0.0031416162250507075
6902271,0.0007193099915741412,0.001935284106168784,0.005912766228388077,0.002057993433609616,0.002637232545560444,0.05078521907244978,0.0006779198494086847,0.005072018066333497,0.9302022567065069
6904326,0.0002965520170626124,8.313926426575028e-05,0.00018072411156429274,0.00014069528588272893,5.042157290220474e-05,0.0010225106595847843,0.0019966697739422314,0.0007218362984931366,0.9955074510163023
6908023,9.427820822502253e-05,0.004031390295598712,0.001445923300765034,0.016481026579505977,0.005409899986830356,0.9592536057924076,0.0008623470222080221,0.010931640230321692,0.0014898885841374792
6908625,0.00028405174762873497,0.0003315782645307057,0.0022754583491884283,0.00018581710485528877,0.00014103445372034057,0.3821872737947646,0.38492166731901517,0.0010102375621265328,0.22866288140417035
6909657,0.00020395392430222584,0.0001398363395259057,0.0004147757259788811,0.00012074327692520532,6.080158836096454e-05,0.00179698783616705,0.04677672191406774,0.0006841121453737432,0.9498020672492984
6909786,0.000591139092569417,0.00013270629464372973,0.0004306181895594126,0.0002136698054224725,8.3126927961448e-05,0.002969655104759378,0.004280061865508755,0.002904509299569122,0.988394513420006
6909952,0.00023216233022656062,0.00010893723709662772,0.0005728779597721631,0.00011994319349873762,5.647207159491094e-05,0.0018206359823136815,0.2621594204388232,0.0011942688086065878,0.7337352819780674
6910003,0.00025002330363964206,8.86070981863607e-05,0.0003139455008346918,0.00011550117036877436,4.259980070747259e-05,0.0010183848688393854,0.009806587546435533,0.0004459549806015927,0.9879183957303866
6910407,5.9612044889347317e-05,0.00042692199046359154,0.00015683012152321066,0.0001957587202045479,0.0002740130699985959,0.9945256974440995,0.0008945847182910645,0.002223906860667503,0.0012426750298625633
6910422,0.0022576041524433256,0.00033826603578270573,0.0019215096218309655,0.0005477489168866874,0.0001340323719388251,0.00955649377081728,0.34515212760336395,0.004862235903480429,0.6352299816234559
6910425,0.00041758112274110877,7.779285158755646e-05,0.00023256049250898895,0.00013984053082262356,4.8869676347802535e-05,0.0012016874442331842,0.011231997264226279,0.000524666587668552,0.9861250040298639
6910560,0.0006871021251732529,0.0006135840953071208,0.004987166507130809,0.005375029075908272,0.0002432123781232212,0.00636255127417937,0.0014982028037408871,0.08792973225755737,0.8923034194828796
6910590,0.0006336358569279515,0.00010613432059627282,0.00038291238983138945,0.0001665667555498873,4.870972073891777e-05,0.0018616734585745367,0.021135960458126483,0.0007762566054636324,0.9748881504341912
6912744,3.6285229090722496e-05,0.0009879293021554324,0.000125981020528432,0.00020986650089976303,0.00046741199277702193,0.9919206742848822,0.0008653319067952432,0.004084808664605566,0.0013017110982655163
6919118,0.0003688949524746262,0.0009104767353364656,0.0017009859782156805,0.0003851751545146323,0.0001977840532468936,0.568265228138443,0.11645496857079266,0.001739628526178143,0.30997685789079793
6920152,0.0002972258274725499,0.0008712063740341868,0.005612808322678322,0.0003545147067768417,0.00019583898269093166,0.8407457906883418,0.08104677146092325,0.0026355303475642153,0.06824031328951795
6925791,6.872248395941089e-05,0.0004949511853888976,0.00037560685206153554,0.00022547392286235336,0.00012928825273935955,0.9798042888572015,0.00934552017826715,0.0019971811367278025,0.0075589671307918944
6926246,0.0008236499017845535,0.00028402765626682074,0.0003604566101787896,0.00013064527127276706,0.00012452857883059456,0.4813609955020047,0.5125559891198671,0.0005661343553680651,0.0037935730044266714
6928841,0.0013295584947072797,0.007547852884565764,0.026221468095883705,0.17807053471060355,0.007217562153322653,0.08067306166746446,0.001210471671254934,0.6851974400416244,0.012532050280573142
6928933,0.0004010796992673895,0.0013445332627957504,0.0003801759682921949,0.00014016697343105798,0.00032601395897178105,0.9245494944635793,0.06933825405528571,0.000741380873185233,0.0027789007451917295
6937241,0.0007793473789458283,0.00015802584859700268,0.0020117775878625305,0.0005229771318417828,8.676409591946533e-05,0.0021475182866427744,0.0011161331691837497,0.007981174928654402,0.9851962815723524
6938426,5.327624966113797e-05,0.0001139583171047383,0.00011762704512853176,6.180979631554376e-05,6.170745384799694e-05,0.9912640372326076,0.007228401326323881,0.0003668266905383107,0.0007323558884721364
6938530,8.252601457033246e-05,0.00017750188383034506,0.0001443518906528413,7.334758469622565e-05,7.345257326550237e-05,0.9550682246171517,0.04291268951073768,0.0006470226947934666,0.0008208832303018089
6938682,7.228387838477832e-05,7.408754461209596e-05,0.00019954962163099948,4.236185563109053e-05,3.762925826141005e-05,0.02107267222083047,0.9360275568888089,0.0004101537880018359,0.04206370494383836
6939166,3.466889685798676e-05,9.991224164443163e-05,6.855299543123888e-05,4.9448036627942024e-05,5.07241985730898e-05,0.9853743448957248,0.01338874656410756,0.0003318472561413338,0.0006017549148915176
6939222,0.00021789623550206336,0.0001078380549154219,0.0003799322030468441,6.48191395320548e-05,6.256414878374949e-05,0.039093119981352176,0.9555416136290111,0.0008611285860384557,0.003671088021818058
6944591,0.001334967962869019,0.0002901539284079831,0.0019305278976810656,0.0001141813875866359,8.07040577935476e-05,0.4885555647292287,0.5011152894583739,0.0010657324541666052,0.00551287812389237
6947293,6.204768648647556e-05,0.0004608384861382673,0.0011969342613563775,0.0001392298131647145,0.00017709727800261307,0.9890950678189454,0.0031191115730961555,0.0031095456724398282,0.002640127410370045
6952804,0.0008136634847107762,0.0009687034639895462,0.2558848633059618,0.000735453258922639,0.001471801869310755,0.5588249611126118,0.024923590125660137,0.015379754776738743,0.14099720860209372
6975207,6.731684733154162e-05,0.0003283959591889146,0.0006431692633927039,0.00011315787391419641,5.796790060255844e-05,0.9950529343870543,0.0010945083790814473,0.0016245488299604033,0.001018000559473961
6975472,3.535779415871208e-05,0.00019476613506484345,0.00021563548800390282,5.133157882238674e-05,4.988565700637835e-05,0.9928405203272199,0.004184432243128547,0.0014837211261809445,0.000944349650414485
6975490,5.4930712829442755e-05,0.00020205530242302705,0.0001334961912327669,4.9311497974738054e-05,4.084847132793251e-05,0.9950639494874511,0.0006673526717821251,0.0022407649919906126,0.0015472906729883382
6976427,3.846685708571643e-05,0.00022725527317183998,0.00010332491897930542,3.412447921716228e-05,3.8778444235531716e-05,0.9944283332162336,0.0008009978479951777,0.0018227629884911335,0.0025059559745905973
10551287,0.00045673306315610287,0.0017058839040030454,0.00037100363151694004,0.0005767909365013108,0.000794195002998634,0.9846083119378253,0.0061947594546312495,0.0009625971195112232,0.004329724949856426
10554874,0.8573487258467629,0.003955607403811015,0.0013033548781485487,0.0017477204526605132,0.005565724557211028,0.0951207900606904,0.01366238416149727,0.0018592238830364269,0.019436468756181848
10555071,0.00024511926529451555,0.0007578742280814043,0.0007044218387508675,0.0004282562046630425,0.0002296892861698192,0.9185100807576927,0.017243005466550037,0.001742231733820274,0.06013932121897743
10555459,0.0005488310912415111,0.012361347395028272,0.00827962814339128,0.0044958631972681715,0.0012967889295520197,0.3934898111932929,0.003822255378809578,0.2696990245145995,0.30600645015681677
10555968,0.08395517686457485,0.01820940279418586,0.005032665721127586,0.22335665432847895,0.07908000962723342,0.2703809229835334,0.0013967423177135632,0.07596779598071877,0.24262062938243364
10556692,0.002442484412685984,0.0042594042502002724,0.0018983119479100553,0.0016368240685692827,0.0006735577523702621,0.2118104146198139,0.012793277522703593,0.018267084789539985,0.7462186406362067
10557065,5.1647314875415443e-05,0.0031731346302579576,0.00010070951210739547,0.0002727819735737176,0.0007192529623736147,0.9900335402647684,0.0024499599689999196,0.0007387460656371552,0.00246022730740624
10557235,0.00041528732286708433,0.00597637089218451,0.0032572354719930335,0.015922913045932248,0.002493785340237836,0.9125155395872908,0.002583778022498456,0.015454649125994886,0.04138044119100112
10557310,0.0014518108086259609,0.0608608020626524,0.0015514475681122715,0.004175775329001934,0.02404176636824595,0.6462780258105167,0.0009530773200453335,0.005338205215754806,0.25534908951704477
10557603,0.00019989491949062114,0.0045962062941886555,0.0002899986848374798,0.0004894236645287705,0.00047748171035134657,0.9644406431179721,0.003077982631470591,0.001790441549888715,0.024637927427271833
10557649,0.00014598752408495158,0.0032687398684819995,0.0010034403540808263,0.0006825300726370599,0.0035996602592289297,0.9779199333524835,0.0008968336846195671,0.004322374154565855,0.008160500729817222
10559369,0.0006534689269292871,0.002047650615109651,0.00031564403193288403,0.0002592585628497831,0.0009137898763864257,0.9741185708614774,0.01208486523199779,0.0006936333047015433,0.00891311858861524
10559516,0.00011493466158127603,0.002376088431124762,0.00015614921200529744,0.00018690137302728265,0.00041493727742108924,0.9709215723902787,0.004932393910433267,0.0005915987191366344,0.020305424024991615
10559765,0.00020673949663624493,0.018680762845190626,0.00044787163292954235,0.0009116494531145543,0.000942641433497577,0.903919146737926,0.016137517273654832,0.013125500129712574,0.04562817099733803
10559904,0.000934279027935445,0.006117072233194855,0.0006137594975388479,0.0010870616636614462,0.0013673193542123698,0.9249428593373548,0.030823652565760435,0.0034417085191636248,0.030672287801178266
10561136,0.000666133567208819,0.001678842860926637,0.0003076069874150883,0.0005656586013201177,0.001191925658322523,0.9771289926339956,0.0038778397022934943,0.0011194100903017586,0.013463589898215918
10561583,0.000910328229699676,0.001285992048155723,0.0007091597537316014,0.00031332676869775454,0.00042040461666172297,0.9599068156448352,0.006495763960907561,0.00234387217026847,0.027614336807042273
10561870,0.00013536844226165655,0.0009084690696364853,0.0001169990801159302,0.00010951930064999107,0.0004011081728711677,0.9618136389973758,0.03354057390169642,0.0002770883336722063,0.002697234701720304
10562711,0.0016818090396948332,0.11498002355760582,0.008745919249907528,0.04023257071445877,0.1788987538244583,0.5023338571115732,0.0012981586377123994,0.01462651822141472,0.1372023896431744
10566953,0.00013426400155211566,0.00507042981829038,0.00018391000693470443,0.00025631208019793686,0.00021619703986476438,0.9102562891800922,0.07862212945030204,0.001701121652198216,0.003559346770567783
10567563,0.0041385501923717,0.006391976020198427,0.000510787182108084,0.0006493680094711111,0.0021451412078832013,0.9364561552533063,0.014794263596270956,0.001530440563013037,0.0333833179753771
10568512,0.0007628790557683449,0.0005376231391009097,0.0004888381218587364,0.0007221666751695796,0.0002630517565295885,0.49474332830908085,0.476764964477038,0.0012120555636690575,0.024505092901785035
10569249,0.0002945907803891294,0.0005288211515386989,0.0002187066187386982,0.00016736100737681374,0.0003368089891270634,0.8594717593955054,0.1109990726962627,0.0008464819949183232,0.027136397366143334
10569900,0.0008311827850574962,0.047369682302907154,0.0014983074939787934,0.051537173002228064,0.8014656680818448,0.024052740958875784,0.008448156150129293,0.009495937150938832,0.05530115207403981
10569996,0.00046856833596407843,0.0007068621826034503,0.0005143033443209311,0.0011656042303261128,0.00034594651416251256,0.847973097700563,0.12958418811237774,0.0019504696590563102,0.017290959920625813
10570047,0.00023016294534698733,0.0019526484734915352,0.00025286890068091365,0.0003389303364454098,0.000779255849271589,0.9803953680502486,0.010569413200200878,0.0011127792353869362,0.004368573008927126
10570186,0.000789760726097278,0.0018154120097070019,0.0004942551787497989,0.0011804539856953345,0.001086931621622647,0.8619829815679771,0.08709654898511086,0.00229439180713577,0.0432592641179044
10570190,0.00017786483493772867,0.0014469314273475031,0.00021490731544654028,0.0005508724632121311,0.0005554222157397679,0.8900751981066556,0.10093940920222702,0.0008961885321543863,0.005143205902279415
10570281,0.0002621958218174476,0.0010051202546185137,0.0003934410940946995,0.0004304732660116735,0.00039585361286774374,0.9321201598921547,0.0533927846225,0.0013132838292183781,0.010686687606716991
10570444,0.7357431858764385,0.0018965621241415842,0.0011006966989632217,0.0076007394756434955,0.0023685184205896456,0.2097827568429875,0.012862570061885526,0.0067241610109554685,0.02192080948839511
10570516,0.0009893370535406002,0.002283380634915919,0.0004530901558372258,0.0008871576901663659,0.0009489268229379213,0.9332501161386916,0.0383217155974323,0.002372675917516947,0.02049359998896129
10570563,0.003577726701344196,0.0005644751948307281,0.0004893283415470739,0.00047827515564822235,0.0003382309678566496,0.5191510515793619,0.3853558397418911,0.0033294189458350477,0.086715653371685
10570908,0.005907860303105082,0.0007419546416229266,0.0004882926078989271,0.001837954275097465,0.0008992888006847744,0.7180903132117831,0.21693527777499236,0.0030846309761362023,0.05201442740867925
10570962,0.0014213367543568114,0.014187717458874718,0.004396017128314482,0.0022884572385787724,0.0018331854451718685,0.18530348571907246,0.013093917774773749,0.35198176540322484,0.4254941170776323
10571126,0.0030790252170191713,0.000580319305735516,0.0006917645276924367,0.00039841106366960826,0.00031248310630546005,0.8796594250525129,0.0346414451432723,0.0035407011156641144,0.0770964254681284
10571129,0.027245248292088197,0.0013835622853661687,0.0009580287517025809,0.003760064276402814,0.0015933226282565946,0.9372975415305251,0.0023380791824219125,0.006102173657524353,0.019321979395712414
10571130,0.010877464284997192,0.004977918285807472,0.002418145535021504,0.018167431724182344,0.0038223620794813895,0.29823489422085697,0.0019700685549752252,0.013263889947677125,0.6462678253670008
10571150,0.001277881252649145,0.0017009767569647941,0.0005896194503862514,0.0007521851842253924,0.0007748192689670248,0.9515087151800898,0.011672525319753522,0.004899451523818006,0.026823826063145956
10571157,0.019581861221725415,0.0009309740041980629,0.0027710128732352673,0.0009899425817811263,0.00048396803365512766,0.4512239913042063,0.4355136960729771,0.0090268655962313,0.07947768831199041
10571249,0.000983349553666588,0.0007712286161916478,0.00026139592838496595,0.0002920224638141868,0.00039084044903294016,0.9266836685798038,0.025786313775846,0.001142505612661103,0.04368867502059881
10571563,0.0005858592197877434,0.07856166366979805,0.0014336879840630783,0.0018847178859809533,0.01338009627531346,0.8344165537123698,0.010256456817619908,0.005657836627560339,0.05382312780750668
10571600,0.0006958236681352513,0.0010596239861995185,0.0002928153776142857,0.00040594576600762723,0.0007846570583002211,0.9526506506059966,0.013740111588418228,0.0012506086988506475,0.02911976325047762
10573894,0.001976610463088951,0.0028687264787664248,0.0011550530377114634,0.010190396679981515,0.002315479424449103,0.9159349571775698,0.005851867023596324,0.021907152178043784,0.03779975753679258
10574347,0.0010509135341627003,0.0008448235709352491,0.0004107235665249412,0.0009157471272292104,0.00042391226796624693,0.9707007490701854,0.011447315155715494,0.0018541307468795012,0.012351684960401219
10574370,0.0032258696570907413,0.0006379418042037308,0.0003302433334594413,0.0010210794114905424,0.00042612036856272715,0.9525939507391398,0.010701045976723689,0.002000448233255417,0.029063300476073778
10574372,0.0013291602578437303,0.0011678223960576968,0.000832417288137572,0.00030885800214577733,0.00030762688073993197,0.6997482406048143,0.2669609774609928,0.0010723210928901851,0.028272576016377993
10574408,0.00401581597806852,0.004371726758570488,0.0007367711086307074,0.011959415921271196,0.005380608889786583,0.9389791677449801,0.0007788234395987932,0.00499589052082602,0.028781779638267467
10574430,0.00036691280215549963,0.0008175853260659956,0.00020433848722997594,0.0003283473062256758,0.0003999844165623478,0.9731407715023046,0.010015336905958142,0.001021145530462235,0.013705577723035711
10574439,0.004974073765995107,0.0009699767402696216,0.00046446503756966077,0.0013440182418974563,0.0006329325715921569,0.9573476869639092,0.0050998385915671345,0.0023111962043574435,0.02685581188284228
10574456,0.0035882622630396613,0.0015329131632287878,0.00034723693857503974,0.0008293896295001034,0.0008880946177492472,0.7511583114554264,0.006307890155283937,0.0015900362433546918,0.23375786553384217
10576038,0.07212632374843456,0.003971041324018913,0.0007721486490081848,0.002741956757288363,0.0024314730654884484,0.8830025443052432,0.007753262946433085,0.0032286959363197272,0.023972553267765484
10576770,0.0017691803745423966,0.0015339299308279842,0.0005129579025000621,0.005014406590222648,0.0008992572202562068,0.9454053900348417,0.004460140517100772,0.00385978276683292,0.036544954662875474
10577118,0.00025566174427556475,0.008364485977608336,0.00044379148347935445,0.0008504957886173793,0.0008123832282312154,0.8824410080409012,0.01949720067953629,0.003843859590171147,0.08349111346717948
10577354,0.001023609241600018,0.0005953781847508539,0.0006681606625104854,0.0001653881742642323,0.00024435858398599354,0.6038133628618406,0.37523902788958985,0.0010746594931176877,0.017176054908340146
10577622,0.00012757338956926651,0.002155143026981707,0.00038827132697271207,0.00047277068691163246,0.0003265537432230801,0.9611274189206485,0.01504195435647122,0.0022179755469379833,0.018142339002283778
10577723,0.00026589875110671684,0.00030941785354108046,0.00012323847618777488,0.00010815622748335038,0.00019785730397010477,0.9696551167123567,0.0244142275489303,0.00037152475338787225,0.004554562373036011
10578130,0.03532539811094624,0.0038917899270590633,0.0017148133347269546,0.008606287875769022,0.0037796353196908284,0.7791039492865159,0.04925775258174185,0.00542586675946249,0.11289450680408762
10578295,0.00037743774398547034,0.0006941282281386223,0.00035227305992826293,0.0006648415820894597,0.000363773045636393,0.4579352506314648,0.5109279720844501,0.001546766590851495,0.027137557033455453
10579132,9.225323882083392e-05,0.00016972226124894007,0.00011380570199424912,0.00010824175471961398,8.456030525568797e-05,0.521246574248793,0.4735682738605455,0.00032499292728709587,0.004291575701335228
10579372,0.00020263997220472908,0.0005187850853002787,0.0003722572778148792,0.0002028021209605064,0.00028126982626796394,0.883728342949513,0.1032161297484605,0.0006901987095946662,0.010787574309883537
10579452,0.0003153630631786138,0.005337747162533075,0.0011446545789972097,0.004912893097870302,0.019792806364128543,0.9392812886087754,0.008004227237894374,0.0052711914441629214,0.01593982844245963
10579754,0.00024024860533850527,0.0013684629328417368,0.0015178972757329183,0.0015523147998999936,0.011505323190408558,0.9376438342924446,0.005873597029781769,0.023133681282916797,0.017164640590634907
10580098,0.00043955322008875345,0.007811445343109308,0.0010969596552254288,0.0006079670377261202,0.001030018606859883,0.843338234189981,0.11890243618034795,0.011593991317789171,0.015179394448872254
10580150,0.00031119495908673266,0.0007099306924492554,0.000292575994626135,0.0003517960933964824,0.0011230404230944209,0.9802791690575744,0.012961762384230278,0.0006969166523382647,0.0032736137432039254
10580642,0.0009914000269218683,0.0009944472669597203,0.0002366159228222978,0.0005094782207926136,0.0006542940428112405,0.9298414256861344,0.008022715993365452,0.0012900972360160076,0.05745952560417643
10580740,0.0008056406571701685,0.000635222880411401,0.00035249866243625,0.0003391767524514709,0.0003331053995422219,0.77841380531051,0.20076413550613179,0.0013677662057367376,0.01698864862561003
10580745,0.0004629892943878515,0.0005616138184811187,0.00035079153137483783,0.00024439509370255907,0.0002602934799555813,0.6568300086945567,0.3139170490102658,0.003871094540803663,0.023501764536472042
10580771,0.001330148904931844,0.0009319858980676832,0.00038189985660838665,0.001321266941136996,0.0005234543651563171,0.9393884704618591,0.005369893237929103,0.0060118154866170455,0.04474106484769341
10580995,0.0009858703036501873,0.00785310215352652,0.0006588168223591559,0.0012923412880058785,0.0005739965231422372,0.6928832170331872,0.04782898506787396,0.01205172613459465,0.2358719446736603
10581310,0.00032853504084025926,0.0011058836431708243,0.0003037383987007228,0.0003890386013541334,0.0005183736755390874,0.8451129559670136,0.13401236482625806,0.0008275653198417728,0.017401544527281307
10581368,0.004447033470998121,0.0036441387477938792,0.0021561975816413474,0.06298452408447508,0.00928875115420517,0.8014910004388737,0.0010636967087440776,0.04367436169095771,0.07125029612231104
10582173,0.002518347800746445,0.0008946605792593974,0.0005214612632495638,0.000982465401247096,0.0018541655950445994,0.9704726111329213,0.008769141839261406,0.002061992917469148,0.011925153470800837
10582418,0.32895582993036804,0.0015981805420648247,0.0011315043616018314,0.0017744946222865343,0.005835811760672211,0.6304199933617122,0.009274272061796792,0.002153229463831611,0.01885668389566609
10583009,0.0002338409952355601,0.0005624826042624602,0.00030129839973011384,0.0001564968471312814,0.0005055521962157044,0.8376897410634869,0.15662242387188316,0.00041917366597553124,0.0035089903560793726
10583434,0.0002299750355520219,0.012715053570811157,0.0007415106277482895,0.02084122074552204,0.001797706753249092,0.9276568214581922,0.004276353924306613,0.0034984834081766563,0.028242874476441863
10583521,0.0001195392198430102,0.0003004102109691582,0.00018141644203967992,0.00014743482804515512,0.0001942387528698631,0.4529727612756275,0.5369154284257047,0.0004986787932755198,0.008670092051625543
10584210,0.00016102109675976973,0.0006117794781754305,0.00024186328313614564,0.00011781750429854028,0.00012340586131017023,0.7505843449018376,0.22697513936532457,0.0007373547651091997,0.02044727374404881
10584222,0.00038928464517552894,0.0005311497354072147,0.00026735353183495033,0.00024712363075669175,0.00024368145818046044,0.9240019167843023,0.06757521618000135,0.000857409956099942,0.005886864078241525
10584314,0.00367571156091446,0.0005727277733251916,0.0010013634505734812,0.0004536994769350976,0.00024177883592640438,0.07128726563655066,0.11183906926391271,0.008218587795044304,0.8027097962068177
10584430,0.0004596100684261793,0.0003165902091230979,0.00013662421016946393,0.0001443901872629826,0.00017958706702512597,0.6312467323104579,0.3533686923895321,0.0005741573583920326,0.013573616199611005
10584519,0.0003577702800521954,0.00697429206193592,0.0007932495815058745,0.00044314796259917395,0.000778512943748729,0.9425695160991479,0.03900015949226146,0.0028639691295268346,0.006219382449221818
10584820,0.00044775074560251345,0.019621474078252592,0.0005463820087822929,0.0007674383415082763,0.016255276012455428,0.9315734976282231,0.017231280473144477,0.003905421764962884,0.009651478947068451
10585136,0.00027596352886209046,0.05033003615928127,0.0009094575060739603,0.02797994412932663,0.0031704502683261066,0.8841672491965296,0.007826252786239102,0.015083171977241258,0.010257474448120064
10586849,0.00038231119315931036,0.0010190252890032506,0.0003708279704947628,0.0006753161346025891,0.0009226751759747336,0.9839738164761013,0.009259086262250023,0.0009317849048587225,0.0024651565935551864
10587734,0.00505856409972593,0.004024497668702725,0.0009302962037096559,0.0005625699743688268,0.0012956853698768735,0.7958119055385644,0.14922718931551784,0.0026253821267828966,0.04046390970275088
10587840,0.0009503279878933247,0.001958931037984467,0.0007557216184841263,0.001008527594851972,0.0008261744015009772,0.9549051789141513,0.034743778846812685,0.0014158793246797073,0.0034354802736415255
10588529,0.0020172707519136163,8.408754140540648e-05,0.00022479189370110152,7.245434266694314e-05,9.333960415611578e-05,0.005015781928285189,0.937251825895993,0.000498155072909042,0.054742292968969646
10588664,0.0008795535885614813,0.00012545524718959048,0.000328399625176749,6.257319946940639e-05,0.0001348838088109713,0.030743186079400502,0.8689768118414005,0.00047150270964254416,0.09827763390034827
10588792,0.005707799075330395,0.00021751905845358998,0.00031439572940405053,0.00013981895129697587,0.0001649012763926633,0.007422404440775787,0.11005705478982576,0.0006384434977358553,0.8753376631807851
10589349,0.0003113334392592694,0.00019749500436417905,0.0004448562382738469,0.00013144426340786403,0.0001144780512818909,0.11153719620994629,0.09283243678545916,0.0009389356823968157,0.7934918243256106
10589410,0.12542649079748452,0.0009048517892061379,0.004109854809009444,0.0033975793468794275,0.0017540321234247288,0.43024078981658553,0.09059280565434305,0.013452854507085438,0.3301207411559816
10589411,0.0025685481776180756,0.0003762898054024394,0.0004512208699982814,0.00023885653649406086,0.0004374396526671262,0.0901326077492596,0.027649157389134957,0.0008968796453345027,0.8772490001740909
10589472,0.005133159227792416,0.0004568941064701102,0.0006837543270301382,0.000311253391079848,0.0005143365790932803,0.04002514783764095,0.1386599457672958,0.0014107550384937408,0.8128047537251035
10589485,0.00839946079430747,0.0004975456202719036,0.000969275468524773,0.0006386495292735445,0.0006594189782433395,0.06618627545524575,0.005927406322864047,0.002055250691452092,0.9146667171398171
10589763,0.00022140310766234197,0.078851612735729,0.0010642722957897117,0.013556367844539962,0.001705831213707413,0.8786182357399753,0.008451000031423428,0.012397252174296033,0.005134024856876789
