track_id,Clutter,Cormorants,Pigeons,Ducks,Geese,Gulls,Birds of Prey,Waders,Songbirds
6868504,0.009203351658592233,0.0211546934549575,0.172888226182446,0.15812127291395778,0.5696902105570865,0.01866785812506439,0.0006412648034961276,0.01570680313684962,0.03392631916754972
6868536,0.012936333740914437,0.02827656674091028,0.33525750885681366,0.06695814460337841,0.280978561141834,0.13122649467573494,0.0013543101845256017,0.030877680552657962,0.11213439950323065
6868565,0.0037323779984268684,0.018246610726641754,0.07288729069015479,0.05260900193921731,0.80696074042577,0.017514426130804804,0.0005559260128332295,0.010217152743633998,0.017276473332517014
6868861,0.00012369104683236607,0.014021705399118376,0.0002923319076279259,0.002442225103136813,0.9802992420579774,0.0009953712659377363,9.004039979405225e-05,0.0011686188811139242,0.0005667739384616176
6869275,3.6755220512014305e-05,0.004524124877820538,0.00012521679704333982,0.0016036533336561542,0.9915168234944813,0.0008465704272392627,5.51065779163281e-05,0.0009691613634824336,0.00032258790784857224
6871418,0.0019363062487095333,0.044861328444567465,0.433145456677836,0.052911490790772835,0.07287753366028009,0.22068430558398477,0.0013100581507144633,0.13109961641553636,0.04117390402759858
6872996,0.302409840737699,0.005896609069912724,0.0023158225045332593,0.001539225857751213,0.03686063796133624,0.593786289483097,0.026797074977982626,0.0030441028016650186,0.027350396606022943
6873817,0.0034058615906252844,0.011298498944459827,0.0035910751257687504,0.0028603578568711045,0.8693753409457514,0.08870409041911372,0.001263782207237166,0.0063127288151193575,0.013188264095053349
6874023,0.00026963291767924516,0.011110684631800247,0.0019498562318258543,0.003093761076210473,0.005575169566281996,0.9496850114140193,0.0024659486340287582,0.016760611541375366,0.009089323986778646
6875504,0.0003042381694473649,0.006530391760310717,0.011816221478140642,0.002188505601179791,0.002313028359159599,0.5398669690652889,0.0054426906688542194,0.009325619131655532,0.4222123357659634
6875899,0.0009526683131683907,0.006878804615962126,0.0033862255649848684,0.001006336634633961,0.0010901412857176837,0.846561723509814,0.06964002840993024,0.00336631976767564,0.06711775189811311
6877293,0.0023636329576442543,0.0033529932878893264,0.0055820764143788715,0.004111442708387981,0.001093161019650125,0.00987399992135394,0.0048212263664628345,0.00683986680475051,0.9619616005194821
6880408,0.0008929650364630668,0.00490577209666597,0.0029287177421333677,0.0030375960970733793,0.001309703004149235,0.8995695601598049,0.010730391965500184,0.005606457862620608,0.07101883603558905
6880690,0.0005338290172287738,0.0036150235531245225,0.01394294916306073,0.0036860774186894233,0.002335470943752087,0.6218856142983208,0.0055264245787359995,0.007933880786718847,0.34054073024036885
6880833,0.0008234093228123006,0.0006066383472278541,0.0038738063915419556,0.0004890371790351781,0.00036096716444126113,0.016261805997214877,0.3918456763049753,0.0022193921096126876,0.5835192671831386
6880956,0.0002068867142107925,0.006557992967291403,0.0009976644765774575,0.0012653636716680537,0.001466233337042766,0.970323869596589,0.003234150693644207,0.003517349672106211,0.012430488870870043
6881733,0.0003824735353069194,0.00041132994828951564,0.0004687110515842369,0.00018204561657311088,0.000222012271804543,0.01457809566280344,0.9726728090108381,0.0005012053924664332,0.010581317510333779
6885154,0.018590085988767043,0.012868303774269172,0.004803741226149033,0.003576640543988459,0.005875198439379086,0.7560224026136466,0.05288471947425695,0.01252525708603399,0.1328536508535096
6887294,0.0016411950652265763,0.001547532351272714,0.00888653779463879,0.0011908312824963996,0.001449139483177563,0.24272408059345424,0.00299502722389809,0.004243942642368746,0.735321713563467
6887586,0.005627793885665286,0.0009134450970973048,0.008561668603714278,0.0026463858208928357,0.0009581798674284613,0.04189230826088067,0.002639615284441606,0.004693086482321437,0.9320675166975582
6887600,0.001751868523372396,0.00044918393579327097,0.0053716339411638446,0.002054503406548131,0.0005152042728140871,0.00789822983211364,0.0020474089643296852,0.0034701703740901693,0.9764417967497746
6887637,0.004149071224015984,0.022559230412400866,0.01463769951508187,0.0076018023531770375,0.011319861060661913,0.06516584041462078,0.006328621479488471,0.006156327374938907,0.862081546165614
6887702,0.01160285553226033,0.0008731587923079456,0.017159245790225628,0.0008631564332652168,0.000547404293182894,0.018997778279729736,0.029768750743425887,0.004279633203820629,0.9159080169317817
6888243,0.0013386099245839172,0.016636330364496632,0.005633614960868248,0.002997544083097822,0.017553365015322023,0.061439947509155234,0.004201893656463805,0.005866748179375515,0.8843319463066367
6888737,0.0007526552468224856,0.0031767143368622067,0.0386070845685304,0.006144600660557091,0.004914873740236227,0.03731631569579099,0.002929377666512363,0.006355260097928397,0.8998031179867599
6889024,0.007874855850986138,0.0005472529682288628,0.013728854076717022,0.0007127839046804999,0.00038318217669146694,0.007944614257003818,0.08455907267954672,0.004451988785309079,0.8797973953008363
6890285,0.001553991522401625,0.0069717786894087095,0.0033952866890204483,0.0007665233398478828,0.0008807391361089308,0.18757141668125668,0.7545839412744527,0.0025552069108836133,0.041721115756619194
6890416,0.0019537056166306255,0.0055422316821480315,0.04069533275319427,0.003059909616085211,0.0019094171380624396,0.16944223920909526,0.0376882756184011,0.027318639636677054,0.7123902487297059
6890579,0.0009469668670260792,0.0007960159458409142,0.03201520228726573,0.0007043844889881228,0.0003168700105628033,0.004981115419751735,0.030884933874506085,0.0032230976994649272,0.9261314134065936
6890917,0.0012454953061120898,0.0013185131019351807,0.021955372835054856,0.0010784985975766921,0.0006489448741352437,0.0474796713601369,0.6290150292144858,0.004108921147407077,0.2931495535631561
6891091,0.0017440798690696005,0.0007554875376899938,0.06226350502995741,0.011816584017106531,0.001506479766915046,0.005787867282640509,0.0012509076784553447,0.007711143581327768,0.907163945236838
6891208,0.0004258609957782653,0.0004430308497972683,0.015713362615002266,0.00029889505808283816,0.00024732942566312044,0.011887391488310079,0.01671898485300731,0.0015176759289286857,0.9527474687854303
6891245,0.001140695775173388,0.001371982906912017,0.00916763576292039,0.0007179650289157776,0.0007994146649893982,0.07203242990130998,0.20963911940992452,0.0020355256248622594,0.7030952309249922
6891309,0.0002682893873292515,0.0009685607607591069,0.0021866572016916723,0.0003524785338252251,0.0003228970915877828,0.012984515750191225,0.016766105439833832,0.0019577490399920205,0.96419274679479
6891366,0.0014784227199626937,0.00048004627119067325,0.0013067115479436452,0.0004993022400922041,0.00036251416482647065,0.004265782812242245,0.022291097105154103,0.0009142555566331409,0.9684018675819549
6891473,0.0015848827873022693,0.0010032538762816893,0.026574774798730598,0.0013461560018808866,0.0009823454217209393,0.04895876947474445,0.004039309171295932,0.004720800543401931,0.9107897079246413
6891484,0.0003164335214483136,0.0002779415994415927,0.0016829207291461342,0.00031279098607927283,0.00016329089503764802,0.0025394348747819233,0.003639241389046843,0.0011929814826406734,0.9898749645223776
6891531,0.0019119848917573394,0.003387348961702935,0.0338394979591127,0.0012132257242117575,0.0008916784241319919,0.09061550077994242,0.2754504536822296,0.004156047106102911,0.5885342624708083
6891557,0.0007393665560993128,0.0010624177810242953,0.057655403278711305,0.0012583513713757513,0.000371671390802788,0.004147323138031947,0.0022865835193091695,0.006911254600674639,0.9255676283639708
6891579,0.0007927194807955075,0.0011735054773449418,0.026335788982328863,0.0008290573971316444,0.0006184935418883389,0.014371513587563495,0.06238872209495166,0.0030879902769573742,0.8904022091610384
6891867,0.005207256579107784,0.000911216564483121,0.020451681874789955,0.0005822335184258578,0.0004062888977832056,0.015508816207797331,0.8851378378505138,0.0022901677057055115,0.06950450080139337
6891888,0.0013714905289659873,0.000671115603680134,0.006174902840105375,0.0009249044843847605,0.00045103507804095214,0.003706006485377468,0.008222466436361375,0.006254846479797913,0.9722232320632861
6892297,0.005566733957323744,0.0004929795515368666,0.0027978311312699795,0.00034671683374989666,0.00035736750374161616,0.009100479357207562,0.26393463175889065,0.0014512781636595196,0.7159519817426201
6892562,0.0009274066451372554,0.0009112450282933604,0.0033833991128975798,0.0006709097118585744,0.0004331588647631049,0.01006395763042081,0.7385214116790177,0.002528719552579778,0.2425597917750319
6892587,0.0018604853254257543,0.0011766224955188506,0.009270783120205715,0.0007561691489797938,0.0006096545451849626,0.06238567812185868,0.1541076222376339,0.013672640709549063,0.7561603442956432
6894293,0.0014280347868886238,0.4333665094551399,0.014479649031662456,0.028410323727615545,0.04223625600194914,0.41183176257540793,0.0016398458962582703,0.033205732058368735,0.03340188646670937
6895609,0.0006869303674294928,0.003810874338556286,0.09434231556400288,0.01077834701927838,0.001243123908477865,0.011214165147035335,0.0029614575723570066,0.04774899578244472,0.8272137903004182
6895723,0.0018413735249540758,0.0004944382008202492,0.002470084176903371,0.0003668073148984334,0.00041540418005267104,0.9428170411240542,0.039462106082345516,0.0016632842030571869,0.010469461192914255
6895905,0.0011177514436371825,0.0009489271539768245,0.016310305980637728,0.00046453003678439806,0.000700065564214385,0.7315669083773552,0.11705407720751157,0.003236839551608036,0.12860059468427487
6895906,0.001564093579694056,0.0006574813565822457,0.047467660111902524,0.0005361784710075323,0.0005440766947590837,0.88334979292354,0.033954991869804996,0.0026188824128530997,0.029306842579856544
6895927,0.002488010937028424,0.0012736619818334875,0.00973681590655753,0.0008013835786427237,0.0011316861600170175,0.9309879584853774,0.014178928583353886,0.00335580020914176,0.036045754158047665
6895938,0.0013016137428173901,0.0008798642402945886,0.016725399264058298,0.00047385849763873346,0.0009101091344028345,0.6314827812172729,0.277445521437011,0.003959266427658697,0.0668215860388455
6895939,0.0013612453708452211,0.0007248586662731468,0.006403362289431567,0.0003707306525644875,0.0006056723137700488,0.8569943593393865,0.02734780314492502,0.0040541694774953755,0.10213779874530861
6895948,0.0008331833547633103,0.0006487558373576009,0.004018991715424418,0.0003576900835063258,0.0005534175254536757,0.8742834676587519,0.02734077009667684,0.0033641898042104084,0.0885995339238555
6895973,0.0014488982610143617,0.0006182628095724963,0.057136241262432004,0.00048742950881525674,0.0005702677976262079,0.7991032741336691,0.04506209374409519,0.004175697096657764,0.09139783538611759
6895974,0.001068128326588951,0.0006197252500314506,0.0067462167603267705,0.0003867345902933447,0.0004811579924443363,0.7768725160709216,0.13295643511986385,0.0028417738219393,0.07802731206759045
6896754,0.0006352472268111638,0.0008151082636844044,0.005603297930522025,0.0004262063375642034,0.0003671626872138066,0.12256154998856418,0.08885725787479108,0.0023362832566531304,0.7783978864341962
6897915,0.0009213434316369654,0.015985003727583817,0.12839599003057056,0.01701551630232809,0.01800707081050104,0.25116294014174195,0.006363477825703882,0.23277661624208462,0.3293720414878491
6897964,0.012302535863915668,0.006732301620048431,0.05707063026905716,0.012364009251122084,0.029451052361335342,0.047251344825746805,0.004172461311829663,0.010165308991902856,0.8204903555050419
6899282,0.0005470909141887592,0.0007572516779680325,0.0012478960458518523,0.00044077446754810576,0.0003774975288827139,0.07523734938408556,0.5222654786496813,0.0018002149931828062,0.39732644633861075
6899294,0.0009675634069992256,0.0004901039593922812,0.002785458777950587,0.0004475221897735831,0.0003039006725063471,0.005195298467529544,0.913587218929632,0.004574639768295184,0.07164829382792126
6899376,0.000578600404689665,0.0016980601040692443,0.016548447545869857,0.0009588828023588256,0.0004903328118558483,0.009436629671273867,0.08683902282454803,0.006435947457513023,0.8770140763778214
6899506,0.0008041132346356922,0.0005158982688327716,0.0011043369320268637,0.00026012933409129283,0.0002740255554520415,0.20393041685580637,0.7606395661045283,0.0024310993650287736,0.030040414349597675
6899530,0.0022477207624843087,0.0008005143391269726,0.0028935063015728788,0.004492098772529447,0.0006911818518788995,0.022736053952441555,0.0019904270293781075,0.007480777937461834,0.956667719053126
6899560,0.002128695999525691,0.0011947033124908794,0.004256164201562603,0.002515832909355522,0.0006901153772854994,0.2166904374851701,0.042366318448933016,0.0153159650444106,0.7148417672212661
6899670,0.0007879388598780899,0.0004459788190369559,0.000583248822207489,0.0003874002665224864,0.0003834512483121965,0.02060473439132398,0.004589847334267552,0.0021697229110296404,0.9700476773474216
6899695,0.00048027822639154115,0.0007146396397777928,0.0012352462506797425,0.0007749794513207906,0.0004911585610435316,0.022524985148175775,0.0048021089348866145,0.0019353925209583448,0.967041211266766
6899730,0.0007940122820980479,0.0013944231814120235,0.0020117058769495632,0.0006856761115329748,0.0007328929523435822,0.06886096967140247,0.22003756000505975,0.0049601136930578806,0.7005226462261438
6899754,0.0015180309161154696,0.0012302702752832438,0.011380195011364115,0.01290294514859681,0.0016060949564239235,0.025153573345218515,0.002399700596272089,0.011875035981473573,0.9319341537692523
6901206,0.0007152373587678571,0.0025311457869971496,0.011227139228478804,0.00132797499788395,0.0007150343321175695,0.30879645736785116,0.36404320574230675,0.008632022348091226,0.30201178283750535
6902131,0.00022631624325717263,0.0008932567410780478,0.0007233072035958195,0.00040310761448997696,0.0006262142260361937,0.9254821661665016,0.06295914459587683,0.003247875080022468,0.00543861212914199
6902271,0.0014276710170619343,0.003479156112834646,0.009506382777379804,0.003677081414378558,0.004596605616962721,0.06585174027621755,0.0013535184329554325,0.008280687055916286,0.9018271572962933
6904326,0.0006648628188538145,0.00021167365637337165,0.0004257510630999832,0.00033985435862408665,0.0001349571824995027,0.0020255469412421108,0.003699277164943381,0.0014805943851662238,0.9910174824291975
6908023,0.00023150027396180568,0.006799714567688505,0.0027021661665934875,0.02414722089778827,0.008860365429762977,0.9360982159786084,0.0016970521272321418,0.016687762815254765,0.002776001743109654
6908625,0.0005751203925072071,0.0006610411521035344,0.0037416490426258153,0.00039253480295127545,0.00030626244587441645,0.37648670762180947,0.3789100901391558,0.0018016988814061967,0.2371248955215664
6909657,0.00046533029391166765,0.0003313145507241139,0.0008814840662069391,0.0002903080842536711,0.000156569043975203,0.00329817041026978,0.061973963570166574,0.0013829199381847205,0.9312199400423072
6909786,0.0012300193557029115,0.00032062221046059823,0.0009248565288195569,0.0004922209248948071,0.00021045477843428613,0.0052580734090078955,0.007306279380340831,0.005154146127358143,0.9791033272849811
6909952,0.0005034613092471047,0.00025480752110140634,0.0011350354471442563,0.0002778635430530026,0.00014105999679862608,0.0032133226230734112,0.28148965810906273,0.0021985958449729226,0.7107861956055466
6910003,0.000567593600334246,0.0002231396318786706,0.000696664830720088,0.00028325839898670857,0.00011543084113012879,0.0020089808354386983,0.01542485778104072,0.0009554698040292886,0.9797246042764411
6910407,0.00015675708327850027,0.0009220197615195464,0.00037438038569188295,0.0004570624693883898,0.0006186153710387707,0.9891928410820505,0.0017942621007784629,0.00407222242770715,0.0024118393185467678
6910422,0.0038372391087064988,0.0006951337917236242,0.0033190527409721693,0.0010726529243971954,0.0003021513780697006,0.014060623176950704,0.35476874018008436,0.007653996683617335,0.6142904100154783
6910425,0.000899600146185058,0.0001982569714599721,0.0005312085910590542,0.00033608761045820617,0.00013047228308210173,0.0023291374402768213,0.01740981016248091,0.0011047851107247014,0.9770606416842733
6910560,0.0013570336789451363,0.0012256265151677197,0.008078671426745674,0.00864199875923386,0.0005329157679579478,0.010058648436540115,0.0027370643525433365,0.10690392216604935,0.860464118896817
6910590,0.0013018237566052322,0.0002607153978019035,0.0008273435749788546,0.00039113431156601194,0.00012934525377472004,0.0034340734348950607,0.030578502311578715,0.0015627920720736011,0.9615142698867258
6912744,0.00010007155043016969,0.001957974476508462,0.0003067809273320296,0.0004856266988671384,0.0009983518157207125,0.9848792645534759,0.0017378736232176778,0.007024384773330099,0.0025096715811177245
6919118,0.0007361849716706249,0.0016600320530975423,0.00291343387969397,0.0007653620865001062,0.0004200941670826722,0.5443402900052721,0.13071238118490347,0.0029729347300444186,0.3154792869217352
6920152,0.0006276256961485418,0.0016520826319185594,0.008834561858516336,0.0007355185943410549,0.0004311536388436684,0.8019015579765957,0.09767534931142696,0.004474083087218641,0.08366806720499043
6925791,0.00017645765358062225,0.0010431761951287283,0.0008137887690593191,0.0005140888978369987,0.00031164107649233187,0.966667102004634,0.014682319410230325,0.0036612319718190814,0.012130194021218434
6926246,0.0015551937628180965,0.0005965415345298488,0.0007392372022355596,0.00029655171873649175,0.00028402609873491656,0.48066215244299065,0.5086081337702534,0.0011097973395317517,0.006148366130169257
6928841,0.0023161346003060957,0.011052694707503813,0.0339014593307897,0.19009029592230123,0.010616431684330664,0.09321435004333845,0.002128561767895422,0.6392360346671033,0.017444037276431363
6928933,0.0008477423984363266,0.002518086747648851,0.0008078718700206029,0.000329107226023127,0.0007035077203495722,0.900934961877342,0.08754511213587925,0.0014736472276905405,0.004839962796609724
6937241,0.0015740641784752246,0.00037438615718043966,0.0036956125514724437,0.0010992561231889608,0.00021825816804628962,0.003919292243190581,0.00217474768695302,0.012773932327693745,0.9741704505637993
6938426,0.00014148490427521955,0.0002804795802567465,0.00028859333242733096,0.00016172658108547022,0.00016148555810014767,0.9849183747441521,0.011748105979848818,0.0008032387642617237,0.001496510555592451
6938530,0.00020663676100185109,0.000411678769384018,0.0003417873851312217,0.00018583308484329967,0.00018607246639563467,0.9382244735293159,0.0574914102148608,0.001318570525094762,0.001633537263972449
6938682,0.00018157714782434143,0.0001856498359099344,0.0004528659892547876,0.0001122538813552727,0.00010090135073689984,0.0300103830540601,0.9121865393898317,0.000866115762234267,0.055903713588792446
6939166,9.583483605590238e-05,0.00024844726275135865,0.00017701137519396848,0.0001319202697504154,0.0001349805079954625,0.9768289212010336,0.020400617465205214,0.0007318495187408183,0.0012504175632730957
6939222,0.0004944144202229394,0.0002625192868550644,0.000815458511010816,0.0001660348713151166,0.00016082714805378597,0.05279060919354782,0.937326767018701,0.0017030507120620413,0.006280318838231414
6944591,0.002394912389995997,0.0006063613079681014,0.003337907869475874,0.00026193989948032436,0.0001916777514647938,0.4857227437663347,0.4969466416342997,0.001955461383373592,0.00858235399760684
6947293,0.00016180660616213233,0.0009834155750954438,0.002321702044174287,0.00033489004006033267,0.0004158473254089076,0.9800707945539772,0.005497573370803163,0.0054823967471078405,0.004731573737210628
6952804,0.0014739298234088794,0.0017244405639721947,0.260805412074961,0.0013457860796803002,0.0025127013778309137,0.5267744224885297,0.03206461304641971,0.02076495204797635,0.15253374249722096
6975207,0.0001749544139221834,0.0007284026823375566,0.0013338477658698421,0.00027920925729355033,0.00015292635141474662,0.9900909219925312,0.0021523390930524586,0.0030709518349596133,0.0020164466086188405
6975472,9.787398831021374e-05,0.00045456159542874746,0.0004981714692755695,0.00013689159983577704,0.0001334162611389114,0.9867841911821055,0.007186269911516901,0.002826491550575899,0.0018821324418124821
6975490,0.00014573891276551857,0.0004706142145971562,0.00032408863488345136,0.00013224985057553375,0.00011163491387243086,0.9903933304122545,0.00137930934020987,0.0041029714371916565,0.0029400622836499237
6976427,0.00010570866334499329,0.0005228716801120404,0.0002572273323887431,9.490563007059912e-05,0.00010647898218156669,0.9893471077990086,0.0016248031865565102,0.003405569355047955,0.004535327371289095
10551287,0.0009722765748278957,0.003183084297859541,0.0008063692546219271,0.0011995274771122433,0.0015996613476341973,0.9728161322384503,0.010160512592606058,0.0019019264489451488,0.007360509767942813
10554874,0.8164673131763946,0.006450433608423839,0.0023749444731825716,0.0030925862335614497,0.008771352917539986,0.11286127456324672,0.01968207534797988,0.0032696070956275487,0.02703041258404347
10555071,0.0005411495437804326,0.0014945657309603652,0.0013993524920275515,0.0008941510533239739,0.0005103924709752511,0.8905393811070187,0.02487879057684527,0.003161352495138881,0.07658086452992964
10555459,0.0010249045357439406,0.016906270372870073,0.011786865517422744,0.006803311536858178,0.00222213758228803,0.3807401896555251,0.0058786324824660835,0.27100669360339136,0.3036309947134345
10555968,0.09012937780291695,0.022776646034030266,0.007158827808444209,0.21743159229679826,0.08540507577664357,0.25822725688240866,0.0022585426826761948,0.08237401113858535,0.23423866957749645
10556692,0.0041167350345396835,0.006790758228717525,0.003281218244615742,0.0028714819909215553,0.001291343110281636,0.22848456857857397,0.018272077710398828,0.025177152751435092,0.7097146643505161
10557065,0.00013727084002765043,0.005586952350520327,0.00025037949623251017,0.0006138601185682774,0.0014690237319549691,0.9815676473557969,0.004426682849032742,0.0015048076187125757,0.004443375639154066
10557235,0.0008606292478748381,0.009486283123895108,0.00549372017606988,0.022915142681428885,0.004319917525309794,0.8760291077727227,0.004459970380207006,0.022307737694155307,0.0541274913983367
10557310,0.0025206919418876397,0.07272850402593466,0.0026758646538946507,0.006523252087106308,0.03152611717818287,0.6097870554177698,0.0017259017602004871,0.00813685335300558,0.2643757595820181
10557603,0.00045773310844111014,0.0076921954004583746,0.0006398043249865784,0.0010247247222733432,0.0010021940332886428,0.9456680134689172,0.0053620430242898205,0.003292720586920092,0.034860571330425014
10557649,0.0003466940212798817,0.005688588351378543,0.0019651902003524017,0.0013892224591013922,0.006204367948245406,0.9623546570715925,0.001776245146078545,0.00731496589241011,0.012960068909560965
10559369,0.0013344926745580319,0.003730302209977976,0.0006932527021570712,0.0005807290418508444,0.001804577154821317,0.9579975262295206,0.018434500625207604,0.0014080908967140599,0.014016528465192237
10559516,0.00027919551181361274,0.004263623557155783,0.00036786488231301586,0.00043246777901509296,0.0008865162914251734,0.9549227691534604,0.008227246145753797,0.0012199078214764915,0.029400408857586366
10559765,0.00045868696780450633,0.026417422280789093,0.0009197578277262018,0.001743734580582519,0.0017969962245930739,0.8672651980084485,0.023157322303667047,0.019228241435390595,0.05901264037099854
10559904,0.0017985958721764845,0.00975874343395605,0.0012322619975561175,0.002061263031594431,0.0025338891814031283,0.8933220743600773,0.04183120189319461,0.0058156910916404,0.04164627913840149
10561136,0.0013599351147444896,0.003124798693048869,0.0006784370821597594,0.001173848249580752,0.0022958169229723713,0.9622096551830982,0.0066381011888996784,0.0021697180226827434,0.020349689542813076
10561583,0.0017873011833831776,0.0024391246105315363,0.00142754302314201,0.0006844114763522269,0.0008917030708725556,0.9395625569841484,0.0104782014847399,0.004186586451096814,0.03854257171573353
10561870,0.00032286011884844347,0.001791133039980164,0.0002831476206889709,0.0002668027550043242,0.0008581912339981119,0.9449972664657127,0.04609588469146681,0.0006151841407151131,0.004769529933585233
10562711,0.0027503389874966124,0.12323877278621358,0.0121286406229775,0.04789687906659516,0.18345679192907507,0.46460129541664263,0.002178623589111205,0.019266998868219934,0.1444816587336682
10566953,0.0003148178346092203,0.008268676436077819,0.00041786935636989135,0.0005633624121823262,0.0004833486038983495,0.883370758207646,0.09747337901593076,0.003094265211629555,0.006013522921655894
10567563,0.006894121902126766,0.010194998768557947,0.0010488938660648632,0.0013018392314701063,0.003816153641645254,0.9070981016168261,0.021696994132599876,0.002816114931706827,0.045132781909002065
10568512,0.0014374687845555658,0.001049103792342134,0.0009630234444916613,0.0013682391068969898,0.0005513474691575936,0.4878993635598219,0.47191328106775304,0.0021805124783466244,0.03263766029663455
10569249,0.0006295948499198208,0.0010659623529889794,0.00048154809011933413,0.00037848858346608216,0.0007102467212670417,0.827127349111804,0.13108450143265105,0.001627870613980181,0.036894438243803514
10569900,0.001542694760748211,0.05868181576935439,0.0026217662910930986,0.06330844578950713,0.7482548661554665,0.03188608763979769,0.012434801531144672,0.013814563504716054,0.06745495855817232
10569996,0.000953939080373335,0.0013811036406895867,0.0010373430724961027,0.002166311977503417,0.0007259940485075336,0.8153965401542732,0.15035636175519407,0.003443105075208912,0.024539301195753985
10570047,0.0005236197957379146,0.0035871195484393817,0.0005698887313257901,0.000741794466855977,0.0015692648781582361,0.9670419559788667,0.01639947631617491,0.002162481012422251,0.0074043992720187095
10570186,0.0015220333257332838,0.0032192586086607095,0.00099823843548256,0.0021853567237249184,0.002028897856345966,0.8253288078904314,0.10487670507227655,0.0039744680201490275,0.05586623406719549
10570190,0.0004039904154119436,0.0026649749555996824,0.0004789785408273894,0.0011174701592236672,0.0011257731836136129,0.862529598161185,0.12160310380232335,0.001731607353528147,0.008344503428287119
10570281,0.000577912590551977,0.0019368464341817063,0.0008327041197577361,0.0009029226196294216,0.0008372981233660356,0.9070342301710064,0.06915654376534393,0.002463892202732547,0.016257649973430353
10570444,0.6963858924512368,0.003258117230236281,0.0019966283733011546,0.011364925756141857,0.00397947179405514,0.2251070778274986,0.018246993562206635,0.010178191893002965,0.029482701112320476
10570516,0.0019033248694385269,0.004040392506504422,0.0009424736971750916,0.0017254557024484068,0.0018332112989718583,0.9051099145562831,0.05114504015385461,0.004182323814152293,0.029117863401171572
10570563,0.00568614936985687,0.0010790763989339948,0.0009488818759095759,0.0009295694826055114,0.0006805559722979389,0.5015753469847836,0.383572592873154,0.005329708049299325,0.10019811899315934
10570908,0.009069964397724235,0.0014017094688371407,0.0009619013213923339,0.003171170692097334,0.0016665857076444402,0.6821494731906428,0.23228199672990227,0.005053604848576332,0.06424359364318301
10570962,0.002415783360751008,0.019158079703082604,0.0066739682462059755,0.0037086787789669105,0.003037501199419608,0.19352003221999767,0.017823514596700125,0.3447456908256365,0.4089167510692397
10571126,0.005203500521867507,0.0011588413891785317,0.0013573321653902535,0.0008260796663922548,0.000663846347524915,0.8445138677643865,0.04595789011458239,0.00590070662030511,0.09441793541037247
10571129,0.03756873048852077,0.002570180771954643,0.0018463137984457117,0.006320341851472339,0.0029183553914655797,0.9073076168551079,0.0041213369260499465,0.009772393207673407,0.027574730709309984
10571130,0.015547172844682799,0.007693421279116871,0.004017082203892575,0.024668384581273562,0.006065619579333664,0.30611114193595207,0.0033404865897273947,0.018585760920308694,0.6139709300657122
10571150,0.002412204887055468,0.0031203354518046034,0.0012025063143268862,0.001497149058270243,0.0015376345025694363,0.9271376924265852,0.017661235690834363,0.00808547358444869,0.03734576808410509
10571157,0.025964766840013843,0.0016740161917273293,0.004467767293835173,0.0017691508300412457,0.0009290751946357477,0.4371885910543111,0.42346497075044537,0.012932995726479466,0.09160866611851083
10571249,0.0018923004976229916,0.001520609827945888,0.0005742776410418083,0.0006344941259431902,0.0008248073536567943,0.8990654932050904,0.03579342917324217,0.002165835555831371,0.05752875261962506
10571563,0.0011450940973291117,0.09408423079083746,0.0025623379853512763,0.0032775471708131384,0.01912672212884224,0.788990645621116,0.01505652862936779,0.008814802711228403,0.06694209086511452
10571600,0.001399073126165858,0.002042808893398825,0.0006419861071069033,0.0008614148449755521,0.0015588453595650866,0.9303180321262557,0.020501345804981502,0.0023713760970792016,0.04030511764047137
10573894,0.003509233461403119,0.004906858210245158,0.002163839352576038,0.015355192378493336,0.004046318963762043,0.8801596437894519,0.009320694740344701,0.030578108225619117,0.04996011087810459
10574347,0.0020423519567954085,0.0016780686322904552,0.0008768291097734096,0.0018043397117463434,0.0009021290870318199,0.953009275264878,0.01752078558113736,0.0034044473285700263,0.018761773327777263
10574370,0.005558587219243956,0.0012926627871911187,0.0007147150775046058,0.001973948682733479,0.0008990034432998909,0.9293928518558324,0.016355578038261286,0.003615737356126418,0.04019691553980684
10574372,0.002386044085167181,0.0021237234901078633,0.0015659065227343685,0.0006415667131446426,0.0006392646722672135,0.6712842916657673,0.2820082778067701,0.001966759310971069,0.03738416573307025
10574408,0.006706152471067572,0.0072387688555267254,0.0014577274398312214,0.017906717132499937,0.008726202412798048,0.9087979980528624,0.0015323998915757644,0.008162602009512077,0.03947143173432639
10574430,0.0007939674289552307,0.0016329612809646325,0.0004688255420692198,0.0007184494553185654,0.0008580940138632313,0.9573135578517009,0.01557023311341323,0.001994688044534524,0.020649223269180273
10574439,0.008220957706199709,0.001887846167516769,0.0009730589237962258,0.002531897158843664,0.0012855918648085015,0.9350700299098024,0.008407796708898886,0.004124150910088145,0.037498670650045904
10574456,0.005887125516756951,0.0027382514954981518,0.000719566377157931,0.0015753979499998191,0.0016754090212794685,0.722213936387251,0.00978145013151375,0.002829918033729749,0.2525789450868133
10576038,0.08859981269161138,0.00651872037933415,0.0014930667047318273,0.004670925363111206,0.0041920929471332856,0.8443337433776725,0.011903767840345199,0.005410941254334727,0.03287692944172562
10576770,0.0032255600647331443,0.002836842347063284,0.0010584827483261956,0.008237735108376061,0.0017543077092647425,0.9197430151456826,0.00741351070459146,0.00650903801820016,0.04922150815376226
10577118,0.0005543859439796328,0.012797005876935927,0.0009106974175090748,0.0016353773874595258,0.0015692707921720174,0.8472862362360394,0.027408677024758608,0.0063562914361321885,0.10148205788501374
10577354,0.0018823347478951562,0.001155818673893804,0.001282238739787543,0.000364947244316081,0.0005185622771528813,0.5866627707500659,0.382343122797963,0.001966617377889381,0.023823587391036266
10577622,0.0003048445745386193,0.0038817080897931436,0.000830072780520723,0.0009910141875763196,0.0007103192502587009,0.9405832815607794,0.02230838981549342,0.003983414163775411,0.026406955577264416
10577723,0.0005943874923136377,0.0006812646058988335,0.00029750665293717,0.0002645278314878697,0.0004555561065541568,0.9545101664099015,0.034729912046725195,0.0008031820117602583,0.00766349684242171
10578130,0.04507868492293824,0.0061919484229420885,0.002961338454876979,0.012648154485596037,0.006031117481575305,0.7296737867393187,0.06080230073631134,0.008350550211268274,0.12826211854517314
10578295,0.0007625494878839447,0.001319480494133021,0.0007166361755789708,0.0012692687735080842,0.0007376573997527123,0.4548109444646566,0.5019158965359216,0.002713873145275206,0.0357536935232899
10579132,0.0002170665737948635,0.00037572874310891027,0.0002622147459570225,0.0002506483401345684,0.00020070554870510373,0.5169498142755242,0.47419157217782015,0.0006742112733617542,0.006878038321593563
10579372,0.00045337236517637445,0.0010565527211860845,0.00078372069802771,0.0004536988542761612,0.0006089943586233119,0.8552426384907341,0.12381556750996861,0.001366089545805851,0.01621936545620168
10579452,0.0006785195573439922,0.008654755946280695,0.002164908931850679,0.00803223137272682,0.028150704345951176,0.9081314810018898,0.012462928284423259,0.008557571529798842,0.02316689902973471
10579754,0.00053154316319132,0.002544213093296819,0.0027929418407230877,0.0028498733958358404,0.017288315888656158,0.9073563037332135,0.009439684551853492,0.03241634322092591,0.02478078111230394
10580098,0.0008938251801267471,0.01191243445957853,0.0020357003686582273,0.0011968350410819252,0.0019235471173762583,0.8052743704143819,0.1381064440865674,0.016996204168558418,0.021660639163670687
10580150,0.0006872741804839897,0.0014437602740306297,0.0006501529712641635,0.0007674721799781813,0.0021815068467383215,0.9674210371180705,0.019715072599273343,0.0014199187307413,0.005713805099419318
10580642,0.0019118351149071207,0.0019171230243496093,0.0005265819523479821,0.0010501212854291525,0.0013152916707845398,0.9044704904025304,0.012552079372847589,0.002423185160085635,0.07383329201671804
10580740,0.0015389840406715592,0.0012426258908491536,0.0007313893038033083,0.0007064645083730104,0.0006950729443135542,0.7478187591835387,0.22086372799244683,0.0024780927715676343,0.023924883364436298
10580745,0.0009216351941765992,0.0010965771779585735,0.0007179420434267304,0.0005185951266598712,0.0005488607279039918,0.6327802039830706,0.32559566147822816,0.006231543006752469,0.03158898126182294
10580771,0.002493631679174606,0.0018104664382355264,0.0008111041383928217,0.002478640738564097,0.0010772413480155292,0.9138665357830197,0.008755705744002014,0.00969230673762383,0.05901436739297171
10580995,0.0017994820475423399,0.011647878555869285,0.0012519815353041253,0.002295880129530147,0.0011059310396397586,0.6566043409156717,0.05921500366427697,0.017125925107659562,0.248953577004506
10581310,0.0006934249385409486,0.0020673519605062386,0.0006461385582209,0.0008073639522787419,0.0010453327910809787,0.8133907193389016,0.15506233268699635,0.0015925679946487234,0.02469476777882554
10581368,0.007012255189455441,0.005861783414504892,0.003655224476874236,0.0761912012906035,0.013606798378097093,0.7518014159505017,0.001935220197594749,0.054802234143058286,0.08513386695931013
10582173,0.004479317992282723,0.00176481923368446,0.00108569441509017,0.0019199649266379683,0.0034004893817301714,0.9516838763749922,0.01376794561850061,0.0037416762642232724,0.018156215792858258
10582418,0.3363463062537973,0.002783723454981828,0.002040109334313641,0.0030586518936290765,0.008930051864058671,0.6039900915115438,0.013549232102509023,0.0036403581773414182,0.02566147540782543
10583009,0.0005128119815346133,0.0011298681439839964,0.0006442089000805322,0.0003572601787598296,0.001026405520570083,0.8104093726096112,0.1791835450813155,0.0008671299162478557,0.005869397667896494
10583434,0.000508945522822586,0.01883844484142313,0.0014597023762387413,0.029389318214882484,0.003238960397392834,0.8949675344398107,0.007065207974722335,0.005897263181134645,0.03863462305157255
10583521,0.000273389985535096,0.0006265654564338011,0.0003979533888004415,0.0003301895355913978,0.0004231803753749476,0.45445209006415355,0.5295884708545302,0.0009886943138962916,0.012919466025684308
10584210,0.00036035646552943644,0.0011980452744207034,0.0005196976651564939,0.000272036170926543,0.00028362207171078453,0.7217675754796183,0.24599046786276774,0.0014172506286179035,0.028190948381252162
10584222,0.0008246282182643477,0.0010907190993479717,0.0005880239006042064,0.0005478232927225169,0.000540950942544387,0.8997528489023939,0.0854724877920191,0.0016783684824954168,0.00950414936960816
10584314,0.005978075028308834,0.0011217794996009444,0.0018547553895661142,0.00090958969250782,0.0005162148973524157,0.08619157974975072,0.12926717840995505,0.012333080281774473,0.7618277470511837
10584430,0.0009194939710320009,0.0006574247307437031,0.000308583857194093,0.00032432633699762344,0.0003946806705214432,0.6131652500646966,0.36375047398744675,0.0011233786014501353,0.019356387779917748
10584519,0.0007651022889762092,0.011082194900096851,0.0015665509810594278,0.0009276188123909099,0.0015403340657825853,0.9169754687718046,0.05217175080184355,0.0049744740038076924,0.009996505374238287
10584820,0.0009277477803963884,0.027858370241492236,0.0011097981320338673,0.0015067332827999598,0.023517554080080154,0.8990682277011445,0.02478466392776892,0.006516259724881011,0.014710645129402913
10585136,0.0005891831598202023,0.06384521040909706,0.0017234074854223643,0.037639683511191735,0.0053026462459475,0.8421021690416217,0.011958653670939408,0.021583765752753576,0.015255280723206307
10586849,0.0008284794216474113,0.0020020405951187833,0.0008060493822392649,0.0013824926369905494,0.001830839890478643,0.9722805576691691,0.014588738200147144,0.0018471004624462319,0.004433701741762755
10587734,0.007973838838200584,0.006490578907424594,0.00173700890858098,0.001104591803379595,0.0023404131061351596,0.7564362113452517,0.16768958317504176,0.004418920556170928,0.051808853359814534
10587840,0.0018547808064784035,0.0035565069194543244,0.0015091488833986954,0.0019567053498880343,0.0016352004063553082,0.9336210804545626,0.04731466528021344,0.002655400552954349,0.005896511346694632
10588529,0.003639264623239684,0.0002084415779523583,0.0005050431028000126,0.00018229881339227544,0.00022897349987577,0.008260962388511841,0.914948245705859,0.001033603484310354,0.07099316680405857
10588664,0.0016880079812041913,0.0002925353601027632,0.0006955058845436689,0.0001564184387940436,0.000312249865652448,0.04135351287940408,0.8368464733728661,0.0009631062361607539,0.11769218998127183
10588792,0.009118769178622723,0.0004817946762297782,0.0006711867708159378,0.00032368595090187324,0.0003755052636166037,0.011550600602828039,0.13078878686172188,0.001269768751207845,0.8454199019440554
10589349,0.0006503973598212146,0.0004317934801762778,0.0008967539408698871,0.00029932504098126994,0.0002643172958206312,0.12940567668746145,0.10969967799332354,0.0017564987165269164,0.7565955594850189
10589410,0.13476878729717756,0.001592057248695657,0.006215596415485917,0.005237109122529815,0.002888502610898187,0.40867625017868775,0.10055954852686308,0.018070575200161386,0.32199157339950063
10589411,0.0044295801095414825,0.0007863462554585162,0.0009259635186703071,0.0005223565362585834,0.0009004714527578294,0.10890237687452956,0.03759735789201132,0.001718321273726745,0.8442172260870456
10589472,0.00813056268524907,0.0009217398002920498,0.0013249040235848056,0.0006524947514170318,0.0010254087306942417,0.0516266553799802,0.15795386727744953,0.0025426160791280857,0.775821751272205
10589485,0.012992154728085627,0.0010209501432245623,0.0018606188507465369,0.0012781777530325568,0.0013155283612439914,0.08328102576586355,0.00949364847074072,0.0036595968087456696,0.8850982991183167
10589763,0.0004845921270647459,0.09590484221353332,0.0019909414770662723,0.019662558289255786,0.0030440617930476478,0.8397136335434311,0.012850745000040409,0.0181427829395966,0.008205842616964172
10590733,0.0012651217220003865,0.004558184096887808,0.002159264253739639,0.045774215526331215,0.009230526980111236,0.91487169107292,0.003255336106182209,0.01319622781100745,0.005689432430819826
10592587,0.23759361334621826,0.0031355745455255365,0.0014942818214574304,0.004414112416309609,0.013431274083703322,0.6727749205706117,0.00607816816395817,0.0056571837975375044,0.05542087125467839
