track_id,Clutter,Cormorants,Pigeons,Ducks,Geese,Gulls,Birds of Prey,Waders,Songbirds
6868504,0.016434660931642007,0.01884408846030261,0.15019778996838995,0.06975261250455551,0.3747022221026033,0.050261364234117215,0.0012820590743741003,0.2997597195964894,0.018765483127525906
6868536,0.018664200934402707,0.06177845482507193,0.167618493260136,0.05172598857088621,0.22735612285270057,0.09991830580536012,0.0021693635951017002,0.31322436931071107,0.057544700845629834
6868565,0.007918411138523308,0.023796128819958212,0.15000550838531887,0.03330091381767613,0.4327687862046473,0.03438692465376581,0.0009379353893170001,0.30104858093820996,0.015836810652583615
6868861,0.00016773713661029995,0.025207711967881706,0.12627110148318502,0.003370473497900201,0.5512259796874808,0.0018288353373389014,5.365171976838007e-05,0.2913880664863412,0.0004864426834936001
6869275,9.026908614339012e-05,0.03100250012241851,0.12067728193208584,0.005160526050939301,0.5424852084854542,0.0031101567983822013,7.016662830798102e-05,0.2964444556057138,0.0009594352905548999
6871418,0.0023275560041056014,0.061354481914025615,0.2504452359813334,0.07470413420943903,0.10804181844418545,0.12887547517793516,0.003196043099028302,0.3360932915582013,0.034961963611746305
6872996,0.1979550938955868,0.0023243064363325005,0.11337289547614415,0.002001417628155202,0.021901892127087118,0.2892927117064006,0.03626983829906382,0.28032983653700927,0.05655200789422063
6873817,0.008452319854968802,0.01991299057124693,0.11157453695919937,0.01515895001155091,0.17041439969001565,0.28155978946449906,0.003155313970967627,0.31648772292366845,0.07328397655388313
6874023,0.00036662533359250007,0.011108859972078907,0.12351551505168533,0.0027501764642693014,0.0045144865981763035,0.5494293913125747,0.0025798957606354006,0.2977291329287064,0.008005916578281203
6875504,0.0004971257410836001,0.013441519690010005,0.11333804387448734,0.0015934653416246002,0.0024901067186744,0.4315968643348305,0.031438319499808416,0.2814530424285874,0.12415151237089354
6875899,0.0011028750992041,0.006414741062532001,0.11181770703654845,0.003429301941615502,0.006889811200849604,0.4230291826408967,0.10434438481210476,0.2840948816491322,0.05887711455711672
6877293,0.0039011823484965008,0.004995124270365901,0.1280818797466391,0.0078516200965958,0.0027735912182422023,0.018040015059886203,0.003427853682894001,0.29898559163031774,0.5319431419465627
6880408,0.0021562191355816007,0.02063657695298391,0.11489031964210054,0.010294394186230404,0.008324975713871903,0.41509264995918177,0.02471794683562821,0.2924730107886235,0.11141390678579823
6880690,0.0005391471796973002,0.007963923401532604,0.14333370634111237,0.0046317854034608015,0.0021979222072389007,0.359331329668846,0.011184290983615206,0.2898915309535084,0.18092636386098845
6880833,0.0009274713438047002,0.0007958432892496007,0.12120245630094478,0.0007855553559015006,0.0006727825059058001,0.020991172106316115,0.1336558159586157,0.28413380503366664,0.43683509810559523
6880956,0.00018379626891740013,0.0058893535527095985,0.1115104794626563,0.0013228929473020007,0.0032975701802267,0.5899807196580623,0.005577355998248204,0.27854288280279454,0.0036949491290829
6881733,0.0004610227808827003,0.00027107589192939993,0.11105493093789894,0.00018670542950220012,0.00029299511707130024,0.020216877458138313,0.584498029254116,0.27884112975771747,0.004177233372743603
6885154,0.019154299227421914,0.005714376654391702,0.1188145414829519,0.006289781393112305,0.006171896354943106,0.42431871368580554,0.025551447408870612,0.29191631307970745,0.10206863071279557
6887294,0.0010853370377557007,0.0037988123963367012,0.12091422802709482,0.0006498102162002,0.002458957146918,0.202125514421939,0.004363756095609403,0.2951725002894252,0.369431084368721
6887586,0.005010372714781801,0.0013383097115323005,0.12979659152204376,0.004448937829619302,0.0020060649639367005,0.19952111311189547,0.0070696076026911005,0.2970793105894802,0.3537296919540194
6887600,0.0012200794843178,0.0010659142536688006,0.14731295862427554,0.0009644236527837007,0.0004083788168291003,0.029997654016014407,0.0029505079005965012,0.28316785936628064,0.5329122238852336
6887637,0.0060514739089269,0.038733735490867414,0.13478734813686663,0.027100234463688602,0.041345189345072204,0.18142580470189992,0.012403558390000298,0.29365717278415554,0.26449548277852253
6887702,0.015237076364996303,0.0010685058893818002,0.13345887039225376,0.0014287600187650011,0.0009069010083768002,0.04770135377463773,0.05317535252378902,0.28553499330073784,0.46148818672706177
6888243,0.0016146237707575012,0.02009629646182081,0.14063580699841927,0.0029462329602008013,0.008777858859459402,0.10251615058879893,0.0066938005019189,0.28074214651224993,0.43597708334637436
6888737,0.0010512046197539,0.018267753590770704,0.16933234853533985,0.010149237920126205,0.0081551574516736,0.10005115683975013,0.007803434900686902,0.2888230132727369,0.3963666928691618
6889024,0.007329048923128503,0.0006151247414039004,0.12870518763864988,0.0014334202209093,0.000550630601809,0.024919489366033915,0.13647950474677495,0.2796720407451576,0.4202955530161329
6890285,0.0027766741248326995,0.0216118414085647,0.1162684249502979,0.0033166794171660004,0.0020570841785734996,0.26026157626271096,0.25108744756451495,0.28294553250421905,0.05967473958912011
6890416,0.003534187786746302,0.019465628861573506,0.13815706634189492,0.0034150601499883023,0.0037546933040384016,0.16675534028489442,0.0437537466366516,0.29142608932334707,0.32973818731086546
6890579,0.001208012880922801,0.0005935907468805,0.13966605604659654,0.0012124455927577,0.000365665020558,0.022018373155530103,0.05130190268368182,0.2786407320605636,0.504993221812509
6890917,0.0038403016841813005,0.0017206789657935003,0.1260701003658525,0.0015588607071285007,0.0008050580640567003,0.04431795792908172,0.370757908613395,0.28370293681455644,0.1672261968559544
6891091,0.005026888418043902,0.003110197724589802,0.17152824910918515,0.021003530378552907,0.010590205977710106,0.05576287962839011,0.004312435115310402,0.29708037197236076,0.4315852416758567
6891208,0.0005297076090965003,0.0005372874824257002,0.14530650351328198,0.00025672129223250004,0.00027042818733490005,0.02304537678263991,0.03298918877467342,0.2737852539263439,0.5232795324319713
6891245,0.0017545611894610007,0.0021489833568347004,0.12552639109648417,0.001254049170201901,0.0011793765113603002,0.09237450702983523,0.14534922681902407,0.27723588536132804,0.3531770194654706
6891309,0.0003763435159597003,0.0015707259855864007,0.11785635729764048,0.0006988454791515005,0.0005892050900149001,0.033242739565552105,0.04289636202385873,0.2821872423486675,0.5205821786935687
6891366,0.005346426682008505,0.0005380303604922002,0.11949710216935304,0.00039793157006000004,0.0003958511701788003,0.014906424131275207,0.11984396729621545,0.2798482744103088,0.4592259922101081
6891473,0.003762146782527201,0.0025654330771692014,0.1389325254073153,0.0032882794271418036,0.002300906648142101,0.16491489345175162,0.013750887948136512,0.28930237437710227,0.38118255288071407
6891484,0.00022519438412009994,0.00018792756879169992,0.12166895484336875,0.0001281800797446,9.463130602069622e-05,0.0028475036237851003,0.007046597888145405,0.291972935293058,0.5758280750129657
6891531,0.002113111226471602,0.0037202686874985,0.12165156476093873,0.0021424133118473,0.0011819600286801003,0.10981233428346836,0.20742284408245126,0.2786802038774815,0.2732752997411627
6891557,0.0010745262422071004,0.0020042678462639015,0.155687394334155,0.0008369713157675001,0.0004293748656812002,0.013996040958753406,0.007911956237584403,0.28902969517860044,0.5290297730209872
6891579,0.0011287298661481005,0.0017967016394736,0.1407594162101917,0.0014852727189414,0.0012707317938950003,0.03647520465385841,0.11225164616645486,0.2781538848371552,0.42667841211388186
6891867,0.008979051258306302,0.0012600438999248004,0.11808137412559898,0.0022303553259028002,0.0008724154263321007,0.04547910088718402,0.4670587570725131,0.2828871689848544,0.07315173301938362
6891888,0.0057223420714711,0.0007306522646722,0.11624620866768745,0.004018491522204503,0.0007094725901243002,0.019221852049080307,0.013892288928931107,0.3064585461548549,0.5330001457509742
6892297,0.0047995005179858,0.0003462529006285003,0.11145762965375962,0.0004873875934756001,0.00029532557561199994,0.01507136026410991,0.3493548484696494,0.2796832433577762,0.23850445166700296
6892562,0.0023290232990885,0.0016562232329637011,0.13053182428510263,0.0018364516055737012,0.0008305708323203007,0.02649211055638111,0.35317663719069564,0.2822795298840053,0.2008676291138692
6892587,0.0026419145201179014,0.0006950500264346003,0.11963635244559742,0.0009869632479321004,0.0005933444222478999,0.07696340146982156,0.25844816723037295,0.28655197153949374,0.25348283509798186
6894293,0.001530931039284901,0.29117742141349306,0.12666792394069898,0.020122214135565916,0.1304816187648705,0.09445874404359295,0.0015793810329265013,0.31413331567146285,0.019848449958104506
6895609,0.0009602970392672,0.0032365680300886,0.1677650377635733,0.011639251433500107,0.0017859614058962014,0.021077289789640307,0.0038462528163161003,0.3042721163832626,0.4854172253384556
6895723,0.0012829113018237002,0.0008435559420122001,0.11641367439458937,0.0005769639554057004,0.0009208360588263,0.5104691001695101,0.055364807348086506,0.28767384666504286,0.026454304164703412
6895905,0.0005399261219343001,0.0013188769928301005,0.13060305113631268,0.000575337703492,0.0011190781889191005,0.40775503339482316,0.11100829575098543,0.2859489215106188,0.06113147920008444
6895906,0.0009255936685506002,0.0010380052260818007,0.14152683791971885,0.0005601995893750002,0.0008977546177598006,0.4381905786641447,0.055903370626375716,0.28650115208285404,0.07445650760513954
6895927,0.0021502103861624007,0.002728651638791301,0.12254728776703153,0.0017394924275680001,0.0027733094701432003,0.4135194162476295,0.09968818233230323,0.29220418440380674,0.06264926532656412
6895938,0.0005279592650348004,0.0020600945203954,0.130264832952219,0.0005363863610265001,0.0016285804836429004,0.4006231406281577,0.12012716213938676,0.28258296266571253,0.06164888098442453
6895939,0.0008047291426171004,0.0019600082434067007,0.12593236572267452,0.0006500521258801002,0.0018307750639690997,0.5002996894448452,0.028467614016648508,0.28177130907991704,0.05828345716004173
6895948,0.0007009930959586002,0.0019058332956853996,0.12039131721429741,0.0005709530530279002,0.0020394451475195,0.426277449319414,0.07057712237939683,0.28515351855540444,0.09238336793929583
6895973,0.0010842654790702004,0.0010317362800853008,0.1331421542259817,0.0008042826242359004,0.0009681563494074007,0.41588327912413003,0.06782215441874342,0.2912232359861996,0.08804073551214651
6895974,0.0006833318507928001,0.0008779260940293,0.12755269359253651,0.0006100301013147999,0.0010304417011317007,0.4035052730254076,0.10801849464998745,0.27933704130601544,0.07838476767878433
6896754,0.0014472804274528,0.0015564086722831998,0.11775695501019774,0.0007177521660817005,0.0007184846161618005,0.14278679786626394,0.07066502055319414,0.2826071869840633,0.3817441137043014
6897915,0.002248006994236301,0.04039177535139701,0.16654942342001075,0.02137749363493461,0.026100560363276615,0.23795479951690013,0.016380502499566105,0.3412938624220325,0.14770357579764606
6897964,0.018962488032633406,0.017961544756371708,0.15044701418853185,0.0127235718177657,0.12231362841218403,0.11625395929604074,0.009779385524817405,0.3069462051388412,0.24461220283281404
6899282,0.0010909408848234,0.0005492858780936004,0.11258023166317441,0.00027748470270290025,0.00023415246142209986,0.037099192091044404,0.3212989108130459,0.2870615784963629,0.23980822300933036
6899294,0.006147159791871303,0.0010764521468420007,0.12097959284664896,0.002612765441700801,0.0007901038521645001,0.025807323269114314,0.21220018887434805,0.2805838742727917,0.34980253950451834
6899376,0.0018421745787472012,0.0038291580979153013,0.12507915839267186,0.0013131574583123001,0.0012827937693185006,0.027727401182255612,0.14248083146536517,0.2863248230228308,0.4101205020325833
6899506,0.0021316066511597015,0.0024768653630723014,0.11695870459615855,0.0005298051426364005,0.0007153203842096998,0.3244296794049581,0.15183611301337477,0.2847839326100527,0.11613797283437793
6899530,0.003248552437188002,0.0005178289605262,0.12262444475418735,0.0050497552804151,0.00037993469431700023,0.042902708659971506,0.0014862320511800004,0.30317089220746574,0.520619650954749
6899560,0.0073601596089876015,0.002143473827606702,0.11351188188684869,0.004235992387777904,0.0009699866908696009,0.1412683321083729,0.023400178475108117,0.3017940774528022,0.40531591756162644
6899670,0.0017263161330936003,0.00025099269720510025,0.10095147308131006,0.00018564245231840015,0.00029318083678740026,0.06722563317085412,0.007363768426471603,0.3011924058798409,0.5208105873221189
6899695,0.00043995085953320035,0.00020186840509929996,0.10770283839388063,0.00016106636544200006,0.00029359813522120034,0.02025537793182801,0.0014131902462161008,0.3000225949156724,0.5695095147471071
6899730,0.002153570314431901,0.0014791999056071004,0.12456281953371448,0.001580263209553201,0.0011102386239530003,0.11990614823608654,0.04224635982707532,0.28604753212971784,0.42091386821986054
6899754,0.005810265742461502,0.0012264502207980003,0.12569853741929027,0.0054647597694572015,0.0011021993137853006,0.04596638019316941,0.0012468474627457,0.30347670375045843,0.5100078561278342
6901206,0.0011894392012140006,0.010765229547441604,0.13560047115153553,0.003186125976654599,0.0038446854379241015,0.20822736335097836,0.1338536533814007,0.29189598259696875,0.21143704935588242
6902131,0.0004071427946232,0.0028696869848068005,0.10731936840049136,0.0011000667546369007,0.0021441428360630017,0.48659041730667374,0.11277923239859163,0.2806278203093327,0.006162122214780604
6902271,0.002544954168854701,0.022648666506689414,0.14032131616232965,0.005968767967904403,0.02346919218030931,0.20825069102761248,0.0030887719494691003,0.30695433426582946,0.28675330577100144
6904326,0.008296300947150306,0.00021209422566399998,0.10654025920054402,0.00034424983953730017,0.0001144461880958001,0.006800748153013502,0.005904145829886901,0.2970823838367359,0.5747053717793722
6908023,0.0007871944203424003,0.011999324506644907,0.12655230426075606,0.06907766730349103,0.013337230808606607,0.4579538764991849,0.003399775161934403,0.30639371664280673,0.010498910396233003
6908625,0.0008286474242842006,0.0022687736904813006,0.11577242912594375,0.0010848535154581005,0.0010060735096439006,0.15393391544185775,0.3279040164543364,0.2789567342271411,0.11824455661085348
6909657,0.0009502702143400004,0.0005356234284258001,0.10564567856872464,0.00044570430627830014,0.00017574415605030015,0.011414951009620103,0.12434415628188573,0.2906392909076872,0.4658485811269879
6909786,0.0034947026109405006,0.0004365717951151004,0.11150006615697967,0.0009424586982171005,0.00023827895107259999,0.026301248528720914,0.021849043403591912,0.2970249769114923,0.53821265294387
6909952,0.002150502844122802,0.0009767741290118003,0.11366203211692226,0.0009430559006458,0.0005518602965795004,0.015639149175384108,0.11406148398653035,0.2832421740811278,0.4687729674696756
6910003,0.0017282713645908015,0.00023690709674760013,0.11906861433871094,0.0003487068812122003,0.0001528060497397002,0.007075081617719002,0.04666039593121653,0.2842749400540147,0.5404542766660485
6910407,5.17620605708527e-05,0.0006803642114692001,0.11486012183897422,0.00017957587526620014,0.0003027664713496,0.5928726273130376,0.001123693531642,0.28852459227453137,0.0014044964231589
6910422,0.005984240554572498,0.0006609775234052,0.1192845502155831,0.0011701814683048003,0.0003840511515185999,0.03587923647998121,0.30720631021435146,0.28718639560983056,0.2422440567824526
6910425,0.004013988711076601,0.00019076402490430023,0.10415641344762826,0.00022995366359540017,8.421671336123446e-05,0.0047400563022707036,0.023157798954907514,0.291454788971537,0.571972019210719
6910560,0.0031954762523259007,0.0010593006890848003,0.12813293401456569,0.022848406248770214,0.0012402296922161004,0.03525259361549581,0.006663373200885506,0.3225311997408844,0.4790764865457715
6910590,0.0028743026859878,0.00022032347298900015,0.11196542942779925,0.00041146790070130005,0.00011943790089220003,0.0049508291603320015,0.048205741996814405,0.28522509382047045,0.5460273736340135
6912744,0.0001415930509955,0.0020734505125771015,0.10025002657102665,0.00036149114877860014,0.0012409281715457005,0.5912834775497123,0.0025822894860178,0.2988004923296063,0.0032662511797401017
6919118,0.002239659155993301,0.005541612610842003,0.12760669919955778,0.004083109418688204,0.003378887961001703,0.3477296827499633,0.13109227820361097,0.27861659670305794,0.09971147399728494
6920152,0.0018318050379490009,0.0076591636043772,0.13934495084679893,0.0041703358948222,0.003033549572690302,0.28832441293955896,0.1534010920581562,0.2896145701022401,0.1126201199434071
6925791,0.0006718582487847005,0.005441942775030801,0.12408663393071878,0.0011523980165055005,0.0010453785064778007,0.506012257725496,0.044843888930157616,0.2842159008684828,0.03252974099834612
6926246,0.0031228725992937002,0.0008761004605125001,0.11536378529373073,0.0003061318983927001,0.00032353235855120014,0.5291722173804954,0.05054453460424411,0.27788650392427333,0.0224043214805063
6928841,0.007952283404456003,0.010703349136399703,0.2096605196221082,0.18616900893022728,0.012321958051604503,0.12784349733467712,0.0048972671264539015,0.38679746355243494,0.053654652841638534
6928933,0.0007356066394979999,0.012737272966622802,0.11551249105805653,0.0008827805246594,0.001839724167619301,0.5555145252567391,0.017475931635754702,0.2885055273382377,0.006796140412812403
6937241,0.003980556692130901,0.0009821202570945002,0.12620756582876927,0.0014362572433772006,0.0002459655991368002,0.0156003055165932,0.004608074145464502,0.3071854093402759,0.5397537453771577
6938426,7.490831391342373e-05,0.0003875346668931998,0.09936703207269579,0.00016323162685280015,0.00020838779300299997,0.5990697400241248,0.013108748913230597,0.2862915415675555,0.0013288750217308003
6938530,0.00013233638765759996,0.0008941310957563999,0.10182282836718404,0.00019066616818730003,0.00018597243968590014,0.5881436742585117,0.0177125427895429,0.2890146226585836,0.0019032258348906006
6938682,0.00035277040146080007,0.0005315089733955,0.11227101408061234,0.0004057800534796002,0.00024041628701359995,0.03510622066699611,0.5321769436526785,0.28332790206068537,0.03558744382367812
6939166,4.345150651772783e-05,0.00023383722257110006,0.09815542282607856,0.00010536368743230001,9.621150534573884e-05,0.6052530137199684,0.010451294709243008,0.2844312573699714,0.0012301474528719008
6939222,0.0003865240942909002,0.0004077422300684002,0.10789531279593312,0.0002575839339795,0.00019008885739970013,0.03307322952367461,0.5650155445322393,0.28466999096918355,0.008103983063230902
6944591,0.013581275385010708,0.005584694093030802,0.12258141829743431,0.001243213126867301,0.001103352904442901,0.2369957884500723,0.26569752808000374,0.2847730376928921,0.06843969197024594
6947293,0.00024459650879330016,0.0036782163483465016,0.11340895196364012,0.00046907894432480005,0.0007914277054540999,0.5566249415096439,0.006290373071086103,0.29758954485940164,0.020902869089309405
6952804,0.0020014952873383014,0.007488939583244601,0.1807228442702195,0.002354230280373701,0.004934815018693202,0.3264694459941589,0.021501671635410006,0.3085499419621175,0.14597661596844425
6975207,0.00012684170404950014,0.001251605120775101,0.11890781456303874,0.00026872035617470037,0.0002626503309447002,0.5743225352161816,0.002066579318774401,0.2985315351709701,0.0042617182190913035
6975472,0.00010379343815300003,0.001567054680618501,0.12309727727974118,0.00019674130171889992,0.0002516865878845,0.5756732019026134,0.0027604414932452023,0.2915220280626279,0.004827775253397403
6975490,5.99795322473166e-05,0.00031636377786900034,0.10823555380260926,5.556672405990822e-05,0.0001184941488582001,0.5832735807126322,0.0005645457999737,0.3038220344951679,0.003553881006582503
6976427,4.333462260026804e-05,0.0001745626793345999,0.09774014825189664,4.1983083113672826e-05,6.979707865114583e-05,0.5875443048597119,0.0018129842601869001,0.30751833012747776,0.005054555037027101
10551287,0.0009753666762948003,0.004103148581226401,0.11699180627563222,0.005792304200741001,0.004054430563184802,0.5385999728129298,0.021026961126843206,0.28731113496902877,0.021144874794118904
10554874,0.3225689232891903,0.011357074105004398,0.12384865589499862,0.0034294956768118005,0.009035705102579202,0.11227379515517566,0.08776923876258864,0.2763388325121006,0.053378279501550815
10555071,0.001722154117332,0.005567504007868798,0.129928009990764,0.0015227135877734015,0.0009216218449020999,0.3372848594227176,0.0303878042254799,0.2783997723877361,0.21426556041542602
10555459,0.0029872530767869007,0.04164317687437632,0.13643477825976597,0.014499063110980906,0.012763434910901306,0.3148998202900507,0.01652444009441591,0.3415408686374177,0.11870716474530434
10555968,0.03874329907357342,0.020273279905999305,0.11271714922900364,0.20451990402549655,0.03113690208299041,0.11151963388987743,0.002703088514802701,0.3077365513003576,0.17065019197789896
10556692,0.006783757252571001,0.0033511894925805025,0.1223963980224287,0.009393848725629508,0.001135489609258901,0.14649930596354435,0.019600731020858606,0.2885085265972602,0.4023307533158683
10557065,0.00016325498229500005,0.0064938384943928045,0.10191233245575056,0.0007560210614976999,0.0010520111797647004,0.5895474360589723,0.0032928020636654003,0.2888092824051668,0.007973021298494804
10557235,0.0011655160971997009,0.014001616497433512,0.12618082842535913,0.03261475462653821,0.006503133255668802,0.49093656376590483,0.0035360205182439004,0.30419596301317786,0.02086560380047421
10557310,0.0014007581482879002,0.014550768031676202,0.11858298018072562,0.0080613443518335,0.014771956064146607,0.18635294336744163,0.0018229703707091998,0.28465536752720083,0.36980091195797843
10557603,0.0008976248299203004,0.010153026149493703,0.11086579063331815,0.0027516184061822024,0.0018530060070605012,0.43231448538459977,0.018167062755349905,0.286858670848476,0.13613871498559957
10557649,0.0006062284682999998,0.0068022976321650995,0.1491200058378385,0.003464246057463801,0.0033837220648311015,0.5052558238942554,0.006336762631752802,0.29093517776941274,0.03409573564398051
10559369,0.0008974322738535003,0.004519575674088701,0.11571581411842195,0.0006260008125494004,0.0006438559581482999,0.5402810705849653,0.005791308780183301,0.27802662237566433,0.05349831942212512
10559516,0.0014286537054307004,0.009993003390236005,0.10260563752531603,0.0035929793503426026,0.005057793077800604,0.4962943061169922,0.019827623008659513,0.29396336584725824,0.06723663797796425
10559765,0.0008791324408154003,0.023885589788473802,0.10361743030260344,0.002634185474129401,0.001686176528095301,0.49380838473779415,0.01970396519709971,0.2883246597208957,0.06546047581009312
10559904,0.0022460730289662004,0.009802363600938207,0.11042213541451437,0.0030744515236223015,0.002023013327854802,0.4390559217735165,0.028350800640500218,0.2923916478323583,0.11263359285772918
10561136,0.001951870895504,0.0087288257758743,0.12442729295920571,0.0017500292297600011,0.001527195682664901,0.449720211830767,0.003943997742671699,0.28147348275560546,0.12647709312794683
10561583,0.006752825831326505,0.0037668178286533027,0.10415073013039962,0.0015680266783819005,0.0011824587087047999,0.4332307598242614,0.07817810865562981,0.29848208504012436,0.07268818730251823
10561870,0.00044216263815280036,0.004091283931092601,0.10338372735791503,0.0008259797133533008,0.0009702604206198001,0.4733565130981995,0.10485853286991303,0.29218049109147,0.01989104887928402
10562711,0.0036178600082728022,0.030514693910265712,0.13965878897394135,0.05140444107074353,0.029412726795581916,0.26554752133310416,0.010145060343187105,0.2858071376946374,0.18389176987026606
10566953,0.0009970433260149004,0.006701123310134202,0.10634831932236334,0.002924322288115002,0.0031790811324350016,0.4035249694086531,0.17560329564316404,0.28871685294514626,0.012004992623974102
10567563,0.013637889147168406,0.036258871673435326,0.11712030810861389,0.004137954086151401,0.019132392436197007,0.3939742595017013,0.023023575452968716,0.2833405147582795,0.10937423483548464
10568512,0.0038796678170265014,0.0012147961001010006,0.11584351977178535,0.0018527489459542004,0.0010745429568762004,0.2232635659221012,0.3168044371709934,0.2787903284359909,0.05727639287917132
10569249,0.0006384702315934,0.0009507131780476008,0.10400170600313921,0.0009070877372271001,0.0006257695788902003,0.44652188703931467,0.10254881306509613,0.2925005636748989,0.051304989491792824
10569900,0.0014333027191647,0.1765698881583544,0.134546204984321,0.04143544674570919,0.2680461997457195,0.06027940672618789,0.006383682164568296,0.277425250882276,0.0338806178736989
10569996,0.0008933126103033002,0.0012457564025745006,0.11323840053374883,0.0016634294416427002,0.000531658954538,0.3999077730484432,0.18021006789647062,0.27940139504096684,0.022908206071311905
10570047,0.0004765219551976,0.0027449290687139006,0.10821971332273883,0.0016056324656762006,0.0010000704041255002,0.5037624839453864,0.0762836404776945,0.29312327714575037,0.012783731214716699
10570186,0.0023435791940387006,0.003908229842503103,0.10836878533429156,0.004521578973394202,0.0038741245757310024,0.4236309568172117,0.043588904075027725,0.2946204262922099,0.11514341489559216
10570190,0.0004208856068274002,0.001873844649764701,0.11318852624612843,0.0015400161066802009,0.0011329628077195008,0.39751327663685754,0.17829658292304054,0.2922035983028043,0.013830306720177403
10570281,0.0006892766976494005,0.0017666924550930004,0.10905332853676418,0.0013110264101256004,0.0009668694369005001,0.4132786604376093,0.13692863526039808,0.2905092101296097,0.04549630063585033
10570444,0.14879034624548607,0.005992892222465602,0.12325640049668925,0.014248313178085212,0.005808346245808802,0.2541912602276027,0.01492452931107091,0.2954974404109435,0.13729047166184805
10570516,0.001948053174017801,0.005284298160286703,0.10750615984126466,0.0018138782941428011,0.0019733400657264005,0.45822755651647246,0.01528090043390961,0.2934785311196163,0.11448728239456335
10570563,0.005386689498967001,0.0012467401788131007,0.11271412707345635,0.0015792420769487002,0.0005823396712363002,0.3018975960976612,0.15989062243778837,0.29515371151853,0.12154893144659908
10570908,0.0031613476597784013,0.0009576738565350006,0.09941461584607066,0.002764059723041502,0.001498783595782401,0.2929477789606699,0.2650786474313005,0.3002545760741318,0.03392251685268982
10570962,0.0027244401978803023,0.009501001264120306,0.12257914514872514,0.004674125294692304,0.002538624129107801,0.33992223480625217,0.020004680211278908,0.32686859957648107,0.17118714937146198
10571126,0.016099516657704906,0.0025970301474991008,0.12400396640004124,0.0019037203423102,0.0008464821561310006,0.2275029980164785,0.07889382408721701,0.2797153561249894,0.2684371060676287
10571129,0.05732664745335482,0.004710647757621601,0.11188099696505054,0.013023322748594203,0.001994919579417101,0.4425634701499664,0.005164441020913002,0.2991979582339043,0.06413759609117814
10571130,0.010692804054820308,0.004271653678439601,0.11623804333913373,0.023088275560046705,0.0032701950497272003,0.2652195333264198,0.0036115511027314004,0.2957848281738122,0.277823115714869
10571150,0.003573249046229802,0.003988732143538601,0.10597565999228693,0.002081274468656201,0.001578901769982,0.47133461039340274,0.010716752877887304,0.2959426977000966,0.10480812160791983
10571157,0.020318540511191207,0.0012359629449882005,0.12175735156464865,0.0028649642136986003,0.0007839403013574005,0.1621242639583255,0.32728705308593997,0.2754041681843677,0.08822375523548284
10571249,0.0013536200917401001,0.0009584474365461007,0.10099642394265987,0.0007174777292069005,0.0005286620830535004,0.4252309370971588,0.12074763584532837,0.29786615688539997,0.05160063888890642
10571563,0.0012461737300250007,0.06386762404863934,0.10904113583833785,0.003128603476856801,0.006560490807609206,0.4046501351911405,0.0095761855718906,0.27536481320343753,0.12656483813206315
10571600,0.0014606711306497009,0.0039972689717637025,0.11757004692452473,0.0017736639729430002,0.0013561802828964001,0.5137594685315526,0.01658326866471611,0.2818753940435879,0.06162403747736573
10573894,0.003694894253310702,0.004403445832621301,0.10904660863881312,0.0064111749287566,0.001677934394591601,0.4912305634443657,0.014126570221642806,0.3005932280643186,0.06881558022157953
10574347,0.008815766116952999,0.0047821210254101985,0.11382503138341302,0.004537907516819602,0.0017184894774303,0.463383907276003,0.047752374653526296,0.2911809253154427,0.06400347723500172
10574370,0.014230603705473998,0.0029784292446131,0.10889100941865634,0.0050669563025122,0.0016119100680864011,0.35651667118073516,0.048416187089606835,0.29736529779700416,0.16492293519331191
10574372,0.003362295290768101,0.0017997851317522007,0.10948056568995915,0.000816070831361,0.0005547959378905001,0.31568100503982144,0.19263107695563744,0.2900750634052096,0.08559934171760053
10574408,0.005224364335867802,0.006275411364121004,0.11596292785908466,0.027854757550918322,0.004974436689431602,0.42370148667278423,0.0027890176106528026,0.2943961952869871,0.11882140263015258
10574430,0.0005313839350576003,0.0013344107081387007,0.10709458959253995,0.0014685911736070005,0.0004735409578334002,0.5137380551471923,0.007688134043262805,0.29496077837118007,0.07271051607118822
10574439,0.0060849091644114,0.0019403913805481005,0.10318666153817183,0.0035442786811004027,0.0009654705691149003,0.5008095282260506,0.018983079634353504,0.2977867782041647,0.06669890260208461
10574456,0.0028460717870610005,0.0021323762022093006,0.10808516174045062,0.001974119240364401,0.0009886341710503002,0.3652374018777459,0.0055673708336505,0.29198340281476165,0.22118546133270633
10576038,0.08081523422125567,0.005421985582457403,0.10649889891137726,0.004325834501799002,0.006255126136456502,0.42902605556692075,0.01268405832854641,0.29587627815105105,0.059096528600136033
10576770,0.004473924512918002,0.003709590427729902,0.11930741663607274,0.014678391064869206,0.001240991506616501,0.4401300111987768,0.018867419103169306,0.291539601034421,0.10605265451542645
10577118,0.0013605187217227,0.002671851650973602,0.09714178302492664,0.0014185065115273003,0.0010958354705921005,0.5618724543499457,0.02013801559024771,0.2887028754099961,0.025598159270068106
10577354,0.0022363001618242004,0.0010634006074342007,0.10553127454812104,0.0006315942733861003,0.0005454498772330003,0.42341821937374424,0.10858044775931945,0.2896859175476334,0.06830739585130441
10577622,0.0005849095439199004,0.0023034072769215,0.09914144537046422,0.0017609552039457006,0.0008867184105882003,0.4709822593198421,0.08702259507925035,0.2885418352873955,0.048775874507672526
10577723,0.0021186009245205005,0.0018454998104430016,0.10428761900083725,0.0017159162118095014,0.0008944125502562008,0.49255588651306426,0.07546983077541464,0.2875565158121586,0.033555718401496216
10578130,0.09106976358228223,0.010602098586390805,0.12386518191838233,0.014839302796110402,0.009662410812509207,0.3050648019889131,0.024739154219679513,0.28686702797414293,0.13329025812158962
10578295,0.0017113327721984014,0.003923831109046801,0.11400515246398717,0.005942719860958103,0.0022431376340298005,0.3862792593712486,0.14260869331419782,0.28184802631944206,0.061437847154891444
10579132,0.0004755126521287004,0.0019199428164628004,0.10766856477038154,0.0009623224045812001,0.0005038159092210005,0.3541911741276418,0.24389975874014733,0.2794266709556526,0.010952237623783006
10579372,0.0008971436838863002,0.0037066835411840022,0.11598285365285174,0.0018040159726073013,0.002494860987151502,0.40776951382062654,0.16037780496678344,0.281655580145514,0.02531154322939511
10579452,0.0008638799174821,0.004990622547100502,0.14188024164024082,0.009675936210651005,0.012549695243328305,0.5241700751327041,0.013169931786694908,0.27825571489462686,0.014443902627171401
10579754,0.0007078188517733003,0.0034608802237075017,0.14817346526396563,0.005834654556047401,0.025578954997723096,0.49283238293121795,0.010331620673327706,0.29147199550366376,0.021608226998573506
10580098,0.0022558944629228013,0.004234147668450004,0.10798529336862087,0.0016689730974280006,0.001580266364710101,0.3463597486930675,0.23372785428708678,0.2914640572617029,0.010723764796011106
10580150,0.0006502751406076003,0.002102461651957101,0.13665844137701497,0.0034791840675387,0.002015409847696701,0.4613741980186822,0.07754622706679572,0.2830724457057841,0.033101357123923016
10580642,0.0017406098965931003,0.0023343995719517,0.10117524701641613,0.0025490980247083023,0.0011437041183772006,0.4939188441328147,0.007150305091661403,0.2978464268806381,0.09214136526683933
10580740,0.005439714456345004,0.001238572610383601,0.12170472488755775,0.0013449937190434013,0.0005882818589736001,0.23248634166932938,0.22834728534222523,0.2865311157073126,0.12231896974882946
10580745,0.0012114062890510007,0.0016363379594311008,0.12069977688279707,0.0012673535372377004,0.0004683183748497999,0.2638162647925717,0.20829661634785415,0.2883240564910152,0.11427986932519217
10580771,0.026834483592701214,0.0027233353311702023,0.10787657931669596,0.01014219813203651,0.0012751526109453007,0.41544250320207565,0.026209642975076212,0.3065491911883132,0.10294691365098585
10580995,0.002628092392347702,0.007496031652993102,0.11305293811915265,0.0039627979908393,0.0012498882469079002,0.3616251575083725,0.08421073093065314,0.287228453015517,0.13854591014321685
10581310,0.0009442792085590001,0.004277199345290199,0.10937982691580822,0.0017531940336779005,0.0008623129533689003,0.34375184519864066,0.2057130031196623,0.287029307302545,0.04628903192244772
10581368,0.013395601590346006,0.01540956966081351,0.13558614872540806,0.08376273634038864,0.008692966273401204,0.31888628405055003,0.004519951360257701,0.2933222059007673,0.12642453609806767
10582173,0.005299606823714601,0.005140946851383399,0.1117357480138063,0.004696944265375601,0.0015153077858786005,0.5024371607307574,0.008906455936731299,0.28260340826471186,0.0776644213276409
10582418,0.2635305818393082,0.004964403917725801,0.11314208175130483,0.004244048459047802,0.013857561811579903,0.2523141386373038,0.011168070476393507,0.2798103062513757,0.056968806855960626
10583009,0.0005643648828688,0.0019505862222327,0.11070757689418714,0.0009200093236184003,0.0013989669125009999,0.33508356891683494,0.25476737326139676,0.28858063135971174,0.0060269222266485034
10583434,0.0024193354199792,0.027042570535266312,0.10902720838253364,0.07207098951695683,0.0017991850918230004,0.3908407183794564,0.016601745339725506,0.28198016392253644,0.09821808341172271
10583521,0.0002728169462958003,0.0003609404358103002,0.11718886722817017,0.0005628485885201003,0.00040734961764860006,0.13718742718845506,0.45097768808668187,0.2766167450404019,0.016425316868016307
10584210,0.0006033520952257002,0.0020243165101391006,0.11087217863260314,0.0011375693826909006,0.0005757165218173002,0.3716231377165147,0.19309751583359377,0.2808899393173293,0.03917627399008612
10584222,0.0009026205139224001,0.0009293873200560002,0.11521670237152362,0.0005509955109605003,0.0002889863175656,0.4272882314135034,0.16082022398753387,0.27832742108016234,0.015675431484772406
10584314,0.005631376171744502,0.0012014302234239,0.11903848410578205,0.0013541953034457998,0.0005722863485447,0.12113540960073595,0.11432675744378751,0.28197317299872926,0.35476688780380633
10584430,0.0033786191005640027,0.0015820460880068003,0.11556298200920634,0.001492460845170001,0.0006832060075753003,0.22218075000965803,0.3018168316853227,0.27624414068945413,0.07705896356504273
10584519,0.002038196777698501,0.0121321964298894,0.10310304367801221,0.0048640796614783,0.0018786804168264997,0.37080432704924965,0.16535815522797323,0.2906752999310085,0.049146020827863714
10584820,0.0009912279960896005,0.04497609160597002,0.10663400663430934,0.0015091117018253004,0.009719507751390207,0.5044806596396765,0.011466058072372902,0.2851075920802768,0.03511574451808942
10585136,0.0009322002047135007,0.017894281013329207,0.10639189270448464,0.019504070198083714,0.0013911541248422007,0.5473604101918337,0.006116031390760002,0.28726353583971026,0.013146424332242907
10586849,0.0011961781162976,0.0053369524908947015,0.11439125625668674,0.007361478924364698,0.0031814926238591,0.4774567668445395,0.08215772307301301,0.28840505387953314,0.020513097790811403
10587734,0.014630849020612903,0.0052663968049951,0.10095826640151383,0.003153047219006901,0.003141713245217101,0.38985186519718035,0.15472125022177927,0.2981931953152625,0.030083416574432104
10587840,0.0018253994534668013,0.0025960580993251016,0.1298476003430668,0.0032455482860222,0.0008285573091908998,0.47546306528236604,0.08196523055818201,0.2826907026826486,0.021537837985731303
10588529,0.003153753255788502,0.00014236952559540012,0.10673598787208408,0.00020556705059140016,9.697232844666672e-05,0.010617466142687007,0.5776981492743829,0.2804417683302085,0.020907966220215513
10588664,0.003032824355560501,0.00040209897184810024,0.12480409888147044,0.00034592220348170016,0.0002489757144295002,0.03638041731174992,0.40004044572174136,0.2789536991962423,0.15579151764347615
10588792,0.007358435868407803,0.0004126634251337001,0.10766486610915492,0.0004007547935632003,0.00030273424362560014,0.024194273575630806,0.39261218903706985,0.290331635262976,0.1767224476844381
10589349,0.0017072134579038014,0.004711650761282601,0.10982955160838306,0.0015492454969502003,0.0013893509831265013,0.1224764174041226,0.12430929023931105,0.2925299899279792,0.34149729012094104
10589410,0.20465017103676952,0.0009967271395874004,0.1274616998753712,0.005743617131146499,0.0012164487030525003,0.22133116836014072,0.031854580888062,0.29328635880612963,0.11345922805974033
10589411,0.0095904986332046,0.0008435656994155007,0.10380165957038792,0.001344633200463901,0.0012890947157350012,0.2530265549262378,0.028869272524288607,0.2964517524718294,0.3047829682584373
10589472,0.02379139741748431,0.0024542277228155004,0.11165189804663544,0.0026749786094065007,0.002494829744978301,0.10490389514720154,0.06347712002754292,0.2954836184571593,0.3930680348267761
10589485,0.05043339343731942,0.0018983206203696012,0.11287024163352533,0.003319125175317701,0.0024394169115602,0.14023997849606445,0.018133301739936103,0.29677646271332453,0.3738897592725827
10589763,0.0008847744792047,0.029787591409728115,0.11151377625565834,0.02365996777859301,0.0029904895802224008,0.5211036440091489,0.015454484409317504,0.2825885624415011,0.012016709636626006
10590733,0.003007421410629602,0.010521031165201807,0.12858661072830382,0.10035159073751752,0.0033730413034859016,0.4445627790607997,0.0034957252021247005,0.29819636465142124,0.007905435740515701
10592587,0.21943659581615307,0.004012044398929599,0.11263791611350421,0.004267398508260102,0.0085200108416164,0.27863200163194185,0.006936849753242001,0.2920283953244705,0.07352878761188221
10592944,0.0014030983356799998,0.01571391538815011,0.14947528730112125,0.025141740357392802,0.023463664160911703,0.46094552234614056,0.018241961682240213,0.2816520850872135,0.023962725341149908
10595034,0.0031088039795094005,0.017904891996323807,0.11232468623546037,0.004069201131103202,0.018020790928151408,0.48576670063379873,0.0074637318206310045,0.2926985774516834,0.05864261582333883
10596119,0.00027881658223649993,0.002140803469062601,0.10548836612552803,0.00027569754655390016,0.00046677077811410037,0.5612140012811073,0.017987847550406503,0.288921089730017,0.023226606936974013
10599481,0.0003870966682752003,0.0007491980424335004,0.09864925539223895,0.0005297296481019002,0.0005553257945581002,0.40249743107352376,0.20433977505473608,0.2851232543765936,0.007168933949539003
10599552,0.14529063171146037,0.002270528757623901,0.13034413789166865,0.0025440889082993003,0.0012550423316812006,0.22850540775566183,0.036964513116008714,0.2770535701263452,0.17577207940125086
