track_id,Clutter,Cormorants,Pigeons,Ducks,Geese,Gulls,Birds of Prey,Waders,Songbirds
6868504,0.019899785303451833,0.3341415787803066,0.48717088365780237,0.10434722000323202,0.003107573015166749,0.00027690441030118443,5.5179032848362254e-06,0.00948621233063425,0.04156432459582028
6868536,0.00529283722717003,0.41323378224088886,0.4752576612050876,0.08065780256477437,0.00025837381289342656,3.5910409176493706e-05,8.748445109690838e-07,0.0014546503157151494,0.023808107379783172
6868565,0.01205878179156852,0.6106258666865987,0.1521612231230598,0.06709430546639329,0.01164275465049095,0.0042227077555194725,0.00012332670339745225,0.06784625226948646,0.07422478155348537
6868861,0.00031824001952595964,0.7957947586487185,0.003707227186768572,0.013874128518813743,0.12342060747821645,0.00023336908861137758,4.1176723873496215e-07,0.062226168293495907,0.0004250889986107359
6869275,0.00012472452235174817,0.825310385927078,0.0026569816007656773,0.017881679852479754,0.1313562299237626,0.0001581027150595291,5.247682595521885e-07,0.02233103612911861,0.00018033456112452384
6871418,0.004683556729215335,0.1638494125462584,0.6969567163748546,0.0746089705785987,0.000866545037161865,0.00036233587921257924,8.875421573451499e-06,0.0031843065574831434,0.05547928087564205
6872996,0.06111864572651164,0.0001136855050067596,0.0013076425927657199,0.0023365395120115264,0.00267690780986496,0.09408208068036188,0.6901787246103586,0.10354316088829926,0.0446426126748198
6873817,0.0032064299879143838,0.45989036182293147,0.050017357639250484,0.0318682791931989,0.03733632670716793,0.0593996635309534,0.0024647076626528146,0.2405996430188896,0.11521723043704091
6874023,0.00019384523886868321,0.17237088507965118,0.003973920489512481,0.002740667622887213,0.05303125146759523,0.6516275064126795,0.04798450173677847,0.05141873755553668,0.01665868439649043
6875504,0.000354913374920565,0.08850146687594122,0.0072459448818712555,0.00442390939364359,0.031438130125430036,0.6909920645879523,0.07842468122667931,0.06778859666409548,0.0308302928694664
6875899,0.004254395582512,0.011522556456949285,0.010002873285582161,0.007152792209862482,0.004925171889709719,0.39493148631231095,0.30667557422458225,0.11028589544093156,0.15024925459755967
6877293,0.011190800578494453,0.25807243040506433,0.0702991214017739,0.09044378165476236,0.005481409031890909,0.12142336005450056,0.04711492557204465,0.1571791410884143,0.23879503021305465
6880408,0.003866036682015976,0.06171793522586977,0.014276476211906369,0.018919835962841105,0.015268200324965016,0.4343436518170416,0.17227866810835452,0.1839271732137924,0.09540202245321326
6880690,0.0018949376410213996,0.19588462137062157,0.016220325899103067,0.013175257217709608,0.013095518668824156,0.4518601247242185,0.10589288652719349,0.12811206115701254,0.07386426679429577
6880833,0.0027560200628021186,0.0006053678887406994,0.002492291204485048,0.002507315860637253,0.0007636737198221167,0.1792924956336072,0.7114514839112877,0.028455220120143638,0.07167613159847443
6880956,2.438194885008129e-05,0.048987735886175714,0.0003797773961677663,0.00034288708724267706,0.029909963621258463,0.8436349644539827,0.06923901947855896,0.004827514119872536,0.0026537560078911428
6881733,0.0010437566532044507,3.644736634628799e-09,3.6127324586357634e-06,2.318660570374034e-05,1.0978468117795168e-06,0.0008981787359905103,0.9968786778179958,0.0003693689921317578,0.0007821169709666759
6885154,0.0027832011051592592,0.04612758941929727,0.005542358101723307,0.0057339089932708365,0.007237552296607772,0.4759731819789735,0.2714328306370568,0.11878333237137192,0.0663860450965394
6887294,0.02308313344016213,0.11776997201010497,0.03693622040460243,0.007950791371485336,0.021846262718089798,0.3994988341059486,0.051836405617416786,0.1575135075410886,0.18356487279110134
6887586,0.0029345420554636906,0.10252253310641866,0.023481113639876428,0.010268498754795073,0.007487301880143854,0.48728906995070986,0.11109706210109305,0.1088518379023435,0.14606804060915587
6887600,0.00414397503475932,0.09943928197019956,0.033450206965781736,0.011842935235055722,0.0024770426755179476,0.35790535612521013,0.11357957971907674,0.0811194515074255,0.29604217076697315
6887637,0.003464873581557442,0.14892063836611613,0.023399618700542895,0.02572320827543139,0.02751687300815784,0.3849640197169431,0.06624727367756322,0.23147236978112176,0.08829112489256628
6887702,0.013671295792235414,0.022833807072007137,0.0260912355436828,0.012521620304770179,0.0019077701285684185,0.24338587244454704,0.2311016067429385,0.0873164721321151,0.36117031983913545
6888243,0.001354410284201042,0.3606646397838798,0.013286197775363781,0.01532085933419123,0.026849948266684708,0.3198370863880717,0.05211656462389129,0.16662245576791052,0.04394783777580598
6888737,0.010152901271948182,0.32913687786157036,0.15028259925683365,0.05979409301934257,0.0031599252300291377,0.0719308518723107,0.01858351341214293,0.060969025635360656,0.29599021244046164
6889024,0.028290955936249917,0.00014395983589417106,0.0034197436014791584,0.00270567005209701,3.6889003113455915e-06,0.008366760721926797,0.37585657944224965,0.007427975499839257,0.5737846660099527
6890285,0.0012454545977790194,0.09626055130834749,0.002924490178697865,0.007625464172865683,0.01379551227242725,0.4023935100571561,0.37681397742144535,0.07905362045907605,0.019887419532205144
6890416,0.0031774274054250182,0.15127339340263987,0.013150865338011882,0.010461472734477348,0.003605809737298886,0.35959838755223994,0.1663926953594722,0.11378080194775005,0.17855914652268487
6890579,0.004563779956740991,0.01198980639390817,0.006261329187021114,0.0021619695383573974,1.8055802848661013e-06,0.0073245368792820105,0.0416216007043166,0.004308378455970794,0.921766793304118
6890917,0.04857670674311705,0.00014569015571855326,0.003624190972340736,0.0021512542114613484,0.0032686429438698317,0.11895415395971666,0.7028749448119793,0.04348810170414833,0.07691631449764821
6891091,0.016843214899882563,0.07065342937917421,0.3325639629082457,0.37187967193207105,0.016904050215613555,0.032488260634439284,0.005219721035326878,0.07318436347909792,0.0802633255161489
6891208,0.007488220343774303,0.05956309508897741,0.055044054883271694,0.00885499565825196,0.0004983876684436672,0.09383317690950325,0.04241896595811619,0.03390770331054789,0.6983914001791136
6891245,0.026261482411582885,0.007641300774131421,0.00806545254550346,0.0057833969911411445,0.010276755301611743,0.3813728075641767,0.38883126090187914,0.0925582913869894,0.0792092521229842
6891309,0.0027826291420748345,0.03638851223074977,0.009709288858265663,0.00560388911522016,0.0004203535915040058,0.249517771668563,0.30384925445427086,0.03983606166039188,0.35189223927895985
6891366,0.01097618214142947,8.007471343683606e-05,0.0011931334591367025,0.0008406736223193024,5.9844237641879135e-05,0.046642629172085955,0.7831027331368857,0.017212509742828192,0.13989221977423574
6891473,0.08253751140701386,0.023035786517831194,0.04570254599310015,0.010232322358294714,0.009884744000705863,0.28262210056854975,0.12217107827852827,0.13083166349477457,0.29298224738120154
6891484,0.005379352605371043,0.011956900686868098,0.0112983779946748,0.004151881976251677,0.00012546091331234395,0.11932788821719251,0.2410203651912398,0.03117053202358122,0.5755692403915086
6891531,0.0193743636501132,0.009882149187983745,0.014845548338406222,0.010790292785997633,0.00038446048013556357,0.10207695248091585,0.35152508646347,0.05440524303557136,0.43671590357740636
6891557,0.003470267959439365,0.021014280817018647,0.0230661941384531,0.0032695303887481726,3.8882130778408236e-06,0.0035710110958204373,0.008076732717034357,0.002646518766283584,0.9348815759041245
6891579,0.004714416283697992,0.01452721011160278,0.027060888603114338,0.01362153330445661,0.0022066541119316486,0.2518447796848227,0.3128294801390615,0.0489301788460612,0.32426485891525125
6891867,0.007356984701049656,0.00014126327316565932,0.0020343087256513956,0.002270469241584326,0.0003843578748822312,0.07000039156642814,0.825415413007423,0.023152920336310282,0.06924389127350519
6891888,0.004792914677209535,0.001921461939777056,0.004622529022322715,0.0015166151807654157,1.5771544723323384e-06,0.0074885891225596034,0.07116904546757245,0.004286127809128166,0.9042011396261928
6892297,0.007869181646351016,1.5942313112166868e-06,0.00014641651669589155,0.00021114236466793264,9.762070818782347e-06,0.010259768955964465,0.9515618588149592,0.00457034238423764,0.02536993301499385
6892562,0.0026421423522704946,0.0011750181446729402,0.002983736831715638,0.0026152785903893767,0.0010701242923967624,0.1691512003389171,0.6865643768415339,0.03599181075490649,0.09780631185319734
6892587,0.004636915876172481,0.0019492303833437373,0.003909179786048453,0.0033018306561905185,0.0006188290870279753,0.20067336540710154,0.5858677843704903,0.049951487269065814,0.14909137716455934
6894293,0.001386996678199115,0.607277108111583,0.01971476396255808,0.04270605812212463,0.1065876868857646,0.042144053369054135,0.0015012662969352134,0.1674999632763908,0.01118210329739056
6895609,0.009535998047660067,0.16456671172608975,0.11258762063744852,0.11052116512582175,0.007153715029973789,0.1297612268144874,0.06547398909704066,0.11629866879299426,0.2841009047284839
6895723,0.0034746340381378413,0.026993778388301012,0.011736436410280217,0.0038014050485828763,0.006871310142658047,0.5511244246428507,0.13695475352063602,0.1094528550881662,0.1495904027203872
6895905,0.0022984955361093945,0.010486024245186928,0.006227253352455526,0.0035331556192513456,0.0043065118608026235,0.4776011326291047,0.3229154906576242,0.08258403269539524,0.09004790340407007
6895906,0.08319891309432885,0.010523717599019688,0.03465842729005285,0.007132590972428801,0.0071206618776701895,0.25002695542496073,0.15873278834604818,0.12436516896588744,0.3242407764296033
6895927,0.03334473112051182,0.0047321528058478,0.004732524840747354,0.002560069970535515,0.013841864428915886,0.40744789900701867,0.313759893387366,0.15735750271017424,0.06222336172888283
6895938,0.008850796897135384,0.01249661416125095,0.016555092721308104,0.007556587709683375,0.003829941791024823,0.3405648354975456,0.3209811424847297,0.09292186977585225,0.19624311896146981
6895939,0.005195772866597963,0.0864062862029845,0.035696570497299566,0.012523970771628203,0.01065616923655986,0.39895057995542055,0.07774354968978142,0.13797380464710482,0.23485329613262299
6895948,0.00065906240487147,0.012451756875759484,0.0023284080218407446,0.001303841821255518,0.003712682237010455,0.620094648056789,0.2349216434225505,0.06950110230454998,0.05502685485537287
6895973,0.003287425356668093,0.09015624821467158,0.03794015120107343,0.006087247757589975,0.0038891010602821506,0.39257128751391357,0.07324060037755081,0.06907632452661398,0.32375161399163643
6895974,0.0018551267818945206,0.006661517906663591,0.004773185814367617,0.002870276701346332,0.00432871291185332,0.48730809118761337,0.3155778097384388,0.09132067415742084,0.08530460480040167
6896754,0.006869484397571365,0.08230079892918513,0.031151874155173117,0.01762312679188355,0.001534781559057553,0.24451408148708123,0.19657185409498507,0.06044761068496447,0.3589863879000985
6897915,0.00610351247495397,0.24634903873903458,0.10476315817165616,0.23240491885924217,0.09955770647179121,0.10227142621402387,0.0113312706137724,0.16695630920210666,0.030262659253419026
6897964,0.004761284669998389,0.2366973776004144,0.048877400940345435,0.025863822408972587,0.03097453272989967,0.20295870904361787,0.017014116351822855,0.2575451806448106,0.17530757561011828
6899282,0.03343676169368797,3.904959362918335e-06,0.00021994350275533617,0.0003589698946940425,0.0003483343166605642,0.03166968631649259,0.902885171064506,0.019570148017270483,0.011507080234570076
6899294,0.025792431372884284,4.390330752404655e-05,0.0017092327631999514,0.0027397882588854503,1.2798000374263642e-06,0.0049888338169248115,0.5879732862050848,0.005229669932213179,0.371521574543246
6899376,0.0020556435968043713,0.07717554826204012,0.013761945901517768,0.009309043957766118,0.00458126600368784,0.46939530380837247,0.2023962737413114,0.07080525844172238,0.15051971628677757
6899506,0.012099377736254486,0.000752188123948889,0.0016304437391614763,0.0017683041639725494,0.003290296654027228,0.22603043481704613,0.6644292775435792,0.05563918854077041,0.03436048868123974
6899530,0.008952100714048198,0.009954224595430945,0.015845616661366545,0.009588240857272872,5.5275848040414485e-05,0.041268212367415895,0.1563138406890933,0.027107608903938003,0.7309148793633938
6899560,0.014705787782688672,0.00042161856558466505,0.0030263144469939484,0.002898554633762613,8.928075262728509e-06,0.01914607252028846,0.48694575707441695,0.014054951315717304,0.45879201558528465
6899670,0.0027837087807626323,0.004917934494158953,0.002347319790589868,0.0012119700249300421,0.0028635975670627226,0.4552774222138976,0.38114942360708626,0.07113738376835081,0.07831123975316115
6899695,0.0027753400113851526,0.044668059456777855,0.007374978342872347,0.00365878764932884,0.0008092480957714673,0.32643140319184794,0.23457563936776707,0.08046870721000773,0.2992378366742416
6899730,0.0019010039148238018,0.0024742916282673574,0.0022947340356303005,0.002178178628502471,0.001920300480366338,0.3095886946691979,0.5425083422474655,0.06737795114954373,0.06975650324620256
6899754,0.012246083712471788,0.04751107114841969,0.07806562530199965,0.09279551705140601,0.010813690301202107,0.23566444301681844,0.14351533553893953,0.1733748659651217,0.20601336796362102
6901206,0.002663855754872539,0.09700335083773524,0.021993278545340587,0.012640645915259279,0.003207719802530035,0.34474477422587835,0.21078024879600346,0.051015187756957125,0.2559509383654235
6902131,0.00010160309170538106,0.0016071249030899049,0.00023051439636190968,0.00043712583200797826,0.015564911516226175,0.6372251754444702,0.3358985500067186,0.005746899024168243,0.003188095785251545
6902271,0.001658346453309931,0.31012846185647425,0.028600479782384947,0.012181912250814922,0.029496698438915007,0.3560804602140829,0.022565704297456014,0.1460796644527145,0.09320827225384752
6904326,0.007849068779956631,0.0007920954465201359,0.0029439125939271144,0.001321280662882279,2.496755626003758e-06,0.01235828986983545,0.16807348161744573,0.006949101304492214,0.7997102729693145
6908023,0.00044028754798614125,0.2768900892270084,0.008392112511528665,0.009929456533408126,0.09287344136419527,0.49760704808221357,0.02927849964143707,0.06899374556873458,0.015595319523488037
6908625,0.0032803896798950225,0.001358609161850864,0.00310441559982214,0.0035771446172445844,0.0014278355855927443,0.21616255094485456,0.6706146301898819,0.035770056739982035,0.06470436748087606
6909657,0.003348764764919111,0.0028795306663852577,0.004129568337055887,0.0014759772162600108,1.2601149445948812e-05,0.036254891274766145,0.21415672947049194,0.009059527125508384,0.7286824099951673
6909786,0.0025777589253471894,0.007333978222260252,0.004387302755193477,0.002606943288290801,0.0006243532633429678,0.31341224741102086,0.4245266926276605,0.059647015418790805,0.18488370808809326
6909952,0.005850262663183869,0.000900243397330047,0.0031784692749471013,0.0019299121365038906,2.6931504612183985e-05,0.04340420272935055,0.5065596654716458,0.014844010657423936,0.42330630216500276
6910003,0.00453033933562664,0.0004585634189620686,0.0016415416901637042,0.0008249791117867403,7.694252344979378e-07,0.007542786049574765,0.1935184988954784,0.003795687368935879,0.7876868347042374
6910407,0.00021425733753776435,0.06526534460924042,0.0015226946444290108,0.0010986728260635988,0.015830233629743635,0.7749646280186273,0.08172965723787223,0.044436917779033296,0.014937593917452734
6910422,0.012192040040016925,0.0028173513876870297,0.004796367716482074,0.003489454136413622,0.00020324207277036373,0.12186254765348535,0.5315084708591774,0.038430005840285664,0.28470052029368137
6910425,0.01587079458052261,6.439157115024681e-05,0.0009814960603268376,0.0007248836941288181,2.46318253006222e-07,0.0029766842398927158,0.301427734340734,0.0030977284022548636,0.6748560407927369
6910560,0.007355496290934684,0.0019226149496935554,0.007112179494445815,0.004397959698291149,3.670961392099609e-06,0.009205585783159255,0.09231688273276954,0.00885173363715312,0.8688338764521608
6910590,0.014886073878202837,3.315841271688701e-05,0.0007750524885657554,0.0006463219580154001,2.1000467837960348e-07,0.0031610717245786775,0.41712969458215665,0.0026917181715212794,0.5606766987795642
6912744,0.00025198804807768173,0.019430935181601373,0.0018330534184496955,0.0014746741399990506,0.012168508543815277,0.6892907756806186,0.2016524186513337,0.04783947588174489,0.026058170454359864
6919118,0.002598244069170375,0.1681623944614002,0.029120389071529,0.016221266994350416,0.020157625476164502,0.508942332367044,0.07130925871971328,0.08450229050475894,0.09898619833586925
6920152,0.004373115641837107,0.2956974920066447,0.04915235017857348,0.04010957137687233,0.021763949954937453,0.33265508271391697,0.06160565315176059,0.08722333355582418,0.10741945141963322
6925791,0.0005233171039496376,0.007988505383614621,0.0015163978994495871,0.0012043763831102493,0.0035718687365396545,0.5516686635173447,0.3349340764945759,0.06534620961432429,0.03324658486709128
6926246,0.013651429711889729,0.005709617392840299,0.00775439284854757,0.005310643461478431,0.0022792755844581133,0.2504033994599021,0.468888796568028,0.09054069971023648,0.1554617452626193
6928841,0.005035138092389449,0.14971812922771022,0.11633951988070235,0.12705984218691385,0.12279623879845371,0.14830099184084852,0.008927757289939185,0.25171017566859744,0.07011220701444539
6928933,0.0007022187400169187,0.14246214096609744,0.008524498148938112,0.007244708460653434,0.06099946293568043,0.5181919975704778,0.05572750619424415,0.16829865834109364,0.03784880864279802
6937241,0.005881970799934029,0.0014554945180580046,0.003247453909039001,0.0015300877228149917,1.5710238839241712e-06,0.008379836492478606,0.1481829692957535,0.0047846414824155165,0.8265359747556225
6938426,0.0005376770639234765,0.059500143369594145,0.0036936127123917994,0.0028320919144622612,0.026490338430308034,0.7292267324631813,0.0670501821977068,0.08461269577418568,0.02605652607424653
6938530,0.0004907906232877923,0.04338453408257901,0.0028272804779476976,0.0019294365719225333,0.017509379638591557,0.7113064006707234,0.09655008615567026,0.09464753940417091,0.03135455237510699
6938682,0.0014255227728676987,0.002729659224911266,0.0025111118361282173,0.0021125157337271547,0.0010970213385739338,0.3181738767285116,0.5626136290403001,0.032082519754093236,0.07725414357088695
6939166,0.00010018989158736057,0.009176080561911605,0.0006000315041552463,0.0003310981164207378,0.005262159011002542,0.8357879411677123,0.1259912021644205,0.013021571506991533,0.009729726075798247
6939222,0.002265971697368885,5.61317663799061e-07,8.73074513142661e-05,0.00026705963728394745,6.297655206673817e-06,0.005298000964670564,0.9759346766379451,0.0030491371224368323,0.013090987516109992
6944591,0.0054670299609631615,0.002764506803533162,0.0036317466304318894,0.003353845114605584,0.0019472458681737829,0.24444693863436778,0.5977936654197151,0.05123492795897095,0.08936009360923856
6947293,0.001318242665034364,0.3013515013030072,0.028695285896176755,0.012593337629588289,0.017824322349874428,0.3904993637984537,0.044300308801348776,0.10625430309204807,0.09716333446446819
6952804,0.010102981971398101,0.27149192793319005,0.269529538283962,0.015394799444584967,0.000620255068796418,0.012114597032690279,0.0010678893830261612,0.010445316899256629,0.40923269398309525
6975207,0.002543303158948858,0.09226114673940483,0.014581675902203817,0.015214363373452456,0.018536670683544237,0.4547896161051889,0.16222795781661575,0.1590722896866226,0.08077297653401855
6975472,0.0023289422496415796,0.24234369240946851,0.020563738255984867,0.026473627542008188,0.025614287055198057,0.38028880532121545,0.0734078839497581,0.17155009079976669,0.057428932416958546
6975490,0.0003810432017018484,0.05027684378325093,0.0030968831339924733,0.0014997297059011435,0.005840845524710203,0.6928127677364048,0.1195291490723837,0.06862602300621908,0.05793671483543593
6976427,9.098863719176874e-05,0.005760330901416154,0.0006800855043654561,0.0003807229318295965,0.0051700590043238645,0.7613229056857789,0.19239268947163332,0.01782657838782539,0.016375639475635556
10551287,0.0020579735216533215,0.047523394492970446,0.01433239220854793,0.009676126580250905,0.010824805371321355,0.5180450959258442,0.20949852269747857,0.10485104544492226,0.08319064375701095
10554874,0.16686028737241831,0.0012534180076228276,0.018226009985110477,0.02966618924836845,0.028728584205331323,0.09003807647293227,0.21344266831197412,0.3215603066225419,0.1302244597737002
10555071,0.0007528533656507081,0.06925850130822457,0.008622428386740695,0.003851097738476499,0.004435365266406938,0.5565014212008683,0.15954259469331827,0.07911144157735515,0.11792429646295889
10555459,6.472432233443539e-05,0.1062943963139092,0.00989238787058865,0.00279415436063335,0.08046163973255058,0.6616986353344354,0.04805958771304705,0.03610162689403916,0.054632847458462086
10555968,0.006021869697571883,0.16662112573844104,0.19486877343780745,0.1310238705482143,0.02934717953894933,0.10495318254191016,0.014770540329184413,0.1594002732208188,0.19299318494710263
10556692,0.0018960674749432633,0.009114297992739249,0.007839755125222917,0.004219358560122564,0.00038108437637743314,0.18092390832531402,0.407103182566493,0.04188818258155221,0.34663416299723526
10557065,0.0002115028046176468,0.12080115439356792,0.003862959311478688,0.0030601627446538897,0.031092820402937787,0.6587525722500296,0.07988021492818932,0.08046403322638619,0.02187457993813896
10557235,0.0020968262687946055,0.2062105533798602,0.07070895972909563,0.13218052448016934,0.1520925219217066,0.2756823881507215,0.03382350628851685,0.095380785967604,0.03182393381353136
10557310,0.0017408061033069473,0.446541118463532,0.09206989653733687,0.02559198300796718,0.02416322270333064,0.12425866640936015,0.005976260308099973,0.09698718372144967,0.1826708627456166
10557603,0.0006023701341677641,0.10279208387147988,0.011309480757984226,0.004439854930969795,0.009022954352658543,0.5695612590180921,0.10056589166391304,0.08593253717709831,0.1157735680936365
10557649,0.0002741131396662266,0.044100313129777656,0.004421465002208137,0.0021459936958673088,0.012345183140805386,0.7458936313645276,0.10888198339820294,0.04423513111538053,0.037702186013564225
10559369,0.0034820356428427084,0.02770782829360665,0.013160610622479897,0.008435416563453332,0.006715036860318749,0.37971534373786914,0.2879169984616371,0.1252745503990574,0.14759217941873504
10559516,0.002965484638034563,0.0014643974810030764,0.0025687207455193624,0.0048792943245804495,0.007185508993689111,0.24080697713825608,0.5457490288020723,0.14676228823579798,0.04761829964104712
10559765,0.0002204986563864754,0.11503461714178972,0.0031373889501789035,0.003135689753003033,0.020277260494425242,0.6574284333438722,0.13313591353287868,0.047056795213716356,0.020573402913749473
10559904,0.000794244889505082,0.0037677375313584205,0.0025514149342993797,0.0019214243536038829,0.0031717218052972635,0.3989703530912208,0.4641074540314311,0.06513580827975163,0.05957984108353221
10561136,0.0015800205833365255,0.08339751142894058,0.0180772656548027,0.0069580084296462655,0.003785855545055887,0.3948027817781538,0.16457215969159814,0.0869845195371712,0.2398418773512948
10561583,0.0018864096255380898,0.00028137021306858515,0.0014759694647392151,0.0009102104833883656,0.0006198879879027459,0.15241765618187977,0.7357068253907367,0.03270283803598436,0.07399883261676221
10561870,0.0010749197383255237,0.0006873515423931501,0.0014361521446436207,0.0011380081692131182,0.0015068375427812427,0.2660956539947163,0.6437297880515022,0.04372134798230076,0.04060994083412417
10562711,0.004122488687709999,0.2610895241423952,0.2885005119903199,0.06916250499953384,0.012709993168867208,0.06672925037299224,0.005265752038558078,0.05670405987433299,0.23571591472529047
10566953,0.0004885984114385526,0.017887915691494432,0.00361158678039353,0.003192270083095292,0.019699366469676814,0.6357253786840955,0.2147370024803297,0.0639544605991876,0.04070342080028853
10567563,0.0013560542571736255,0.2911199902863667,0.03574178272336372,0.022338044907865045,0.0670636335024735,0.24743202743342643,0.025872429284915684,0.20468208117394154,0.10439395643047371
10568512,0.0013241771656559713,0.004527147786837417,0.006748632114149444,0.003719156489551665,0.0035585468230402667,0.403510889481659,0.4123425262001448,0.05049652486905317,0.1137723990699082
10569249,0.0009116495889433443,0.021236093781033603,0.0073116229423231555,0.002840091949973813,0.006405855910861489,0.6017268186925949,0.1878834133793482,0.08104595123782651,0.0906385025170949
10569900,0.0004816491506492151,0.6888645610050643,0.0063886183341471114,0.011606429780145948,0.14419345057014935,0.005418864152155533,2.5474131946660622e-05,0.1400282451806379,0.002992707695104099
10569996,0.000693682003168298,0.0035305440003594634,0.00275504929495496,0.0017619288683131534,0.004149789482280001,0.4895355414395872,0.39766559184285016,0.04858485147127895,0.051323021597207856
10570047,0.00048744294527752443,0.05418458612662434,0.00933909461321975,0.003379239472354313,0.01975710928896284,0.6750428348186779,0.0919491724989363,0.08072423709143331,0.06513628314451374
10570186,0.001988562212737112,0.005722558285168895,0.006077389636811454,0.005317279638614544,0.005819128395066857,0.41020482078822923,0.356702249053851,0.11812897824177242,0.09003903374774846
10570190,0.001979565674113949,0.0014921391578835476,0.002753977016323316,0.0039636717118358,0.003809190419211714,0.25715387795413647,0.5998749787985023,0.07972201646807581,0.04925058279991714
10570281,0.0006498534754061148,0.005586756735543254,0.003269430445917869,0.001979839728701651,0.004138419424929459,0.5178599059552647,0.34033803870324336,0.06325653529061331,0.06292122024038055
10570444,0.0057341058880394005,0.011340025698433556,0.02706666235230304,0.013811079434459078,0.007251108036017228,0.2467693984378958,0.2843327733030422,0.1027772247565325,0.30091762209327727
10570516,0.001015337532962519,0.00790836588486935,0.005355342216573747,0.002727496337099426,0.002376250323764037,0.4016817218833753,0.37939994158544166,0.0609620817343375,0.13857346250157646
10570563,0.0013839333295375205,0.00011899379418377418,0.0007718740725683471,0.0007608339150331721,0.0005410285161065829,0.12916064513720363,0.8092554856762866,0.023841420847145113,0.034165784711935404
10570908,0.0008376902214209771,9.326485438505869e-07,8.6876877395783e-05,0.0001931796605599826,3.207964433871943e-05,0.01558899847090203,0.9663347208581508,0.005749194989732268,0.011176326628955662
10570962,2.123596423282185e-05,0.04800409350672626,0.013942121137815516,0.0015633705221844876,0.06589576083317439,0.7287793460470167,0.048032628306475145,0.02508483670805999,0.06867660697431487
10571126,0.009102947781295204,0.003640258247297647,0.01044087104338327,0.004566355014320763,0.0002474237995525648,0.09087838911801774,0.37645379765326276,0.03803908415033317,0.4666308731925369
10571129,0.006672204771069196,0.016202296435686294,0.028855539423876052,0.012750473786674819,0.00210938467396471,0.2178119824397166,0.2444856060081934,0.08186247303159712,0.3892500394292219
10571130,0.003912405807471001,0.06599122073685837,0.06303466050638483,0.019212079276028176,0.0033370019640486383,0.21776457592934906,0.08505178697366,0.08143946616664512,0.4602568026395549
10571150,0.0014366394965966646,0.09043046991184105,0.02803891792417955,0.008074446559101141,0.009391106503541566,0.48425550116120103,0.09464417817972275,0.08719590567337447,0.19653283459044166
10571157,0.05854443029820113,5.8691929936842284e-05,0.002669528643669501,0.0020075085431650475,0.002091188912852257,0.0809472037171615,0.7309881035903507,0.05628454380491517,0.06640880055974786
10571249,0.00232581851516266,0.0002345075081347768,0.0018832385870186394,0.0013658549593170883,0.00048653485350318664,0.12856472287291457,0.7437093454019424,0.034918084342305804,0.08651189295970083
10571563,0.0006824790770662293,0.39554768797447265,0.013796419808902238,0.00965915373584402,0.026471173725814947,0.36665792994030366,0.048489527172048304,0.08904346159879331,0.04965216696675465
10571600,0.0008924221548343002,0.01282662954846713,0.0074261109950382416,0.002908409082232395,0.003761794661390791,0.506982753525797,0.27277413954617863,0.06585998914310968,0.126567751342952
10573894,0.0009500439207874205,0.05418747991212112,0.01382392780639566,0.004556045716654074,0.004107062924842313,0.48921879895122117,0.1663019343661861,0.07282892353080987,0.19402578287098227
10574347,0.0023938456517280625,0.11235624997890217,0.02843340864424143,0.010649308607819256,0.014043305296716789,0.48754243880262776,0.09723564806554394,0.10084140772301829,0.14650438722940246
10574370,0.004035738998164774,0.005389903917087583,0.008980257900453537,0.004916051448205742,0.0013840806727408194,0.24811731672557927,0.45323051733243375,0.065928164244682,0.20801796876065262
10574372,0.0033110367668075374,0.005073365355643587,0.009165130411716908,0.0028550643005536593,0.0033582027261761494,0.3818267128415136,0.3266259674824695,0.07188509789826066,0.19589942221685838
10574408,0.0035370709888630815,0.05737290980170203,0.05329807119244183,0.020207045649832896,0.00570211041535571,0.30010505103149543,0.10135789604554583,0.10575327531399863,0.3526665695607646
10574430,0.0012250490283915879,0.06883911169687973,0.01873626793677827,0.005805038949163361,0.003878424263226492,0.46339137269133557,0.13387842409706732,0.07701262639682227,0.22723368494033547
10574439,0.002781411501151983,0.007801496833763434,0.01273846930551521,0.00578234102517848,0.004999023100658275,0.436877211116277,0.28468167152512047,0.09225107511377342,0.1520873004785618
10574456,0.003127105387038832,0.038384496161605004,0.022752141157448204,0.01001740859345517,0.00487760607873001,0.40363848434036126,0.21293319870347643,0.09141720211586796,0.21285235746201708
10576038,0.018459466615647208,0.011322118047172093,0.0314647610757122,0.007008236997126817,0.19089028293349905,0.4060579447045568,0.08170282268603457,0.16511577154042825,0.087978595399823
10576770,0.005529485122644504,0.07940799366298729,0.047703056826329165,0.028736252772257553,0.0019051873790790182,0.1962032976679492,0.13820489161385188,0.08375897708053155,0.41855085787436985
10577118,9.737607921862207e-05,0.013890525311315806,0.0010031972573746409,0.0009346432841609044,0.01657647594608146,0.7232765782293802,0.20924100181032484,0.024015248195174286,0.010964953886969298
10577354,0.0031118364118312915,0.003101697203454926,0.007255089113417248,0.003229577146989111,0.004934176183954974,0.3803150579530851,0.4029513927269326,0.07775786188664884,0.11734331137368596
10577622,0.00024103987262886028,0.05053735836838696,0.006756376304187739,0.0027126799522092316,0.012088901433905364,0.6933206062302648,0.1032531694056187,0.06132310434838091,0.0697667640844173
10577723,0.0014139050613612943,0.0355979552176633,0.00799143169560198,0.005518949587720025,0.02407343702769516,0.5771544809567549,0.1676142611661581,0.1287411627322331,0.051894416554812216
10578130,0.007750821706939106,0.010899071734644042,0.012618353602127074,0.013376900024385121,0.016362875461987055,0.33353676988890063,0.30116940479967597,0.19979662742370952,0.10448917535763153
10578295,0.000983094677099692,0.029724151148648837,0.0032904020088949963,0.005214220392571745,0.00473739814951117,0.35267659575251314,0.5012749609628568,0.06283505828003401,0.03926411862786956
10579132,0.0006217231204640694,0.0016196589890848066,0.0014899655345325742,0.00174976714548448,0.0020478213984460973,0.2845798785338228,0.6357086812864555,0.038452896750788335,0.033729607240921375
10579372,0.0009828293699192573,0.04293686043984472,0.010148094579863886,0.005459337905240921,0.021064222767546863,0.6429800863799031,0.12524242628674775,0.08428232361703955,0.06690381865389392
10579452,0.0032543474119859726,0.27181468050076574,0.09341891769041416,0.02867203447764516,0.02384648863336413,0.28071023971030973,0.01842541871901283,0.10618495446645802,0.1736729183900443
10579754,0.0002797370927206417,0.06103357277830527,0.006290080389556845,0.0032693373509759117,0.05041037875111083,0.7649252545783974,0.04713398745496877,0.03563549016918837,0.031022161434775944
10580098,0.0005975278477345524,0.03624948632601948,0.008442944560980926,0.0027732378067788287,0.013379486841733741,0.6536424197319142,0.10949310653145122,0.08634396900866524,0.0890778213447219
10580150,0.000631668889964577,0.06415095205835532,0.00861957054514318,0.0029822412430746707,0.009199396384581827,0.6779325827940795,0.10019966782828159,0.06805956017088456,0.06822436008563489
10580642,0.0017741568822362155,0.029382238800897364,0.01283531359230416,0.0059802917024078086,0.006531933860131674,0.47883477557177007,0.2055085393238289,0.10790662055952824,0.15124612970689572
10580740,0.0022760745291218842,1.5024436024654283e-05,0.0004344044876075384,0.0005822065472947916,8.245135874461431e-05,0.03279469956125891,0.9193758371087449,0.01090854279666581,0.03353075917453692
10580745,0.0022225272313374077,0.00184186487050504,0.003382815705555321,0.0031733202768517276,0.0013437318864617986,0.22432433453842446,0.6208282176631076,0.054503695230940966,0.08837949259681573
10580771,0.0018110500684249684,0.0030153817238532258,0.0059925837619622686,0.004202378398877629,0.002069468220106202,0.29111954470890766,0.5131057146375981,0.05667690158709274,0.12200697689317723
10580995,0.0005111066911232686,0.03315339790849001,0.00687513435783667,0.0037407459503647333,0.004615185965622007,0.5698660614066225,0.2376645667904879,0.05365956262797997,0.08991423830147298
10581310,0.00026874402762866646,0.039358910582530396,0.005326240275475234,0.0018028688555673884,0.01045794519617373,0.7338494365133188,0.1136720690635239,0.047768693940941444,0.04749509154484053
10581368,0.00847903329037636,0.28275603789362186,0.19668834892176984,0.1490690198436297,0.010481114027426495,0.05047350040401255,0.009588741670083183,0.1010724576932237,0.19139174625585617
10582173,0.007757487742930012,0.015028500400571182,0.03156610755398475,0.019353328113224644,0.001845101838934564,0.11685756258136255,0.24489038460722284,0.0863945561682869,0.4763069709934826
10582418,0.02903790067573883,0.02246075655200304,0.04391003739090002,0.045528320615731394,0.037382305017088294,0.17825092836795636,0.09998212529230217,0.35222985532961487,0.19121777075866503
10583009,0.002291331656487046,0.0003149984829001747,0.0017064140410732592,0.0019179067886679181,0.0015243883650608863,0.1736883784037809,0.7208704306643204,0.05232023732425958,0.04536591427344979
10583434,0.002445366899769914,0.21373232259209413,0.07615597010369322,0.1573742106329048,0.06990802372094526,0.25356513238558703,0.06786075194399308,0.1137546773546234,0.0452035443663892
10583521,0.0007162884098452079,1.2297491149853705e-06,8.801132558581243e-05,0.00022899675065948542,4.474320451731051e-05,0.018860055428606054,0.9667613217054384,0.006012402071845355,0.0072869513543873925
10584210,0.000259731413480473,0.02008523546184279,0.003755625501938507,0.0018129329597787614,0.0066533278438682675,0.6700044674880992,0.1961205868379946,0.04574087580719381,0.055567216685803736
10584222,0.0022251133783236904,0.001096447358269002,0.004049208035686305,0.002796856953672626,0.0021028151193306353,0.23708919313167534,0.6152402335896572,0.050650573626211726,0.08474955880717346
10584314,0.001618592001911268,0.0037477023407806514,0.0039766431565728426,0.0014076740650659063,2.9599104317721735e-06,0.013795674617494372,0.105546210618477,0.004563118113651386,0.8653414251756149
10584430,0.00181268984028797,0.0002927201085038946,0.001234978002316629,0.0017659400316434018,0.0011140258814067027,0.14007037389613664,0.7893621836676612,0.03196863514709233,0.03237845342495129
10584519,0.0005746128661795549,0.030533129999850875,0.009029019716834213,0.004527284041837359,0.02305549508171878,0.6312832581937332,0.16115128641449672,0.07132034705457163,0.0685255666307777
10584820,0.0008225451134342331,0.24553986760628096,0.009985586530247824,0.005885410275770248,0.031423835654758384,0.46339046753370094,0.037346862066802045,0.1527728620073644,0.052832563211641065
10585136,0.0008346512302528647,0.31784433368617865,0.04139271396733689,0.06175724048290923,0.17059969564072447,0.30444417745183905,0.030193596337872924,0.05418238242017255,0.018751208782713285
10586849,0.004432086755479759,0.018362238256599498,0.027210910475875243,0.020401825826778155,0.017870345969738074,0.4066782677569583,0.19727343132164768,0.1683054111374133,0.13946548249950985
10587734,0.0030596781901693335,1.6215385890769603e-06,0.00017533353051721722,0.0003911156679910621,0.00015194842759922277,0.018895024884468935,0.9537472097705603,0.012522045818203315,0.011056022171901596
10587840,0.003175330800336587,0.010723462383210753,0.018114228407685878,0.009159819074475687,0.00851067598796548,0.458461263805903,0.2678935629773422,0.09742109150279529,0.12654056506028516
10588529,0.003368727586786375,2.592601465847625e-10,2.877277092978192e-06,1.26658007074283e-05,2.2714765257513047e-08,0.00011069082839055012,0.9931668277023749,0.00014043781292038377,0.0031977500177021133
10588664,0.00367559093302046,1.7650752977169892e-06,0.00021194498462375776,0.0003001560218596561,2.0537276149800052e-05,0.013596419942102981,0.9483297079262388,0.006599764413332632,0.027264113427374236
10588792,0.004886181856441152,1.2603985486944839e-07,6.65261220165797e-05,9.156490284014571e-05,3.2928165859125083e-07,0.0016347119256864045,0.9444899407522697,0.0012465667464388666,0.04758405237279372
10589349,0.011298374442914668,0.014268726490137322,0.013001939226445812,0.011210605395743754,0.0014729564284113141,0.2159586015105428,0.386597326790609,0.09474772773038634,0.25144374198480907
10589410,0.0032673932086958045,0.05085699069140141,0.08551763030695905,0.02504724941206642,0.034805447768231405,0.36634422951875706,0.07598894774110738,0.12196290685318414,0.23620920449959731
10589411,0.003716385250404494,3.578509798194007e-05,0.0006230319325825424,0.0006265587739478322,0.00037094762335594303,0.08211835894414674,0.8531496019027526,0.024923214868389713,0.03443611560643828
10589472,0.006278465866480814,0.00011974570892329999,0.003744044959758829,0.0023483942180299085,0.0008016047031212647,0.07242321489879004,0.7436119979156044,0.03366907251022153,0.13700345921906992
10589485,0.011652194168717746,0.005565009042062831,0.017117569879055612,0.007352263612269518,0.002863463465608438,0.254146463210177,0.27283857608599194,0.10617161634672043,0.3222928441893967
10589763,0.003182529130923999,0.03197060272920864,0.03384378023115728,0.1569265808540357,0.1952694701459145,0.29609939815139164,0.19048295502251178,0.06938880308046094,0.02283588065439551
10590733,0.009984067446135144,0.06170828403960282,0.24624708256023176,0.39395628051587894,0.060706019991475936,0.057590730866628886,0.011315692728459687,0.0992986434318387,0.05919319841974831
10592587,0.1557970513394383,0.003236428414876458,0.017456684632700246,0.013052883488984958,0.029810907568520666,0.1513115350259839,0.1312867988234196,0.35391993002975836,0.14412778067631754
10592944,0.003892879170435296,0.4420040219198348,0.10067812550034838,0.049859966020367276,0.01817457588227663,0.16072667761359116,0.018023297827137713,0.09362860839946426,0.11301184766654462
10595034,0.007261991745028725,0.07640755340355325,0.06688031621109233,0.04991433033262374,0.022647835737315433,0.26173682187796676,0.07471833134837849,0.22378033991896484,0.2166524794250764
10596119,0.001973720475144704,0.008169042078472662,0.006055287240953627,0.00334128086710122,0.007708956942005921,0.4666622722391383,0.30239231585033627,0.10899664143626081,0.09470048287058644
10599481,0.000759106634307973,0.0028534034542378036,0.0012297765988058204,0.001360997761711552,0.006511795379061636,0.5457869854925083,0.3561360826453729,0.060471089698706605,0.024890762335287447
10599552,0.013115705540825466,0.0014451843339466015,0.005711598320731522,0.002843809675794471,0.00023637986278256406,0.11580699539960727,0.5161512877521879,0.03474803377398303,0.3099410053401414
