track_id,Clutter,Cormorants,Pigeons,Ducks,Geese,Gulls,Birds of Prey,Waders,Songbirds
6868504,9.982074464787786e-13,0.0017907999644586733,9.982074464787786e-13,0.9982074464787785,1.2023820716021557e-06,1.9699131005225722e-09,5.491898760838441e-07,9.982074464787786e-13,1.1907438511837861e-11
6868536,2.0504604858754763e-09,0.9999926897062337,7.303096449710463e-06,1.1029617898674775e-11,1.253602992144245e-12,5.131573073779624e-09,9.999926897062337e-13,9.999926897062337e-13,9.999926897062337e-13
6868565,9.99999999992e-13,9.99999999992e-13,9.99999999992e-13,9.99999999992e-13,9.99999999992e-13,9.99999999992e-13,9.99999999992e-13,9.99999999992e-13,0.999999999992
6868861,0.00010215056295740978,0.0001770814043844285,0.024625811441540815,0.1662326697417592,0.0005473988643185944,0.6738835786857981,0.13347117119100452,0.0008843817826079103,7.575632562908266e-05
6869275,5.572222234086726e-07,6.660299437226856e-09,8.267806397790686e-10,0.00027150460820198047,2.0100841227077584e-05,0.9912811179541016,0.007792164535201813,0.00013567915230551178,0.0004988681996584019
6871418,0.0017227644337592868,0.2620817207026196,0.07328073419059947,0.013107970506400323,0.4683098881930357,0.0617537661347405,0.020895481613756706,2.935183977154341e-05,0.09881832238531682
6872996,2.8445629975961235e-05,0.5536732404877724,1.9804911565287456e-12,3.791816638226979e-09,0.0001460649158770783,0.0027043992433123274,0.4422739972032496,3.988193943151346e-09,0.0011738447378215517
6873817,9.99999999992e-13,9.99999999992e-13,9.99999999992e-13,9.99999999992e-13,9.99999999992e-13,9.99999999992e-13,9.99999999992e-13,0.999999999992,9.99999999992e-13
6874023,3.485012967439112e-06,0.9980807852556314,1.487042917990124e-05,1.70502330517348e-05,9.83611841583101e-05,0.0002795652893610072,0.0010737879022405016,0.00040792909627465016,2.416559713488643e-05
6875504,2.116640393769569e-10,1.3182900239577418e-10,8.764618577047175e-10,8.944385685735966e-10,9.999988137085142e-13,0.9999988137085143,1.1539021238989525e-06,3.0272968290166554e-08,9.999988137085142e-13
6875899,0.013746165416579309,3.343041251546673e-07,0.002229348238826286,0.019774234529430643,0.004183648108400002,0.00017609780325928087,0.0028146757777709735,0.09263287385391072,0.8644426219676975
6877293,6.216892915369166e-10,3.944397156438148e-08,0.9999999598763437,6.884112352312359e-12,9.999999598763436e-13,9.999999598763436e-13,4.711123008572698e-11,9.999999598763436e-13,9.999999598763436e-13
6880408,7.023951370693467e-07,1.01690314319323e-06,1.8037943307999993e-06,0.9999912252839219,6.339229281802162e-07,7.818867633393909e-08,7.034693241655887e-09,3.7338293389727446e-06,7.986478301262822e-07
6880690,9.99999999992e-13,9.99999999992e-13,0.999999999992,9.99999999992e-13,9.99999999992e-13,9.99999999992e-13,9.99999999992e-13,9.99999999992e-13,9.99999999992e-13
6880833,1.0305414677109891e-05,1.2735873810503913e-06,1.789078204873128e-05,3.3753208965590564e-11,0.04875350771719923,5.505167869878737e-08,0.9512115643911209,5.305981368708387e-06,9.7040772483379e-08
6880956,0.04450007653865814,3.1976443104229456e-08,2.6059427487220494e-08,1.3758816853725148e-07,0.00013096976279614365,7.907816849237425e-09,9.736054208240559e-05,4.788901502818483e-07,0.9552709107344571
6881733,3.4282533827627404e-06,6.100555537482885e-05,4.5644727143572895e-06,2.6938079761409396e-12,0.6853359912627013,1.2792073166153839e-05,0.31454406977820765,1.395668498601177e-06,3.6752933260568634e-05
6885154,0.9927998993392642,0.00011240819936868737,6.95971979808645e-05,0.0034194555327982062,0.00017597702432037366,4.692806727575254e-08,4.6154714177302683e-05,0.003371455969466008,5.0050945572299265e-06
6887294,6.516092629979379e-05,3.4213821987004496e-05,3.783803219234972e-08,0.9997924940122139,5.5026913392974955e-05,2.978426617101389e-06,3.055910934564922e-05,1.820295448566742e-05,1.3259976255154236e-06
6887586,9.99999999992e-13,9.99999999992e-13,0.999999999992,9.99999999992e-13,9.99999999992e-13,9.99999999992e-13,9.99999999992e-13,9.99999999992e-13,9.99999999992e-13
6887600,9.99999999992e-13,9.99999999992e-13,0.999999999992,9.99999999992e-13,9.99999999992e-13,9.99999999992e-13,9.99999999992e-13,9.99999999992e-13,9.99999999992e-13
6887637,0.0005683483224305823,3.3447947158422026e-05,3.0072049748710298e-05,6.336230886600316e-05,3.275048154051347e-06,0.9881672406883918,0.0008549891260188943,0.010270549661104387,8.71484812706449e-06
6887702,0.5783471095857391,0.001808113118543631,0.18458404398736233,0.0006572002488453934,0.06942308902942766,0.032525479794345294,0.13227863749203805,0.0002826599467993747,9.366679689922812e-05
6888243,0.000499678322683541,1.1794002221864566e-12,9.99460903477417e-13,5.349327873049254e-07,5.189914482663299e-09,0.9994609034774171,3.2064727280430424e-09,3.8871531685157626e-05,3.336860840999486e-09
6888737,9.99999999992e-13,9.99999999992e-13,0.999999999992,9.99999999992e-13,9.99999999992e-13,9.99999999992e-13,9.99999999992e-13,9.99999999992e-13,9.99999999992e-13
6889024,9.99999993157845e-13,9.99999993157845e-13,0.9999999931578452,9.99999993157845e-13,6.835154773662309e-09,9.99999993157845e-13,9.99999993157845e-13,9.99999993157845e-13,9.99999993157845e-13
6890285,0.0003136135809796092,0.0012940492708073514,0.0003300660001357208,0.7050438676478016,0.011297516728609314,0.19806073719974823,0.05639642035403834,5.382463334973607e-05,0.027209904584530188
6890416,0.00021443641667906991,5.20735693617829e-07,0.007350007426639968,0.010427845755246254,1.519468230550279e-10,1.1545990018184128e-06,0.9807075846447602,0.0012983022677296105,1.4800230272705434e-07
6890579,0.96599844666497,0.01326601777589215,4.5608887752019824e-10,0.020612096750735196,1.9890960544797863e-05,1.2058162483399869e-05,8.69345500674252e-05,5.967636462845038e-07,3.9579155718286435e-06
6890917,0.06677280259030592,3.78900987467837e-05,3.291811681708279e-06,0.9304854532334462,1.6536511059312989e-10,3.990514000054359e-08,0.002700171805183238,3.3886284214616056e-07,1.1527288837542486e-08
6891091,3.183915621475566e-06,0.011763710757243298,9.88232968954514e-13,1.361908136419681e-07,9.88232968954514e-13,9.88232968954514e-13,0.9882329689545141,1.7785462999495827e-10,9.88232968954514e-13
6891208,5.313238810995172e-07,3.3829366759320556e-09,9.999994642631125e-13,1.003919308438289e-09,2.2041164602687645e-11,9.999994642631125e-13,0.9999994642631126,9.999994642631125e-13,1.108870067734017e-12
6891245,0.0018403279028200404,9.979284653917484e-13,9.979284653917484e-13,1.0894532026871579e-07,0.9979284653917485,9.979284653917484e-13,0.0002310977551215563,9.979284653917484e-13,9.979284653917484e-13
6891309,1.3144330738852384e-07,5.967849760915515e-10,2.2052107956114632e-07,7.047907134809432e-08,1.134911866211072e-12,1.374349289735683e-10,0.9999917626441832,7.813967766107756e-06,2.092375392683934e-10
6891366,1.6597086059371055e-06,9.99998340284394e-13,9.99998340284394e-13,9.99998340284394e-13,0.9999983402843939,9.99998340284394e-13,9.99998340284394e-13,9.99998340284394e-13,9.99998340284394e-13
6891473,9.99999999992e-13,9.99999999992e-13,9.99999999992e-13,9.99999999992e-13,9.99999999992e-13,9.99999999992e-13,9.99999999992e-13,9.99999999992e-13,0.999999999992
6891484,9.997427160366066e-13,9.997427160366066e-13,9.997427160366066e-13,3.613979606355422e-08,0.0002572477049333496,9.997427160366066e-13,1.0873527875588489e-10,5.92946339575466e-12,0.9997427160366066
6891531,9.99999999112965e-13,9.99999999112965e-13,0.9999999991129651,9.99999999112965e-13,8.800347444683393e-10,9.99999999112965e-13,9.99999999112965e-13,9.99999999112965e-13,9.99999999112965e-13
6891557,9.99999999992e-13,9.99999999992e-13,0.999999999992,9.99999999992e-13,9.99999999992e-13,9.99999999992e-13,9.99999999992e-13,9.99999999992e-13,9.99999999992e-13
6891579,0.5703768334025998,5.703768334025997e-13,0.42962316620403673,5.703768334025997e-13,5.703768334025997e-13,5.703768334025997e-13,3.899412343488381e-10,5.703768334025997e-13,5.703768334025997e-13
6891867,0.0004810056374161317,1.30192706076389e-05,3.313368601769709e-10,0.136070888253775,0.07779204663085489,4.624391025162529e-09,0.7854763084138345,2.33741059984621e-07,0.00016649309672411912
6891888,9.99999892687507e-13,9.99999892687507e-13,0.9999998926875071,4.117212822862276e-09,9.99999892687507e-13,9.99999892687507e-13,1.0318927991124299e-07,9.99999892687507e-13,9.99999892687507e-13
6892297,0.0011022419409787842,0.0012071157372722289,0.3177911878755757,0.6796275146714446,2.3295742922054553e-05,1.447613096994795e-05,5.680930455113327e-06,0.00022840838191661244,7.858846511699007e-08
6892562,5.79897778073387e-13,5.79897778073387e-13,5.79897778073387e-13,5.79897778073387e-13,0.42010222192255364,5.79897778073387e-13,5.79897778073387e-13,5.79897778073387e-13,0.5798977780733869
6892587,9.99999999966035e-13,9.99999999966035e-13,0.9999999999660352,9.99999999966035e-13,2.6964694623235347e-11,9.99999999966035e-13,9.99999999966035e-13,9.99999999966035e-13,9.99999999966035e-13
6894293,0.0019126077040637194,0.012962569845276047,0.012391914621720762,0.002195887268635306,0.00136126702212227,0.0013233032141555091,0.9565255141491874,0.006099766122826304,0.005227170052012589
6895609,0.9972231590219964,9.972231590219964e-13,0.0027637714938192983,9.972231590219964e-13,1.5845716523992332e-09,9.972231590219964e-13,9.972231590219964e-13,9.972231590219964e-13,1.3067894626416648e-05
6895723,1.3910682392356639e-09,0.00363854605749104,0.00012745936833208856,0.00011365397998054097,0.9733297207579481,1.7691879445793346e-06,0.00021886826256625887,0.022569973362619466,7.632049724686005e-09
6895905,6.682801006587892e-11,0.9689678961103014,1.0160882424186083e-10,1.6352843738977871e-09,3.0684653018725603e-12,6.522577782644893e-10,0.03103194285805325,1.2627221710590083e-10,1.584463257903182e-07
6895906,4.899723568145984e-06,0.6173583951120432,0.00013505278016831833,0.0005127066198663991,0.17391589654171047,1.0195197733405538e-05,0.20802626235780988,2.887984252869381e-05,7.711824571596795e-06
6895927,2.1097055901056394e-10,1.1120806710309967e-10,1.7673833104213588e-10,1.3814852953161048e-08,0.9999999842425573,2.1671861730423387e-10,1.065471702047535e-09,5.3135241109572405e-11,1.0834713145486843e-10
6895938,7.51874919511223e-07,0.9905959798027079,3.5505943114500565e-05,0.004483021062791616,9.285944632120821e-05,5.311157144325253e-05,0.0007951192506418624,0.0034137522646749815,0.000529898783385225
6895939,3.133500849321211e-05,0.7372845591663872,0.002986731861164958,0.04229877841741211,0.000401465594536499,0.0027815157125921064,0.21092080032251995,0.00016385755589249385,0.0031309563610013988
6895948,1.561163308833876e-10,4.726658181016438e-08,1.570848223590601e-11,2.91963143082311e-09,0.9999999087496857,5.0281535287179926e-11,4.0786892971617146e-08,4.8248201190729125e-11,6.853357323508086e-12
6895973,6.127622912540723e-11,9.079777599115298e-12,9.999340606696192e-13,1.1796165598973649e-07,0.9999340606696193,9.999340606696192e-13,6.582129399387873e-05,9.999340606696192e-13,1.3749130021984017e-12
6895974,5.2042849556171027e-11,0.00016427901830184127,7.328790729965969e-12,1.4686199467635917e-12,1.5859146048636583e-12,1.471669894119294e-12,0.9998269466001872,8.774316613230023e-06,9.998269466001872e-13
6896754,9.99999999992e-13,9.99999999992e-13,9.99999999992e-13,9.99999999992e-13,9.99999999992e-13,9.99999999992e-13,9.99999999992e-13,9.99999999992e-13,0.999999999992
6897915,9.99999999992e-13,9.99999999992e-13,0.999999999992,9.99999999992e-13,9.99999999992e-13,9.99999999992e-13,9.99999999992e-13,9.99999999992e-13,9.99999999992e-13
6897964,6.3041310560245906e-06,1.7016895537970357e-09,2.031681642487743e-07,1.384217805311373e-07,9.602159456669811e-06,7.918823567026785e-06,0.9999171184476714,5.864995454240454e-05,6.319207220643601e-08
6899282,1.5638441516073794e-08,1.408655601521151e-10,9.993464617166123e-13,0.0006535209194527931,9.993464617166123e-13,9.993464617166123e-13,0.9993464617166122,1.579336336171542e-09,2.293703382366273e-12
6899294,4.788740891581531e-07,2.898497633029306e-09,3.4050877023335708e-09,5.475772079330552e-09,0.9999994217585833,8.402624244723447e-08,3.430353765290168e-09,1.264085040996208e-10,4.965514281779262e-12
6899376,0.0005079197637868638,2.3078538061306954e-06,3.304050333820635e-05,0.00028092919656405834,0.005069158993355908,1.9581943720808742e-10,0.9941066023133384,4.1178887371024725e-08,1.1038613923497075e-12
6899506,9.99999999992e-13,9.99999999992e-13,0.999999999992,9.99999999992e-13,9.99999999992e-13,9.99999999992e-13,9.99999999992e-13,9.99999999992e-13,9.99999999992e-13
6899530,9.99999999992e-13,9.99999999992e-13,9.99999999992e-13,9.99999999992e-13,9.99999999992e-13,9.99999999992e-13,9.99999999992e-13,9.99999999992e-13,0.999999999992
6899560,0.0001099253509922723,0.0021707808835236472,6.390669071641798e-13,0.09098377083241027,2.281115207684841e-06,0.25607262350926996,0.6390669071641798,9.671488480098721e-06,0.011584039655297109
6899670,8.632690492484207e-08,0.00020038377279023005,9.997441734598934e-13,0.9997441734598935,1.6495581927852396e-05,1.30959247886836e-06,3.7486305932353554e-05,4.2128854262088113e-08,2.2830218444344623e-08
6899695,8.206769532469715e-07,0.00014775939406450582,4.7883465004293e-07,1.2031448814177372e-10,7.851437245244815e-07,0.999459404923706,0.00039058106163116966,2.0171172204405194e-08,1.496737838087414e-07
6899730,3.456034187913351e-05,5.0180851037303296e-05,0.00030540304488570403,8.701936033108465e-07,0.07905236555949334,0.0014643157658662759,0.9190821506893583,8.537200784911065e-06,1.6163530917246783e-06
6899754,0.003831982744063489,0.09770462411060339,0.002344339196152636,0.0005801362631539297,0.0010144373406771028,0.005095069348903298,0.8661993146775812,0.012208680025266101,0.011021416293598776
6901206,0.0003738505988209689,0.025453088701768174,0.0005031959423481595,0.9501812154948827,0.02049783993442264,0.0004313811980754247,0.0020055410191717705,5.191950469411234e-05,0.0005019676058161954
6902131,4.884026626026712e-07,8.147123090072285e-10,1.0520615884957159e-10,7.789423714281534e-08,4.341176747389332e-07,2.0986355397783405e-10,5.254841094795627e-06,9.2930801112641e-10,0.999993742685241
6902271,1.1095683637443723e-11,1.7801009555755887e-10,9.999726393696535e-13,2.732983914531067e-05,6.054544174298159e-12,0.9999726393696536,2.891937320627733e-08,1.5492912769624737e-09,1.26376314869653e-10
6904326,9.999864058951139e-13,2.1169843349274693e-06,9.999864058951139e-13,1.1477035248928607e-05,6.993174489305217e-11,9.999864058951139e-13,0.9999864058951138,9.999864058951139e-13,1.1370480378647978e-11
6908023,0.5058925893765618,0.27832298542952477,6.687725738721537e-05,0.011528758361718532,0.011748153614980139,0.0023869371637520007,0.0016014916680717483,0.17664101486850112,0.01181119225950272
6908625,2.6421546073358417e-08,0.9999825792351813,9.999825792351813e-13,4.3053745396467647e-07,9.999825792351813e-13,3.5467617397186522e-12,8.147087296144734e-07,1.577693570372497e-05,3.7215583859099533e-07
6909657,1.2238591791761922e-08,3.3751251711951574e-10,9.912169081176744e-13,0.9912169081176744,9.171406364858259e-05,2.405329550680369e-10,0.008690202192972575,1.1572044305327442e-06,5.603645431878609e-09
6909786,0.3039410326554549,0.426757395758629,0.0608190276816063,0.019833627243637214,0.00021057267822605332,0.0027502405482466422,0.0008522206444861721,0.15274598035727735,0.032089902432436326
6909952,9.99999999992e-13,9.99999999992e-13,9.99999999992e-13,9.99999999992e-13,9.99999999992e-13,9.99999999992e-13,9.99999999992e-13,9.99999999992e-13,0.999999999992
6910003,9.076635905111277e-12,3.154477361813149e-12,0.9999948965039029,5.07744073224264e-06,1.8317606013935524e-08,2.410457894636569e-12,4.2578527500836836e-09,3.4636765346443146e-09,1.5879508143868844e-12
6910407,0.10552970056357062,0.012572750624834182,0.2793564719002825,0.016908328361142085,0.18272451988833568,0.010143662933382001,0.007946084339119275,0.3349078604669479,0.04991062092238577
6910422,9.99999999833278e-13,9.99999999833278e-13,0.999999999833278,9.99999999833278e-13,1.5972190402632836e-10,9.99999999833278e-13,9.99999999833278e-13,9.99999999833278e-13,9.99999999833278e-13
6910425,2.31328162261029e-08,3.978094899184858e-07,9.995240738811739e-13,0.9995240738811738,9.052581303057744e-07,2.1527020886845668e-09,0.00047458399836541686,1.376532293346815e-08,9.995240738811739e-13
6910560,0.9910056051848555,0.0024657679326430676,0.000384738264953614,2.883783261196312e-05,2.9182365492165548e-06,2.4407763906459626e-05,0.004191677803935962,0.0002720034658539979,0.00162404351469028
6910590,9.999999999789733e-13,1.4026566946629933e-11,9.999999999789733e-13,9.999999999789733e-13,9.999999999789733e-13,9.999999999789733e-13,9.999999999789733e-13,9.999999999789733e-13,0.9999999999789733
6912744,3.681911756083998e-05,4.247822157197461e-08,3.103233639341137e-06,0.0001848269730514069,1.337520436492772e-07,3.2015484203632e-06,6.97933977493909e-07,3.957123676484915e-05,0.9997316037263204
6919118,9.99999999992e-13,9.99999999992e-13,9.99999999992e-13,9.99999999992e-13,9.99999999992e-13,9.99999999992e-13,9.99999999992e-13,9.99999999992e-13,0.999999999992
6920152,0.0013855097033509643,0.9964748701679599,0.00023559827051991588,0.0012356937298334868,1.4400721224068505e-06,3.165387151356628e-05,0.0005999827038613547,1.3832344462478273e-07,3.5113157393629746e-05
6925791,0.0027327678083967446,0.001827040102526987,0.009788167441323364,0.0025241569059750897,0.04163940219787352,0.0027483640562710045,0.9143734943329469,0.020041141649881123,0.004325465504805231
6926246,1.2514184177547921e-09,3.2059753290799464e-07,1.0152859145156794e-06,1.425541138593625e-09,0.9977180164836696,0.002280441119063835,2.0362166412112555e-07,2.4711682587234924e-12,2.127242809668405e-10
6928841,0.000830559716248836,0.0013380767573347063,0.0013392307299497797,0.9459382204539325,0.0016998856933536381,0.007907964763310444,0.03517748292632533,0.0021384256872500045,0.0036301532722948864
6928933,2.127096444483533e-05,9.694757461414674e-05,0.00014788643053997188,1.3410594726993501e-06,0.9997301023392063,6.047517569949339e-07,1.5298389000120554e-06,1.5009284656061513e-07,1.6694821865960183e-07
6937241,9.99999999992e-13,9.99999999992e-13,0.999999999992,9.99999999992e-13,9.99999999992e-13,9.99999999992e-13,9.99999999992e-13,9.99999999992e-13,9.99999999992e-13
6938426,4.07462507918163e-05,0.9976701924740538,5.165281356549102e-05,0.00011929451230707522,0.0004880766748302758,0.0010116839671208125,0.0006118624321576313,6.390450457036822e-06,1.0042471601968112e-07
6938530,7.98892912327903e-09,3.8778377246316253e-10,1.5320900195058708e-08,1.3768873805707714e-08,0.9999987069676287,1.0522042989716758e-09,5.759245617946095e-09,6.197048058686663e-08,1.1867839537927035e-06
6938682,0.010605525459577866,0.9852842933737517,4.530166529881794e-07,0.0006149511785617789,7.0596289395484915e-12,5.892048103173612e-08,0.0019494963473327017,1.0174754474541967e-05,0.0015350469421076133
6939166,9.999999999851222e-13,7.877425707062775e-12,9.999999999851222e-13,9.999999999851222e-13,0.9999999999851223,9.999999999851222e-13,9.999999999851222e-13,9.999999999851222e-13,9.999999999851222e-13
6939222,9.999999983933662e-13,9.999999983933662e-13,0.9999999983933663,9.999999983933662e-13,1.5996336076291297e-09,9.999999983933662e-13,9.999999983933662e-13,9.999999983933662e-13,9.999999983933662e-13
6944591,2.6538323661584946e-10,1.3323204704039704e-08,0.999783175815354,1.589723763402819e-10,1.1616633729400493e-12,1.4097822036501341e-11,0.0002168103549828352,6.584341626572995e-11,9.99783175815354e-13
6947293,0.0015455328811834687,0.7416152016872872,0.0008382571923795028,0.0022947012228717576,1.1668756172913967e-06,0.04573266050037991,0.19224078477501647,0.004189564860886543,0.011542130004377822
6952804,6.262449132089381e-10,3.2426613529500984e-09,0.0019092441142513788,2.2812771938142262e-10,4.42356668450582e-12,2.2195777611185362e-09,0.9980907494877405,7.5974986685544e-11,9.980907494877404e-13
6975207,0.00026922279332452847,2.0377487680116042e-05,0.000862815039437884,0.00016930194494619078,1.7524588533180878e-06,0.0002779085822924974,1.0070470519929107e-05,0.9968543680281506,0.0015341831947949436
6975472,0.08481897707458055,0.00542023854350887,0.0661499048714555,0.006085029196057881,0.19820583087059424,0.4473835048809672,0.054934563671431576,0.12143752808421329,0.015564422807190928
6975490,0.7986840945741549,0.016370048380255593,0.02044453921230882,0.009485343080097628,3.7916881743369305e-05,0.02323395105681068,0.002213348543843445,0.1073452124403379,0.0221855458304476
6976427,9.426281964590989e-11,9.99999999898737e-13,9.99999999898737e-13,9.99999999898737e-13,9.99999999898737e-13,9.99999999898737e-13,9.99999999898737e-13,9.99999999898737e-13,0.999999999898737
10551287,0.004456232975358928,0.37764242273560594,0.2132415987255542,0.10933610405433228,0.274133128342236,0.00014498863611496564,0.011015667562262474,0.0078997925958579,0.0021300643726770915
10554874,0.00010359875128146309,2.9243534032774164e-06,2.364280974664816e-06,0.0014746896991292657,0.98142635627099,3.055273579453751e-06,0.016796705483567435,0.00015021264017575132,4.009324689858116e-05
10555071,9.99999999992e-13,9.99999999992e-13,9.99999999992e-13,9.99999999992e-13,0.999999999992,9.99999999992e-13,9.99999999992e-13,9.99999999992e-13,9.99999999992e-13
10555459,0.5234899496633225,0.0014019362173453244,0.04610982046326317,0.026880925356487437,0.22247537798482267,0.04858041734989287,0.014155777042949368,0.019026714935409493,0.09787908098650712
10555968,1.7068368958301027e-08,0.9999498414018049,1.7618905385299217e-08,1.2091214213094201e-11,9.999498414018048e-13,5.0122647371808834e-05,1.2233949452701748e-09,2.6063023457462847e-11,9.999498414018048e-13
10556692,0.9830713740781846,0.00027665056795843265,0.0008428895896459413,5.094521349730464e-05,1.6710007235531758e-06,1.864229320037313e-06,5.973214069412609e-06,7.437665978847896e-05,0.01567425544681224
10557065,0.0008719210698659336,0.002472407975309015,2.4480443739819296e-05,0.19800624105003736,0.003990658089966551,0.08670219983219357,0.6756460992407421,0.024056098204241982,0.008229894093903687
10557235,9.859581992942203e-06,2.956035004826317e-06,5.096216371818895e-09,2.3657281401791294e-05,1.6223205789351585e-07,6.506812130839722e-07,0.017237893495575796,7.214994753573922e-05,0.9826526656490017
10557310,1.3676068323897419e-09,4.461781640036533e-10,2.368975663186058e-09,1.9108183830531477e-09,5.5237014846555675e-09,0.9999999871608344,7.2944389243928e-10,9.576277455951081e-11,3.966783509155972e-10
10557603,4.2470818838121486e-05,0.0001575603867299391,0.002296570582154109,0.9972355429149842,1.871887929446476e-08,2.1181540393793435e-10,0.0001480643924611758,9.709522390719487e-05,2.2676750230671354e-05
10557649,0.0355314851805214,0.008508003695866047,0.03788920444298065,0.01078682185516295,0.19221725388767227,0.3082050769759593,0.1368853869117958,0.24602862106853032,0.023948145981511237
10559369,4.171001587160952e-07,0.016001499595432154,1.92040722965691e-05,4.796071069400775e-06,0.0035445220849823445,0.7761986057592386,0.0002778102104286423,0.2039486895581479,4.455548245835382e-06
10559516,1.7766745713979412e-06,5.6783842586974883e-08,2.8410275397564347e-10,0.0050018901531809126,1.4361646655364383e-05,2.2486246239722795e-06,1.2344640398105628e-08,0.00015810365742907964,0.9948215498309536
10559765,0.8884378932345007,9.970509878187893e-06,0.00019137918438456752,3.886595725072938e-05,0.001371628927797522,0.000616026882137048,7.04370771833768e-05,0.06960015508514387,0.03966364314172401
10559904,3.6074415058212545e-05,1.6594824253286232e-07,8.01621764057989e-07,4.620780602635687e-06,0.9999559112595467,5.433855375980767e-08,1.6280082600426731e-06,4.282287454942254e-07,3.153992265681675e-07
10561136,1.838004081195041e-10,7.06721431169275e-10,8.071874518500805e-09,1.573633278731564e-05,0.9999840069243471,1.9929755068984375e-07,4.722381504283835e-08,1.1616490393224626e-11,1.2474870319284632e-09
10561583,1.3258374678331186e-12,9.999999999807436e-13,9.999999999807436e-13,9.999999999807436e-13,0.9999999999807436,9.999999999807436e-13,9.999999999807436e-13,9.999999999807436e-13,1.1930404193098928e-11
10561870,1.1264711450028363e-05,0.33338743534744,0.00019873273473257146,0.012061199933107817,0.6299227928093691,1.679823990436749e-05,0.023125102472432733,0.001080286118552596,0.00019638763301070154
10562711,0.0012314636213454804,0.7782996700371889,0.01108780452652776,0.11954389277089081,0.004770020458313304,5.5563555413160746e-09,0.003236358390225205,0.07841463516156592,0.0034161494775871585
10566953,2.570767223676628e-06,7.90850279286461e-07,0.00013007772199965544,0.9629847393024594,0.025157130752784147,1.8720677978216235e-05,5.877265456148659e-05,2.110455243872901e-09,0.011647195162258683
10567563,9.999999995410834e-13,9.999999995410834e-13,9.999999995410834e-13,9.999999995410834e-13,0.9999999995410833,4.5191675130441856e-10,9.999999995410834e-13,9.999999995410834e-13,9.999999995410834e-13
10568512,0.0014666469957145293,3.245966920772439e-05,0.10450112227066889,0.0046283027595832886,0.012120640368303754,9.907881164627352e-09,0.014587504950403984,1.6974986176012075e-05,0.8626463380920607
10569249,6.20651250899374e-07,2.8673021776599333e-06,4.969598420647415e-07,1.6954405515271915e-06,0.9999936417772841,2.1829400962198181e-07,4.011706018048838e-08,1.7497056674933323e-07,2.4448725715543583e-07
10569900,7.37640794095404e-07,2.123673341203101e-05,8.895942923820914e-06,0.00012067545766720831,0.06363095227321995,0.18024687068933018,0.7541898547608347,0.0017761094868155474,4.667015002436343e-06
10569996,0.9999567061806631,1.8679485444054237e-08,1.9914656147690405e-08,9.111058033618609e-08,3.453038823655592e-05,1.4876824793325051e-08,2.9741433349392565e-06,5.6432834911626974e-06,1.4227274370778026e-09
10570047,9.99999999992e-13,9.99999999992e-13,9.99999999992e-13,9.99999999992e-13,0.999999999992,9.99999999992e-13,9.99999999992e-13,9.99999999992e-13,9.99999999992e-13
10570186,0.0002851963678562164,7.773469633170421e-06,9.58005582029267e-06,0.005653373178743196,0.9940377648653494,9.303976139866812e-07,2.6293689028247795e-06,5.086372064888149e-07,2.2436588746298964e-06
10570190,9.019623077057644e-06,8.416447262905837e-05,7.400168579842605e-08,1.1120805855702628e-05,0.9993759620163586,1.4941135666608049e-07,0.0004232973888262782,8.547333689627768e-05,1.0738943314568383e-05
10570281,0.0009803803117243541,0.0013135255095740072,6.382906074642272e-07,0.6326053332315463,0.36166030802526694,2.687954588058945e-06,0.003424072790445586,5.972590659955808e-06,7.08129558727145e-06
10570444,9.99999999992e-13,9.99999999992e-13,9.99999999992e-13,9.99999999992e-13,9.99999999992e-13,9.99999999992e-13,9.99999999992e-13,9.99999999992e-13,0.999999999992
10570516,7.902453250549364e-10,1.0252562075910508e-11,5.878569035584916e-11,8.653380561755545e-08,5.723521725428618e-06,0.9999941850142593,4.027704124591628e-09,1.2212710289118495e-12,4.20008573180053e-11
10570563,2.8186601053406985e-06,7.26665887256246e-07,6.440067540162149e-08,3.9543732137269743e-07,0.9999950871922385,2.5981327031581634e-07,2.9091072615379677e-09,6.245575516823365e-07,2.03638427812248e-08
10570908,0.999995958584464,2.5219441969163044e-09,1.4822367473768938e-08,9.99995958584464e-13,5.127525427282165e-10,1.6232583601120844e-09,2.005759180462323e-09,3.9204734899875705e-10,4.019536407080583e-06
10570962,0.009758590498901461,0.0009371575445571618,0.041911746776328106,0.002449975042416353,0.023622379834240818,0.012983788926390485,0.03754120706238296,0.003248133732795473,0.8675470205819874
10571126,9.99999999992e-13,9.99999999992e-13,0.999999999992,9.99999999992e-13,9.99999999992e-13,9.99999999992e-13,9.99999999992e-13,9.99999999992e-13,9.99999999992e-13
10571129,0.0006562336577958886,0.7375314174037294,8.264010725364704e-11,0.0018125534405959332,0.00015839940857657805,5.401855837376922e-07,0.25983478369831087,3.817345351232183e-06,2.254777416272043e-06
10571130,0.0017514584117564148,0.004670652930805346,0.04094010487574989,0.001991598290681063,0.8775196998410151,0.0008979444860269288,0.00021203438704020454,0.06728467493769508,0.0047318318392301825
10571150,9.999997620923608e-13,9.999997620923608e-13,9.999997620923608e-13,2.345693884083194e-07,3.3322507758544637e-09,0.9999997620923609,9.999997620923608e-13,9.999997620923608e-13,9.999997620923608e-13
10571157,0.02405316959612844,4.4678122691248136e-07,5.772396318160679e-07,1.4271891139862234e-05,0.814430702618992,3.3005199112186527e-07,0.005011283699150412,0.15648887136566714,3.467560724825863e-07
10571249,0.1598883674410342,0.023792006994501326,0.014255392875862504,0.2717814120161194,0.48962828072298314,0.0006576520645217985,0.0063946717277783595,0.0007984397576236928,0.032803776399575386
10571563,0.00010056151976252626,0.0007970019984333173,0.001981118841263213,0.05169704298700247,1.300720583988228e-06,0.2498587463569746,0.6930355735236692,0.002418406994896127,0.00011024705741452431
10571600,3.030583038799903e-06,0.00016651457286612675,5.092087162108847e-05,6.253305174789386e-06,0.999763502738411,5.689202962397817e-11,6.33912644554702e-06,3.438744550856418e-06,9.997635027384109e-13
10573894,3.827787939787221e-05,1.995410708131109e-05,8.349859175161409e-07,3.5198388305443013e-07,4.409799060771893e-07,0.9988579363038395,0.001039659660281689,4.057821687103277e-06,3.848627800561306e-05
10574347,8.504920710757542e-09,0.0004812704958736042,2.4376875758426838e-06,0.010349579574956845,6.812907544332326e-08,0.9891660441998738,3.0873427003550314e-07,2.2453066870656783e-07,5.8142785139434224e-08
10574370,7.601004297410493e-06,8.281174951597869e-06,0.00010436045543013703,0.00010768864039358968,0.9861620464921925,4.5805812372518215e-06,5.52374791772524e-06,1.63856344827247e-05,0.013583532269096869
10574372,0.0013380553079780002,0.7571088266181272,0.0011741390472656409,0.2195413788013483,0.010358457095077166,0.00023550261583328173,0.00045892560657679704,0.008904371586285402,0.0008803433215080443
10574408,0.0001574375122483604,0.0031087185902299893,9.877430527759872e-13,0.001217454441499508,0.9877430527759872,3.5843939044339733e-09,0.0018100130560723508,0.0057701116306451555,0.00019320840793588011
10574430,5.145605580612751e-10,6.888947130555127e-11,3.706410495670596e-12,1.1574489995428527e-10,0.9993827645267056,9.993827645267057e-13,4.569566720592973e-08,0.0006171890727269375,9.993827645267057e-13
10574439,0.021451884276991857,0.04262875350133367,0.12664606289391767,0.18280419953489435,0.00019424060556995977,0.001984442739952987,0.001337578500694197,0.5260099787379592,0.09694285920868613
10574456,0.010494716197293981,0.02345334054545373,0.044112773617821274,0.33176658740364046,0.0025486882841563355,0.008398128971579568,0.4613966785302107,0.11555397038782457,0.0022751160620194345
10576038,9.999954260602567e-13,2.8146629649010585e-08,9.999954260602567e-13,3.8097104992931244e-06,7.226874933820618e-07,0.9999954260602568,6.166980159425549e-09,7.2251408364135125e-09,9.999954260602567e-13
10576770,0.004204514557495047,0.27308747110429066,0.5531854594189556,0.0033991594190557715,0.010537934393367162,1.5382592852501759e-09,0.15472696599024463,0.0008218777000319034,3.661587829997803e-05
10577118,0.907101745409333,0.0029312990977771835,7.977715584532947e-06,3.1329135931345514e-06,0.0005128161470719861,4.080111802722905e-06,0.08643380871172635,0.0029990520239551134,6.087869156064838e-06
10577354,9.99999998819599e-13,0.9999999988195989,9.99999998819599e-13,1.9146903406341595e-11,1.6456522601186314e-10,5.141843982361646e-12,1.8073147290066744e-10,3.298245003932289e-11,7.758331158996597e-10
10577622,0.04100074136806694,2.0870940463274472e-05,0.002117048131228075,0.0007725749645705531,0.021328059288950728,0.007725028655289015,0.00028191559638188684,0.9238180607476694,0.0029357003073802
10577723,2.0917475236144956e-11,6.786785624532042e-05,9.517744613580194e-10,2.9856835938543294e-05,0.9899591007184904,0.009674477306096963,0.0002686963029895673,2.2504849145331473e-12,5.2967769532775935e-12
10578130,9.992449473105355e-13,9.992449473105355e-13,9.992449473105355e-13,3.768393757544281e-12,5.012731837562045e-07,0.9992449473105354,5.64805897640481e-12,9.992449473105355e-13,0.000754551402867511
10578295,0.8652729210634982,0.0001960602905514597,5.464601668609348e-06,0.12458320346506575,0.009464584648355541,9.058356043391486e-06,0.00022776174259478955,0.00016340635336777268,7.753947885438846e-05
10579132,0.0004980366859770397,0.005390847673717178,0.0035914984903232714,0.005821803020344624,0.3289576650917592,0.003927954137384784,0.6423278397104111,0.008637425641092255,0.0008469295489905291
10579372,1.5578243370191781e-10,3.748810828619594e-05,9.474084285479026e-10,1.4125935928743864e-08,0.9997069457931991,1.5164027955722727e-08,0.00025553533698616156,1.6649497561208783e-11,3.5172442220980556e-10
10579452,7.913804664993452e-06,0.3670062140234288,0.021936715083031237,0.0021037312635160165,1.990657141041203e-05,0.5949667019327365,2.5677165886679554e-05,0.012327992559650974,0.0016051475956743555
10579754,2.6565852751875915e-07,0.9997080221707964,6.651850057139894e-05,1.8515757714590468e-05,3.832514850142279e-07,0.0001175063823947498,2.3836839417312616e-06,2.5193197295002815e-05,6.121139727362713e-05
10580098,0.8761193337792403,0.03792550887654618,9.767738611539692e-05,0.010887704431486553,0.0004527095802250194,0.00028739767071678127,0.06792303708706493,0.0049342538850451895,0.0013723773035596398
10580150,0.000353255948755203,0.025594480835709726,0.019394400905781574,0.7082616336122851,0.06463947092023044,0.04974321115390141,0.10395803876857054,0.014764030091090804,0.013291477763675185
10580642,9.99999999992e-13,9.99999999992e-13,9.99999999992e-13,9.99999999992e-13,0.999999999992,9.99999999992e-13,9.99999999992e-13,9.99999999992e-13,9.99999999992e-13
10580740,9.99999999992e-13,9.99999999992e-13,9.99999999992e-13,9.99999999992e-13,9.99999999992e-13,9.99999999992e-13,9.99999999992e-13,9.99999999992e-13,0.999999999992
10580745,0.0032385948467622237,0.0007323779941993032,4.753498508513727e-05,0.0003329647524067179,0.7528068434293279,0.0003862241697320763,0.0018324371476292946,0.02835746023036652,0.21226556244449074
10580771,7.041886823414674e-10,3.080887696712496e-05,3.836050524843962e-08,1.1730207475745662e-09,5.290773985513042e-09,0.995662100281278,0.0043070343578127555,5.194842859804284e-09,5.760610536522313e-09
10580995,0.17759899726621925,0.004557600852456715,7.216170242948258e-05,0.7938505553334182,4.7566950662452425e-06,1.3493431541852465e-05,0.02291835102755711,0.0008138291935932301,0.0001702544977179062
10581310,9.99999999992e-13,9.99999999992e-13,9.99999999992e-13,9.99999999992e-13,0.999999999992,9.99999999992e-13,9.99999999992e-13,9.99999999992e-13,9.99999999992e-13
10581368,0.00010096826744199426,6.454581373431834e-09,0.2564635889095206,0.0010993821776161942,2.860707075919021e-06,0.1011552899731915,3.6158289763885095e-05,0.6408441531915495,0.000297592029259045
10582173,9.999999951230505e-13,1.2294599791448245e-10,5.793094016983839e-12,6.898215110900362e-11,3.3468661523614737e-09,0.9999999951230505,8.218541339903734e-11,1.2481769019987975e-09,9.999999951230505e-13
10582418,8.585312088815741e-06,9.999032895575012e-13,2.531417178800717e-05,5.539285227019497e-05,0.9999032895575012,3.54919934101277e-06,1.9683116845175605e-07,5.4716859977166633e-08,3.6173579822795752e-06
10583009,2.5760378030276012e-09,5.8379009469681335e-06,3.6181461308268896e-08,7.970485444263944e-08,0.9998931615413035,1.0123348439186042e-09,0.00010067810152733623,2.7420908367660565e-08,1.7556062536243908e-07
10583434,2.4739363544287716e-08,2.719044728095628e-09,1.494142363603563e-09,2.474202237320088e-10,8.582098317519008e-11,2.6488116248031504e-10,0.9999987943491976,1.1742462385028832e-06,1.853890836517836e-09
10583521,1.2574008240904123e-06,6.449475927289543e-07,1.624523841769077e-07,1.3757133726579562e-06,0.0023469460114315687,9.91523479507883e-08,0.017185976519862235,0.9804633887291873,1.490729972226996e-07
10584210,0.00021421239560279076,2.0882173837929516e-05,0.0002081978596234845,0.0008436995832222105,0.9597683240636459,1.3849705458188669e-05,0.03892931783786226,3.0592336368863318e-09,1.5133215134311878e-06
10584222,3.11028548982349e-07,0.0012022469307306975,5.145154422772801e-06,1.0123229909005777e-06,0.9758843668147971,9.75884366814797e-13,3.093435987273435e-06,0.02290358936669832,2.3494484814776145e-07
10584314,9.99999999992e-13,9.99999999992e-13,0.999999999992,9.99999999992e-13,9.99999999992e-13,9.99999999992e-13,9.99999999992e-13,9.99999999992e-13,9.99999999992e-13
10584430,1.6521265168631853e-06,1.472769661249485e-08,7.584779401283002e-10,9.854242626528314e-11,1.540731377792229e-05,1.8366355066822404e-10,1.0824590431606235e-08,3.291554917320178e-11,0.9999829139338188
10584519,0.01278225070725267,0.0011138627188613142,0.010248018416366207,1.1563199094081977e-07,0.5070913118968989,0.004744688476420291,0.00016458907966910593,0.007134942888180989,0.45672022018435965
10584820,0.003597861853196008,0.00015077366013567484,0.0010972260181439698,0.9208413482886135,0.06867988260031416,0.0026433762610989916,0.00017546799019815172,0.002674583190544968,0.00013948013775454978
10585136,0.3122128318353412,0.6090723831812599,0.0013609636567549447,0.0015454702731389643,2.097812874012614e-05,6.818774997746666e-05,0.05458372120956025,0.020382384512989193,0.0007530794522380505
10586849,8.230049348502252e-12,1.460601899662674e-10,2.1068155122779116e-10,9.999999994837807e-13,0.9999999994837807,5.6938089183218995e-11,4.612314337611876e-12,8.015536909661189e-12,8.06815570631275e-11
10587734,2.81668083530933e-08,5.053108732986489e-05,1.4974017428737412e-09,1.8352788020486868e-10,0.9947787054180135,1.119652984209632e-08,7.4389737692354924e-09,1.3995164671673854e-06,0.005169315494947825
10587840,7.803041064689928e-11,0.9999864349931347,2.638832003842824e-09,1.14998947670438e-07,1.3194945175950472e-05,1.4088732808114e-09,2.3182667940003447e-07,1.2456558702593046e-08,6.653768027316817e-09
10588529,0.9665971602101087,7.296582285677304e-05,7.087776177706674e-08,0.0004987934228739263,2.081422713483611e-07,6.408559533515335e-06,0.030299363701702785,0.0025201634007976114,4.865862093540829e-06
10588664,0.09479641381408839,0.00149145631317549,3.6168517797044245e-07,0.06900054458468953,2.2446075032617026e-06,8.577417166094861e-05,0.8318326566674594,0.0027896867689326853,8.613873123357301e-07
10588792,0.2568774968549312,5.505843762281309e-06,3.848036823199092e-08,0.7383908482878274,4.186284289692676e-07,8.99555129494928e-09,5.574157843209966e-05,0.0046699145725191005,2.675817945262189e-08
10589349,9.189495615735355e-09,1.7718922744348466e-07,5.745661888560165e-05,8.102216599963947e-06,5.354695179743364e-10,6.835088666533475e-10,0.00015732515615167643,0.9997769249391862,3.4714750145912073e-09
10589410,2.1780989577101816e-08,0.7576667173822368,7.576667173822367e-13,0.24153301325882495,2.6109283611808426e-05,1.004901640850297e-09,0.0007741342644915936,2.9953643756229762e-09,2.8821653749785347e-11
10589411,0.9974397842892131,1.9320904472322986e-07,6.47465275814179e-07,3.1048393849153483e-06,5.493254667746244e-05,6.140078196819412e-08,0.002500962962010614,1.840279298742693e-07,1.292596816653975e-07
10589472,9.999999265617062e-13,9.999999265617062e-13,0.9999999265617062,9.999999265617062e-13,7.340293986690269e-08,9.999999265617062e-13,9.999999265617062e-13,9.999999265617062e-13,2.935381699026423e-11
10589485,2.744182440367746e-06,0.000813869790997789,0.024484986163048467,0.9382333184231326,0.0040401902441128635,1.7864531992128085e-07,7.637394752686878e-06,0.03241688662405264,1.8853214240338827e-07
10589763,0.0003856083108961877,5.322483035669134e-06,1.1261603691361567e-08,1.7265551233071132e-07,0.00012275262721452094,3.468981118828731e-08,0.0009399432922177971,7.31951456239415e-09,0.998546147360194
10590733,0.01395284129245049,0.054771604487995874,0.00012101988660213603,8.888487413568986e-05,3.5228535097819033e-06,9.88385194282149e-05,0.9308249761557943,7.220903642817581e-05,6.610289365525398e-05
10592587,1.52524149135062e-07,1.360636106005254e-08,2.9847216324163495e-07,2.6342593936659216e-07,0.9999972552568669,6.177378065633203e-08,1.9369948562683695e-06,5.4352267917167695e-09,1.2510656522521072e-08
