track_id,Clutter,Cormorants,Pigeons,Ducks,Geese,Gulls,Birds of Prey,Waders,Songbirds
6868504,1e-12,0.0017907999644586638,1e-12,0.9982074464787731,1.2023820716021494e-06,1.969913100522562e-09,5.491898760838411e-07,1e-12,1.1907438511837798e-11
6868536,2.0504604858754763e-09,0.9999926897062336,7.303096449710462e-06,1.1029617898674773e-11,1.253602992144245e-12,5.131573073779624e-09,1.0000000000000002e-12,1.0000000000000002e-12,1.0000000000000002e-12
6868565,1.0000000000000002e-12,1.0000000000000002e-12,1.0000000000000002e-12,1.0000000000000002e-12,1.0000000000000002e-12,1.0000000000000002e-12,1.0000000000000002e-12,1.0000000000000002e-12,0.9999999999920001
6868861,0.00010215056295740978,0.0001770814043844285,0.024625811441540815,0.1662326697417592,0.0005473988643185944,0.6738835786857981,0.13347117119100452,0.0008843817826079103,7.575632562908266e-05
6869275,5.572222234086727e-07,6.660299437226857e-09,8.267806397790688e-10,0.0002715046082019805,2.0100841227077588e-05,0.9912811179541018,0.007792164535201815,0.0001356791523055118,0.000498868199658402
6871418,0.0017227644337592868,0.2620817207026196,0.07328073419059947,0.013107970506400323,0.4683098881930357,0.0617537661347405,0.020895481613756706,2.935183977154341e-05,0.09881832238531682
6872996,2.8445629975961235e-05,0.5536732404877724,1.9804911565287456e-12,3.791816638226979e-09,0.0001460649158770783,0.0027043992433123274,0.4422739972032496,3.988193943151346e-09,0.0011738447378215517
6873817,1e-12,1e-12,1e-12,1e-12,1e-12,1e-12,1e-12,0.999999999992,1e-12
6874023,3.4850129674391123e-06,0.9980807852556315,1.4870429179901241e-05,1.7050233051734802e-05,9.836118415831012e-05,0.0002795652893610073,0.0010737879022405018,0.0004079290962746502,2.4165597134886432e-05
6875504,2.1166403937695691e-10,1.318290023957742e-10,8.764618577047176e-10,8.944385685735967e-10,1.0000000000000002e-12,0.9999988137085144,1.1539021238989527e-06,3.027296829016656e-08,1.0000000000000002e-12
6875899,0.01374616541657931,3.3430412515466737e-07,0.0022293482388262864,0.019774234529430647,0.004183648108400003,0.0001760978032592809,0.002814675777770974,0.09263287385391074,0.8644426219676976
6877293,6.216892915369167e-10,3.944397156438149e-08,0.9999999598763439,6.88411235231236e-12,1.0000000000000002e-12,1.0000000000000002e-12,4.7111230085726994e-11,1.0000000000000002e-12,1.0000000000000002e-12
6880408,7.023951370693468e-07,1.0169031431932303e-06,1.8037943307999995e-06,0.999991225283922,6.339229281802164e-07,7.81886763339391e-08,7.034693241655888e-09,3.733829338972745e-06,7.986478301262823e-07
6880690,1.0000000000000002e-12,1.0000000000000002e-12,0.9999999999920001,1.0000000000000002e-12,1.0000000000000002e-12,1.0000000000000002e-12,1.0000000000000002e-12,1.0000000000000002e-12,1.0000000000000002e-12
6880833,1.0305414677109891e-05,1.2735873810503913e-06,1.789078204873128e-05,3.3753208965590564e-11,0.04875350771719923,5.505167869878737e-08,0.9512115643911209,5.305981368708387e-06,9.7040772483379e-08
6880956,0.04450007653865814,3.1976443104229456e-08,2.6059427487220494e-08,1.3758816853725148e-07,0.00013096976279614365,7.907816849237425e-09,9.736054208240559e-05,4.788901502818483e-07,0.9552709107344571
6881733,3.4282533827627404e-06,6.100555537482885e-05,4.5644727143572895e-06,2.6938079761409396e-12,0.6853359912627013,1.2792073166153839e-05,0.31454406977820765,1.395668498601177e-06,3.6752933260568634e-05
6885154,0.992799899339264,0.00011240819936868736,6.95971979808645e-05,0.003419455532798206,0.00017597702432037366,4.6928067275752535e-08,4.615471417730268e-05,0.0033714559694660077,5.0050945572299265e-06
6887294,6.516092629979382e-05,3.421382198700451e-05,3.7838032192349735e-08,0.9997924940122143,5.5026913392974975e-05,2.97842661710139e-06,3.055910934564923e-05,1.8202954485667427e-05,1.325997625515424e-06
6887586,1.0000000000000002e-12,1.0000000000000002e-12,0.9999999999920001,1.0000000000000002e-12,1.0000000000000002e-12,1.0000000000000002e-12,1.0000000000000002e-12,1.0000000000000002e-12,1.0000000000000002e-12
6887600,1.0000000000000002e-12,1.0000000000000002e-12,0.9999999999920001,1.0000000000000002e-12,1.0000000000000002e-12,1.0000000000000002e-12,1.0000000000000002e-12,1.0000000000000002e-12,1.0000000000000002e-12
6887637,0.0005683483224305824,3.344794715842203e-05,3.00720497487103e-05,6.336230886600318e-05,3.2750481540513475e-06,0.9881672406883919,0.0008549891260188944,0.010270549661104389,8.714848127064491e-06
6887702,0.5783471095857391,0.001808113118543631,0.18458404398736233,0.0006572002488453934,0.06942308902942766,0.032525479794345294,0.13227863749203805,0.0002826599467993747,9.366679689922812e-05
6888243,0.0004996783226835407,1.179400222186456e-12,1.0000000000000002e-12,5.349327873049252e-07,5.189914482663297e-09,0.9994609034774166,3.2064727280430408e-09,3.8871531685157606e-05,3.3368608409994844e-09
6888737,1.0000000000000002e-12,1.0000000000000002e-12,0.9999999999920001,1.0000000000000002e-12,1.0000000000000002e-12,1.0000000000000002e-12,1.0000000000000002e-12,1.0000000000000002e-12,1.0000000000000002e-12
6889024,1.0000000000000002e-12,1.0000000000000002e-12,0.9999999931578453,1.0000000000000002e-12,6.83515477366231e-09,1.0000000000000002e-12,1.0000000000000002e-12,1.0000000000000002e-12,1.0000000000000002e-12
6890285,0.0003136135809796092,0.0012940492708073514,0.0003300660001357208,0.7050438676478016,0.011297516728609314,0.19806073719974823,0.05639642035403834,5.382463334973607e-05,0.027209904584530188
6890416,0.00021443641667906991,5.20735693617829e-07,0.007350007426639968,0.010427845755246254,1.519468230550279e-10,1.1545990018184128e-06,0.9807075846447602,0.0012983022677296105,1.4800230272705434e-07
6890579,0.9659984466649699,0.013266017775892149,4.560888775201982e-10,0.020612096750735196,1.9890960544797863e-05,1.2058162483399867e-05,8.69345500674252e-05,5.967636462845038e-07,3.9579155718286435e-06
6890917,0.06677280259030594,3.7890098746783704e-05,3.2918116817082795e-06,0.9304854532334463,1.653651105931299e-10,3.9905140000543594e-08,0.0027001718051832386,3.388628421461606e-07,1.1527288837542488e-08
6891091,3.183915621475416e-06,0.011763710757242743,1.0000000000000002e-12,1.361908136419617e-07,1.0000000000000002e-12,1.0000000000000002e-12,0.9882329689544674,1.778546299949499e-10,1.0000000000000002e-12
6891208,5.313238810995174e-07,3.382936675932057e-09,1.0000000000000004e-12,1.0039193084382894e-09,2.204116460268765e-11,1.0000000000000004e-12,0.9999994642631129,1.0000000000000004e-12,1.1088700677340174e-12
6891245,0.0018403279028200215,1.0000000000000002e-12,1.0000000000000002e-12,1.0894532026871467e-07,0.9979284653917383,1.0000000000000002e-12,0.00023109775512155395,1.0000000000000002e-12,1.0000000000000002e-12
6891309,1.3144330738852387e-07,5.967849760915516e-10,2.2052107956114635e-07,7.047907134809433e-08,1.1349118662110722e-12,1.3743492897356833e-10,0.9999917626441833,7.813967766107758e-06,2.0923753926839343e-10
6891366,1.659708605937106e-06,1.0000000000000002e-12,1.0000000000000002e-12,1.0000000000000002e-12,0.9999983402843942,1.0000000000000002e-12,1.0000000000000002e-12,1.0000000000000002e-12,1.0000000000000002e-12
6891473,1.0000000000000002e-12,1.0000000000000002e-12,1.0000000000000002e-12,1.0000000000000002e-12,1.0000000000000002e-12,1.0000000000000002e-12,1.0000000000000002e-12,1.0000000000000002e-12,0.9999999999920001
6891484,1e-12,1e-12,1e-12,3.613979606355419e-08,0.00025724770493334943,1e-12,1.0873527875588481e-10,5.929463395754656e-12,0.9997427160366059
6891531,1.0000000000000002e-12,1.0000000000000002e-12,0.9999999991129653,1.0000000000000002e-12,8.800347444683395e-10,1.0000000000000002e-12,1.0000000000000002e-12,1.0000000000000002e-12,1.0000000000000002e-12
6891557,1.0000000000000002e-12,1.0000000000000002e-12,0.9999999999920001,1.0000000000000002e-12,1.0000000000000002e-12,1.0000000000000002e-12,1.0000000000000002e-12,1.0000000000000002e-12,1.0000000000000002e-12
6891579,0.5703768334011297,1.0000000000000002e-12,0.42962316620292934,1.0000000000000002e-12,1.0000000000000002e-12,1.0000000000000002e-12,3.89941234347833e-10,1.0000000000000002e-12,1.0000000000000002e-12
6891867,0.00048100563741613166,1.3019270607638899e-05,3.313368601769709e-10,0.136070888253775,0.07779204663085489,4.624391025162529e-09,0.7854763084138344,2.3374105998462099e-07,0.00016649309672411912
6891888,1.0000000000000002e-12,1.0000000000000002e-12,0.9999998926875073,4.117212822862277e-09,1.0000000000000002e-12,1.0000000000000002e-12,1.0318927991124301e-07,1.0000000000000002e-12,1.0000000000000002e-12
6892297,0.001102241940978784,0.0012071157372722287,0.31779118787557564,0.6796275146714444,2.3295742922054546e-05,1.4476130969947947e-05,5.680930455113326e-06,0.0002284083819166124,7.858846511699005e-08
6892562,1e-12,1e-12,1e-12,1e-12,0.4201022219213183,1e-12,1e-12,1e-12,0.5798977780716817
6892587,1.0000000000000002e-12,1.0000000000000002e-12,0.9999999999660353,1.0000000000000002e-12,2.696469462323535e-11,1.0000000000000002e-12,1.0000000000000002e-12,1.0000000000000002e-12,1.0000000000000002e-12
6894293,0.0019126077040637194,0.012962569845276047,0.012391914621720762,0.002195887268635306,0.00136126702212227,0.0013233032141555091,0.9565255141491874,0.006099766122826304,0.005227170052012589
6895609,0.9972231590219828,1.0000000000000002e-12,0.0027637714938192606,1.0000000000000002e-12,1.5845716523992117e-09,1.0000000000000002e-12,1.0000000000000002e-12,1.0000000000000002e-12,1.306789462641647e-05
6895723,1.3910682392356639e-09,0.00363854605749104,0.00012745936833208856,0.00011365397998054097,0.9733297207579481,1.7691879445793346e-06,0.00021886826256625887,0.022569973362619466,7.632049724686005e-09
6895905,6.682801006587892e-11,0.9689678961103013,1.0160882424186082e-10,1.635284373897787e-09,3.06846530187256e-12,6.522577782644893e-10,0.031031942858053246,1.2627221710590083e-10,1.584463257903182e-07
6895906,4.899723568145984e-06,0.6173583951120432,0.00013505278016831833,0.0005127066198663991,0.17391589654171047,1.0195197733405538e-05,0.20802626235780988,2.887984252869381e-05,7.711824571596795e-06
6895927,2.1097055901056394e-10,1.1120806710309967e-10,1.7673833104213588e-10,1.3814852953161048e-08,0.9999999842425573,2.1671861730423387e-10,1.065471702047535e-09,5.3135241109572405e-11,1.0834713145486843e-10
6895938,7.51874919511223e-07,0.9905959798027079,3.5505943114500565e-05,0.004483021062791616,9.285944632120821e-05,5.311157144325253e-05,0.0007951192506418624,0.0034137522646749815,0.000529898783385225
6895939,3.133500849321211e-05,0.7372845591663872,0.002986731861164958,0.04229877841741211,0.000401465594536499,0.0027815157125921064,0.21092080032251995,0.00016385755589249385,0.0031309563610013988
6895948,1.5611633088338763e-10,4.7266581810164393e-08,1.5708482235906013e-11,2.919631430823111e-09,0.9999999087496859,5.028153528717994e-11,4.078689297161715e-08,4.824820119072914e-11,6.853357323508088e-12
6895973,6.127622912540723e-11,9.079777599115298e-12,1e-12,1.1796165598973649e-07,0.9999340606696193,1e-12,6.582129399387873e-05,1e-12,1.3749130021984017e-12
6895974,5.2042849556171027e-11,0.00016427901830184127,7.328790729965969e-12,1.4686199467635917e-12,1.5859146048636583e-12,1.471669894119294e-12,0.9998269466001872,8.774316613230023e-06,1e-12
6896754,1.0000000000000002e-12,1.0000000000000002e-12,1.0000000000000002e-12,1.0000000000000002e-12,1.0000000000000002e-12,1.0000000000000002e-12,1.0000000000000002e-12,1.0000000000000002e-12,0.9999999999920001
6897915,1.0000000000000002e-12,1.0000000000000002e-12,0.9999999999920001,1.0000000000000002e-12,1.0000000000000002e-12,1.0000000000000002e-12,1.0000000000000002e-12,1.0000000000000002e-12,1.0000000000000002e-12
6897964,6.3041310560245906e-06,1.7016895537970357e-09,2.031681642487743e-07,1.384217805311373e-07,9.602159456669811e-06,7.918823567026785e-06,0.9999171184476714,5.864995454240454e-05,6.319207220643601e-08
6899282,1.5638441516073765e-08,1.4086556015211481e-10,1.0000000000000002e-12,0.0006535209194527918,1.0000000000000002e-12,1.0000000000000002e-12,0.9993464617166101,1.5793363361715388e-09,2.293703382366268e-12
6899294,4.788740891581531e-07,2.898497633029306e-09,3.4050877023335708e-09,5.475772079330552e-09,0.9999994217585833,8.402624244723447e-08,3.430353765290168e-09,1.264085040996208e-10,4.965514281779262e-12
6899376,0.0005079197637868638,2.3078538061306954e-06,3.304050333820635e-05,0.00028092919656405834,0.005069158993355908,1.9581943720808742e-10,0.9941066023133384,4.1178887371024725e-08,1.1038613923497075e-12
6899506,1.0000000000000002e-12,1.0000000000000002e-12,0.9999999999920001,1.0000000000000002e-12,1.0000000000000002e-12,1.0000000000000002e-12,1.0000000000000002e-12,1.0000000000000002e-12,1.0000000000000002e-12
6899530,1.0000000000000002e-12,1.0000000000000002e-12,1.0000000000000002e-12,1.0000000000000002e-12,1.0000000000000002e-12,1.0000000000000002e-12,1.0000000000000002e-12,1.0000000000000002e-12,0.9999999999920001
6899560,0.00010992535099223264,0.002170780883522864,1e-12,0.09098377083237744,2.281115207684018e-06,0.2560726235091776,0.6390669071639492,9.671488480095231e-06,0.01158403965529293
6899670,8.632690492484203e-08,0.00020038377279022997,1e-12,0.9997441734598931,1.649558192785239e-05,1.3095924788683593e-06,3.748630593235354e-05,4.2128854262088093e-08,2.2830218444344613e-08
6899695,8.206769532469716e-07,0.00014775939406450585,4.788346500429302e-07,1.2031448814177374e-10,7.851437245244816e-07,0.9994594049237061,0.0003905810616311697,2.0171172204405198e-08,1.4967378380874142e-07
6899730,3.456034187913351e-05,5.018085103730329e-05,0.00030540304488570403,8.701936033108464e-07,0.07905236555949334,0.0014643157658662759,0.9190821506893582,8.537200784911065e-06,1.616353091724678e-06
6899754,0.0038319827440634895,0.0977046241106034,0.0023443391961526366,0.0005801362631539298,0.001014437340677103,0.005095069348903299,0.8661993146775813,0.012208680025266103,0.011021416293598778
6901206,0.00037385059882096884,0.02545308870176817,0.0005031959423481595,0.9501812154948825,0.02049783993442264,0.00043138119807542466,0.0020055410191717705,5.191950469411233e-05,0.0005019676058161954
6902131,4.884026626026711e-07,8.147123090072283e-10,1.0520615884957156e-10,7.789423714281532e-08,4.3411767473893307e-07,2.09863553977834e-10,5.254841094795626e-06,9.293080111264098e-10,0.9999937426852408
6902271,1.1095683637443723e-11,1.7801009555755887e-10,1e-12,2.732983914531067e-05,6.054544174298159e-12,0.9999726393696536,2.891937320627733e-08,1.5492912769624737e-09,1.26376314869653e-10
6904326,1.0000000000000002e-12,2.1169843349274697e-06,1.0000000000000002e-12,1.1477035248928609e-05,6.993174489305218e-11,1.0000000000000002e-12,0.9999864058951139,1.0000000000000002e-12,1.137048037864798e-11
6908023,0.5058925893765618,0.27832298542952477,6.687725738721537e-05,0.011528758361718532,0.011748153614980139,0.0023869371637520007,0.0016014916680717483,0.17664101486850112,0.01181119225950272
6908625,2.6421546073358417e-08,0.9999825792351813,1e-12,4.3053745396467647e-07,1e-12,3.5467617397186522e-12,8.147087296144734e-07,1.577693570372497e-05,3.7215583859099533e-07
6909657,1.2238591791761816e-08,3.375125171195128e-10,1e-12,0.9912169081176658,9.171406364858179e-05,2.4053295506803486e-10,0.0086902021929725,1.1572044305327343e-06,5.60364543187856e-09
6909786,0.30394103265545497,0.42675739575862903,0.060819027681606304,0.019833627243637218,0.00021057267822605335,0.0027502405482466427,0.0008522206444861722,0.15274598035727738,0.03208990243243633
6909952,1.0000000000000002e-12,1.0000000000000002e-12,1.0000000000000002e-12,1.0000000000000002e-12,1.0000000000000002e-12,1.0000000000000002e-12,1.0000000000000002e-12,1.0000000000000002e-12,0.9999999999920001
6910003,9.076635905111277e-12,3.154477361813149e-12,0.9999948965039029,5.07744073224264e-06,1.8317606013935524e-08,2.410457894636569e-12,4.2578527500836836e-09,3.4636765346443146e-09,1.5879508143868844e-12
6910407,0.10552970056357061,0.01257275062483418,0.2793564719002825,0.016908328361142085,0.18272451988833568,0.010143662933382001,0.007946084339119275,0.3349078604669479,0.04991062092238576
6910422,1.0000000000000002e-12,1.0000000000000002e-12,0.9999999998332781,1.0000000000000002e-12,1.597219040263284e-10,1.0000000000000002e-12,1.0000000000000002e-12,1.0000000000000002e-12,1.0000000000000002e-12
6910425,2.3132816226102882e-08,3.978094899184855e-07,1e-12,0.9995240738811731,9.052581303057738e-07,2.1527020886845655e-09,0.00047458399836541654,1.376532293346814e-08,1e-12
6910560,0.9910056051848555,0.0024657679326430676,0.000384738264953614,2.883783261196312e-05,2.9182365492165548e-06,2.4407763906459626e-05,0.004191677803935962,0.0002720034658539979,0.00162404351469028
6910590,1.0000000000000002e-12,1.4026566946629936e-11,1.0000000000000002e-12,1.0000000000000002e-12,1.0000000000000002e-12,1.0000000000000002e-12,1.0000000000000002e-12,1.0000000000000002e-12,0.9999999999789735
6912744,3.681911756083998e-05,4.247822157197461e-08,3.103233639341137e-06,0.0001848269730514069,1.337520436492772e-07,3.2015484203632e-06,6.97933977493909e-07,3.957123676484915e-05,0.9997316037263204
6919118,1.0000000000000002e-12,1.0000000000000002e-12,1.0000000000000002e-12,1.0000000000000002e-12,1.0000000000000002e-12,1.0000000000000002e-12,1.0000000000000002e-12,1.0000000000000002e-12,0.9999999999920001
6920152,0.0013855097033509645,0.9964748701679601,0.00023559827051991593,0.001235693729833487,1.440072122406851e-06,3.165387151356629e-05,0.0005999827038613548,1.3832344462478276e-07,3.511315739362975e-05
6925791,0.002732767808396745,0.0018270401025269872,0.009788167441323365,0.00252415690597509,0.04163940219787353,0.002748364056271005,0.914373494332947,0.020041141649881127,0.004325465504805232
6926246,1.2514184177547921e-09,3.2059753290799464e-07,1.0152859145156794e-06,1.425541138593625e-09,0.9977180164836696,0.002280441119063835,2.0362166412112555e-07,2.4711682587234924e-12,2.127242809668405e-10
6928841,0.0008305597162488359,0.0013380767573347063,0.0013392307299497797,0.9459382204539324,0.001699885693353638,0.007907964763310444,0.03517748292632533,0.0021384256872500045,0.003630153272294886
6928933,2.1270964444835326e-05,9.694757461414672e-05,0.00014788643053997185,1.34105947269935e-06,0.9997301023392061,6.047517569949338e-07,1.529838900012055e-06,1.500928465606151e-07,1.669482186596018e-07
6937241,1.0000000000000002e-12,1.0000000000000002e-12,0.9999999999920001,1.0000000000000002e-12,1.0000000000000002e-12,1.0000000000000002e-12,1.0000000000000002e-12,1.0000000000000002e-12,1.0000000000000002e-12
6938426,4.074625079181631e-05,0.9976701924740539,5.1652813565491024e-05,0.00011929451230707523,0.00048807667483027585,0.0010116839671208127,0.0006118624321576314,6.3904504570368224e-06,1.0042471601968113e-07
6938530,7.98892912327903e-09,3.8778377246316253e-10,1.5320900195058708e-08,1.3768873805707714e-08,0.9999987069676287,1.0522042989716758e-09,5.759245617946095e-09,6.197048058686663e-08,1.1867839537927035e-06
6938682,0.010605525459577868,0.9852842933737518,4.5301665298817944e-07,0.000614951178561779,7.059628939548492e-12,5.8920481031736126e-08,0.0019494963473327019,1.017475447454197e-05,0.0015350469421076135
6939166,1.0000000000000004e-12,7.877425707062778e-12,1.0000000000000004e-12,1.0000000000000004e-12,0.9999999999851227,1.0000000000000004e-12,1.0000000000000004e-12,1.0000000000000004e-12,1.0000000000000004e-12
6939222,1.0000000000000002e-12,1.0000000000000002e-12,0.9999999983933664,1.0000000000000002e-12,1.59963360762913e-09,1.0000000000000002e-12,1.0000000000000002e-12,1.0000000000000002e-12,1.0000000000000002e-12
6944591,2.6538323661584946e-10,1.3323204704039704e-08,0.999783175815354,1.589723763402819e-10,1.1616633729400493e-12,1.4097822036501341e-11,0.0002168103549828352,6.584341626572995e-11,1e-12
6947293,0.0015455328811834687,0.7416152016872872,0.0008382571923795028,0.0022947012228717576,1.1668756172913967e-06,0.04573266050037991,0.19224078477501647,0.004189564860886543,0.011542130004377822
6952804,6.262449132089367e-10,3.2426613529500913e-09,0.0019092441142513745,2.281277193814221e-10,4.42356668450581e-12,2.2195777611185313e-09,0.9980907494877382,7.597498668554383e-11,1e-12
6975207,0.00026922279332452847,2.0377487680116042e-05,0.000862815039437884,0.00016930194494619078,1.7524588533180878e-06,0.0002779085822924974,1.0070470519929107e-05,0.9968543680281506,0.0015341831947949436
6975472,0.08481897707458055,0.00542023854350887,0.0661499048714555,0.006085029196057881,0.19820583087059424,0.4473835048809672,0.054934563671431576,0.12143752808421329,0.015564422807190928
6975490,0.7986840945741548,0.016370048380255593,0.02044453921230882,0.009485343080097628,3.7916881743369305e-05,0.02323395105681068,0.002213348543843445,0.10734521244033789,0.0221855458304476
6976427,9.426281964590991e-11,1.0000000000000002e-12,1.0000000000000002e-12,1.0000000000000002e-12,1.0000000000000002e-12,1.0000000000000002e-12,1.0000000000000002e-12,1.0000000000000002e-12,0.9999999998987372
10551287,0.004456232975358929,0.37764242273560605,0.21324159872555426,0.1093361040543323,0.2741331283422361,0.00014498863611496566,0.011015667562262476,0.007899792595857902,0.002130064372677092
10554874,0.0001035987512814631,2.924353403277417e-06,2.3642809746648164e-06,0.001474689699129266,0.9814263562709901,3.0552735794537515e-06,0.016796705483567438,0.00015021264017575135,4.009324689858117e-05
10555071,1.0000000000000002e-12,1.0000000000000002e-12,1.0000000000000002e-12,1.0000000000000002e-12,0.9999999999920001,1.0000000000000002e-12,1.0000000000000002e-12,1.0000000000000002e-12,1.0000000000000002e-12
10555459,0.5234899496633225,0.0014019362173453244,0.04610982046326317,0.026880925356487437,0.22247537798482267,0.04858041734989287,0.014155777042949368,0.019026714935409493,0.09787908098650712
10555968,1.7068368958301024e-08,0.9999498414018047,1.7618905385299214e-08,1.2091214213094198e-11,1e-12,5.012264737180882e-05,1.2233949452701746e-09,2.606302345746284e-11,1e-12
10556692,0.9830713740781847,0.0002766505679584327,0.0008428895896459414,5.094521349730465e-05,1.671000723553176e-06,1.8642293200373132e-06,5.97321406941261e-06,7.437665978847897e-05,0.015674255446812245
10557065,0.0008719210698659336,0.002472407975309015,2.4480443739819296e-05,0.19800624105003736,0.003990658089966551,0.08670219983219357,0.6756460992407421,0.024056098204241982,0.008229894093903687
10557235,9.859581992942202e-06,2.9560350048263163e-06,5.096216371818894e-09,2.3657281401791287e-05,1.6223205789351583e-07,6.506812130839721e-07,0.017237893495575793,7.21499475357392e-05,0.9826526656490014
10557310,1.367606832389742e-09,4.4617816400365335e-10,2.3689756631860585e-09,1.910818383053148e-09,5.523701484655568e-09,0.9999999871608345,7.294438924392801e-10,9.576277455951082e-11,3.9667835091559724e-10
10557603,4.2470818838121486e-05,0.0001575603867299391,0.002296570582154109,0.9972355429149842,1.871887929446476e-08,2.1181540393793435e-10,0.0001480643924611758,9.709522390719487e-05,2.2676750230671354e-05
10557649,0.035531485180521405,0.008508003695866049,0.037889204442980655,0.010786821855162951,0.1922172538876723,0.30820507697595934,0.13688538691179583,0.24602862106853035,0.02394814598151124
10559369,4.1710015871609514e-07,0.016001499595432154,1.92040722965691e-05,4.796071069400775e-06,0.003544522084982344,0.7761986057592385,0.0002778102104286423,0.20394868955814788,4.455548245835382e-06
10559516,1.7766745713979412e-06,5.6783842586974883e-08,2.8410275397564347e-10,0.0050018901531809126,1.4361646655364383e-05,2.2486246239722795e-06,1.2344640398105628e-08,0.00015810365742907964,0.9948215498309536
10559765,0.8884378932345007,9.970509878187893e-06,0.00019137918438456752,3.886595725072938e-05,0.001371628927797522,0.000616026882137048,7.04370771833768e-05,0.06960015508514387,0.03966364314172401
10559904,3.6074415058212545e-05,1.6594824253286232e-07,8.01621764057989e-07,4.620780602635687e-06,0.9999559112595467,5.433855375980767e-08,1.6280082600426731e-06,4.282287454942254e-07,3.153992265681675e-07
10561136,1.838004081195041e-10,7.06721431169275e-10,8.071874518500805e-09,1.573633278731564e-05,0.9999840069243471,1.9929755068984375e-07,4.722381504283835e-08,1.1616490393224626e-11,1.2474870319284632e-09
10561583,1.3258374678331188e-12,1.0000000000000002e-12,1.0000000000000002e-12,1.0000000000000002e-12,0.9999999999807437,1.0000000000000002e-12,1.0000000000000002e-12,1.0000000000000002e-12,1.193040419309893e-11
10561870,1.1264711450028363e-05,0.33338743534744,0.00019873273473257146,0.012061199933107817,0.6299227928093691,1.679823990436749e-05,0.023125102472432733,0.001080286118552596,0.00019638763301070154
10562711,0.0012314636213454804,0.7782996700371889,0.01108780452652776,0.11954389277089081,0.004770020458313304,5.5563555413160746e-09,0.003236358390225205,0.07841463516156592,0.0034161494775871585
10566953,2.5707672236766284e-06,7.908502792864611e-07,0.00013007772199965546,0.9629847393024595,0.02515713075278415,1.872067797821624e-05,5.8772654561486595e-05,2.1104552438729015e-09,0.011647195162258685
10567563,1e-12,1e-12,1e-12,1e-12,0.9999999995410833,4.5191675130441856e-10,1e-12,1e-12,1e-12
10568512,0.0014666469957145293,3.245966920772439e-05,0.10450112227066889,0.0046283027595832886,0.012120640368303754,9.907881164627352e-09,0.014587504950403984,1.6974986176012075e-05,0.8626463380920607
10569249,6.20651250899374e-07,2.8673021776599333e-06,4.969598420647415e-07,1.6954405515271915e-06,0.9999936417772841,2.1829400962198181e-07,4.011706018048838e-08,1.7497056674933323e-07,2.4448725715543583e-07
10569900,7.376407940954039e-07,2.123673341203101e-05,8.895942923820914e-06,0.0001206754576672083,0.06363095227321995,0.18024687068933018,0.7541898547608346,0.0017761094868155472,4.667015002436343e-06
10569996,0.9999567061806631,1.8679485444054237e-08,1.9914656147690405e-08,9.111058033618609e-08,3.453038823655592e-05,1.4876824793325051e-08,2.9741433349392565e-06,5.6432834911626974e-06,1.4227274370778026e-09
10570047,1.0000000000000002e-12,1.0000000000000002e-12,1.0000000000000002e-12,1.0000000000000002e-12,0.9999999999920001,1.0000000000000002e-12,1.0000000000000002e-12,1.0000000000000002e-12,1.0000000000000002e-12
10570186,0.0002851963678562164,7.773469633170421e-06,9.58005582029267e-06,0.005653373178743196,0.9940377648653493,9.303976139866811e-07,2.6293689028247795e-06,5.086372064888149e-07,2.2436588746298964e-06
10570190,9.019623077057645e-06,8.416447262905838e-05,7.400168579842607e-08,1.112080585570263e-05,0.9993759620163587,1.494113566660805e-07,0.00042329738882627825,8.54733368962777e-05,1.0738943314568385e-05
10570281,0.0009803803117243541,0.0013135255095740072,6.382906074642272e-07,0.6326053332315463,0.36166030802526694,2.687954588058945e-06,0.0034240727904455855,5.9725906599558075e-06,7.081295587271449e-06
10570444,1.0000000000000002e-12,1.0000000000000002e-12,1.0000000000000002e-12,1.0000000000000002e-12,1.0000000000000002e-12,1.0000000000000002e-12,1.0000000000000002e-12,1.0000000000000002e-12,0.9999999999920001
10570516,7.902453250549362e-10,1.0252562075910506e-11,5.878569035584915e-11,8.653380561755544e-08,5.723521725428617e-06,0.9999941850142591,4.027704124591627e-09,1.2212710289118493e-12,4.2000857318005296e-11
10570563,2.818660105340699e-06,7.266658872562461e-07,6.44006754016215e-08,3.954373213726975e-07,0.9999950871922386,2.598132703158164e-07,2.909107261537968e-09,6.245575516823366e-07,2.0363842781224802e-08
10570908,0.9999959585844638,2.521944196916304e-09,1.4822367473768935e-08,1e-12,5.127525427282164e-10,1.623258360112084e-09,2.0057591804623224e-09,3.9204734899875695e-10,4.019536407080582e-06
10570962,0.00975859049890146,0.0009371575445571616,0.0419117467763281,0.0024499750424163526,0.02362237983424081,0.012983788926390481,0.03754120706238295,0.003248133732795472,0.8675470205819872
10571126,1.0000000000000002e-12,1.0000000000000002e-12,0.9999999999920001,1.0000000000000002e-12,1.0000000000000002e-12,1.0000000000000002e-12,1.0000000000000002e-12,1.0000000000000002e-12,1.0000000000000002e-12
10571129,0.0006562336577958886,0.7375314174037294,8.264010725364704e-11,0.0018125534405959332,0.00015839940857657805,5.401855837376922e-07,0.25983478369831087,3.817345351232183e-06,2.254777416272043e-06
10571130,0.0017514584117564143,0.004670652930805345,0.04094010487574988,0.0019915982906810624,0.8775196998410149,0.0008979444860269286,0.0002120343870402045,0.06728467493769506,0.004731831839230182
10571150,1e-12,1e-12,1e-12,2.345693884083194e-07,3.3322507758544637e-09,0.9999997620923609,1e-12,1e-12,1e-12
10571157,0.02405316959612844,4.4678122691248136e-07,5.772396318160679e-07,1.4271891139862234e-05,0.814430702618992,3.3005199112186527e-07,0.005011283699150412,0.15648887136566714,3.467560724825863e-07
10571249,0.15988836744103424,0.02379200699450133,0.014255392875862506,0.27178141201611944,0.4896282807229832,0.0006576520645217986,0.00639467172777836,0.0007984397576236929,0.03280377639957539
10571563,0.00010056151976252626,0.0007970019984333173,0.001981118841263213,0.05169704298700247,1.300720583988228e-06,0.2498587463569746,0.6930355735236692,0.002418406994896127,0.00011024705741452431
10571600,3.0305830387999023e-06,0.00016651457286612673,5.0920871621088457e-05,6.253305174789384e-06,0.9997635027384107,5.6892029623978155e-11,6.339126445547018e-06,3.438744550856417e-06,1e-12
10573894,3.827787939787222e-05,1.9954107081311096e-05,8.349859175161412e-07,3.5198388305443024e-07,4.409799060771895e-07,0.9988579363038398,0.0010396596602816894,4.057821687103279e-06,3.8486278005613075e-05
10574347,8.504920710757542e-09,0.0004812704958736042,2.4376875758426838e-06,0.010349579574956845,6.812907544332326e-08,0.9891660441998738,3.0873427003550314e-07,2.2453066870656783e-07,5.8142785139434224e-08
10574370,7.6010042974104954e-06,8.281174951597872e-06,0.00010436045543013707,0.00010768864039358972,0.9861620464921929,4.580581237251823e-06,5.523747917725242e-06,1.6385634482724708e-05,0.013583532269096874
10574372,0.0013380553079780004,0.7571088266181273,0.001174139047265641,0.21954137880134833,0.010358457095077168,0.00023550261583328176,0.0004589256065767971,0.008904371586285403,0.0008803433215080444
10574408,0.00015743751224835847,0.003108718590229951,1.0000000000000002e-12,0.001217454441499493,0.987743052775975,3.584393904433929e-09,0.0018100130560723285,0.005770111630645084,0.00019320840793587773
10574430,5.145605580612745e-10,6.888947130555119e-11,3.706410495670592e-12,1.1574489995428514e-10,0.9993827645267045,1e-12,4.5695667205929675e-08,0.0006171890727269369,1e-12
10574439,0.021451884276991857,0.04262875350133367,0.12664606289391767,0.18280419953489435,0.00019424060556995977,0.001984442739952987,0.001337578500694197,0.5260099787379592,0.09694285920868613
10574456,0.010494716197293981,0.023453340545453727,0.044112773617821274,0.33176658740364046,0.0025486882841563355,0.008398128971579568,0.46139667853021066,0.11555397038782456,0.0022751160620194345
10576038,1.0000000000000002e-12,2.8146629649010582e-08,1.0000000000000002e-12,3.809710499293124e-06,7.226874933820617e-07,0.9999954260602567,6.166980159425548e-09,7.225140836413512e-09,1.0000000000000002e-12
10576770,0.004204514557495047,0.27308747110429066,0.5531854594189556,0.0033991594190557715,0.010537934393367162,1.5382592852501759e-09,0.15472696599024463,0.0008218777000319034,3.661587829997803e-05
10577118,0.907101745409333,0.0029312990977771835,7.977715584532947e-06,3.1329135931345514e-06,0.0005128161470719861,4.080111802722905e-06,0.08643380871172635,0.0029990520239551134,6.087869156064838e-06
10577354,1.0000000000000002e-12,0.999999998819599,1.0000000000000002e-12,1.91469034063416e-11,1.6456522601186317e-10,5.141843982361647e-12,1.8073147290066747e-10,3.29824500393229e-11,7.758331158996599e-10
10577622,0.04100074136806694,2.0870940463274472e-05,0.002117048131228075,0.0007725749645705531,0.021328059288950728,0.007725028655289015,0.00028191559638188684,0.9238180607476694,0.0029357003073802
10577723,2.091747523614496e-11,6.786785624532043e-05,9.517744613580196e-10,2.9856835938543298e-05,0.9899591007184905,0.009674477306096965,0.00026869630298956737,2.2504849145331477e-12,5.296776953277594e-12
10578130,1.0000000000000002e-12,1.0000000000000002e-12,1.0000000000000002e-12,3.76839375754427e-12,5.012731837562031e-07,0.9992449473105324,5.648058976404793e-12,1.0000000000000002e-12,0.0007545514028675087
10578295,0.8652729210634984,0.00019606029055145975,5.464601668609349e-06,0.12458320346506578,0.009464584648355543,9.058356043391488e-06,0.0002277617425947896,0.0001634063533677727,7.753947885438848e-05
10579132,0.0004980366859770397,0.005390847673717178,0.0035914984903232714,0.005821803020344624,0.3289576650917592,0.003927954137384784,0.6423278397104111,0.008637425641092255,0.0008469295489905291
10579372,1.5578243370191781e-10,3.748810828619594e-05,9.474084285479026e-10,1.4125935928743864e-08,0.9997069457931991,1.5164027955722727e-08,0.00025553533698616156,1.6649497561208783e-11,3.5172442220980556e-10
10579452,7.913804664993452e-06,0.3670062140234288,0.021936715083031237,0.0021037312635160165,1.990657141041203e-05,0.5949667019327365,2.5677165886679554e-05,0.012327992559650974,0.0016051475956743555
10579754,2.6565852751875915e-07,0.9997080221707964,6.651850057139894e-05,1.8515757714590468e-05,3.832514850142279e-07,0.0001175063823947498,2.3836839417312616e-06,2.5193197295002815e-05,6.121139727362713e-05
10580098,0.8761193337792403,0.03792550887654618,9.767738611539692e-05,0.010887704431486553,0.0004527095802250194,0.00028739767071678127,0.06792303708706493,0.0049342538850451895,0.0013723773035596398
10580150,0.00035325594875520305,0.02559448083570973,0.019394400905781577,0.7082616336122852,0.06463947092023045,0.049743211153901415,0.10395803876857056,0.014764030091090806,0.013291477763675187
10580642,1.0000000000000002e-12,1.0000000000000002e-12,1.0000000000000002e-12,1.0000000000000002e-12,0.9999999999920001,1.0000000000000002e-12,1.0000000000000002e-12,1.0000000000000002e-12,1.0000000000000002e-12
10580740,1.0000000000000002e-12,1.0000000000000002e-12,1.0000000000000002e-12,1.0000000000000002e-12,1.0000000000000002e-12,1.0000000000000002e-12,1.0000000000000002e-12,1.0000000000000002e-12,0.9999999999920001
10580745,0.003238594846762224,0.0007323779941993033,4.753498508513728e-05,0.000332964752406718,0.752806843429328,0.00038622416973207633,0.0018324371476292948,0.028357460230366522,0.21226556244449077
10580771,7.041886823414675e-10,3.0808876967124964e-05,3.836050524843963e-08,1.1730207475745664e-09,5.2907739855130424e-09,0.9956621002812781,0.004307034357812756,5.194842859804285e-09,5.760610536522314e-09
10580995,0.17759899726621925,0.004557600852456715,7.216170242948258e-05,0.7938505553334181,4.7566950662452425e-06,1.3493431541852464e-05,0.02291835102755711,0.00081382919359323,0.0001702544977179062
10581310,1.0000000000000002e-12,1.0000000000000002e-12,1.0000000000000002e-12,1.0000000000000002e-12,0.9999999999920001,1.0000000000000002e-12,1.0000000000000002e-12,1.0000000000000002e-12,1.0000000000000002e-12
10581368,0.00010096826744199426,6.454581373431834e-09,0.2564635889095206,0.0010993821776161942,2.860707075919021e-06,0.1011552899731915,3.6158289763885095e-05,0.6408441531915495,0.000297592029259045
10582173,1e-12,1.2294599791448243e-10,5.793094016983837e-12,6.898215110900361e-11,3.346866152361473e-09,0.9999999951230503,8.218541339903733e-11,1.2481769019987973e-09,1e-12
10582418,8.585312088815743e-06,1.0000000000000002e-12,2.5314171788007178e-05,5.5392852270194984e-05,0.9999032895575014,3.549199341012771e-06,1.968311684517561e-07,5.4716859977166647e-08,3.617357982279576e-06
10583009,2.5760378030276017e-09,5.837900946968134e-06,3.61814613082689e-08,7.970485444263946e-08,0.9998931615413036,1.0123348439186044e-09,0.00010067810152733625,2.742090836766057e-08,1.755606253624391e-07
10583434,2.473936354428772e-08,2.7190447280956283e-09,1.4941423636035633e-09,2.4742022373200887e-10,8.58209831751901e-11,2.648811624803151e-10,0.9999987943491977,1.1742462385028834e-06,1.8538908365178363e-09
10583521,1.2574008240904126e-06,6.449475927289545e-07,1.6245238417690772e-07,1.3757133726579564e-06,0.002346946011431569,9.915234795078832e-08,0.01718597651986224,0.9804633887291874,1.4907299722269962e-07
10584210,0.00021421239560279082,2.088217383792952e-05,0.00020819785962348456,0.0008436995832222107,0.9597683240636461,1.3849705458188672e-05,0.038929317837862264,3.0592336368863326e-09,1.5133215134311882e-06
10584222,3.110285489823415e-07,0.0012022469307306687,5.145154422772677e-06,1.0123229909005534e-06,0.9758843668147736,1e-12,3.093435987273361e-06,0.02290358936669777,2.3494484814775581e-07
10584314,1.0000000000000002e-12,1.0000000000000002e-12,0.9999999999920001,1.0000000000000002e-12,1.0000000000000002e-12,1.0000000000000002e-12,1.0000000000000002e-12,1.0000000000000002e-12,1.0000000000000002e-12
10584430,1.6521265168631853e-06,1.472769661249485e-08,7.584779401283002e-10,9.854242626528314e-11,1.540731377792229e-05,1.8366355066822404e-10,1.0824590431606235e-08,3.291554917320178e-11,0.9999829139338188
10584519,0.01278225070725267,0.0011138627188613142,0.010248018416366207,1.1563199094081977e-07,0.5070913118968989,0.004744688476420291,0.00016458907966910593,0.007134942888180989,0.45672022018435965
10584820,0.003597861853196008,0.00015077366013567484,0.0010972260181439698,0.9208413482886135,0.06867988260031416,0.0026433762610989916,0.00017546799019815172,0.002674583190544968,0.00013948013775454978
10585136,0.3122128318353412,0.6090723831812599,0.0013609636567549447,0.0015454702731389643,2.097812874012614e-05,6.818774997746666e-05,0.05458372120956025,0.020382384512989193,0.0007530794522380505
10586849,8.230049348502252e-12,1.460601899662674e-10,2.1068155122779116e-10,1e-12,0.9999999994837807,5.6938089183218995e-11,4.612314337611876e-12,8.015536909661189e-12,8.06815570631275e-11
10587734,2.8166808353093302e-08,5.05310873298649e-05,1.4974017428737414e-09,1.835278802048687e-10,0.9947787054180136,1.1196529842096321e-08,7.438973769235493e-09,1.3995164671673856e-06,0.005169315494947826
10587840,7.803041064689928e-11,0.9999864349931346,2.638832003842824e-09,1.1499894767043799e-07,1.319494517595047e-05,1.4088732808113997e-09,2.3182667940003445e-07,1.2456558702593044e-08,6.653768027316816e-09
10588529,0.9665971602101087,7.296582285677304e-05,7.087776177706674e-08,0.0004987934228739263,2.081422713483611e-07,6.408559533515335e-06,0.030299363701702785,0.0025201634007976114,4.865862093540829e-06
10588664,0.09479641381408839,0.00149145631317549,3.6168517797044245e-07,0.06900054458468953,2.2446075032617026e-06,8.577417166094861e-05,0.8318326566674594,0.0027896867689326853,8.613873123357301e-07
10588792,0.2568774968549312,5.505843762281309e-06,3.848036823199092e-08,0.7383908482878274,4.186284289692676e-07,8.99555129494928e-09,5.574157843209966e-05,0.0046699145725191005,2.675817945262189e-08
10589349,9.189495615735357e-09,1.7718922744348468e-07,5.7456618885601655e-05,8.102216599963949e-06,5.354695179743365e-10,6.835088666533476e-10,0.00015732515615167646,0.9997769249391864,3.4714750145912077e-09
10589410,2.1780989577096535e-08,0.757666717382053,9.999999999999998e-13,0.2415330132587664,2.6109283611802094e-05,1.0049016408500534e-09,0.0007741342644914058,2.99536437562225e-09,2.8821653749778358e-11
10589411,0.9974397842892129,1.932090447232298e-07,6.474652758141788e-07,3.1048393849153475e-06,5.493254667746243e-05,6.140078196819411e-08,0.0025009629620106138,1.8402792987426926e-07,1.2925968166539747e-07
10589472,1.0000000000000002e-12,1.0000000000000002e-12,0.9999999265617063,1.0000000000000002e-12,7.34029398669027e-08,1.0000000000000002e-12,1.0000000000000002e-12,1.0000000000000002e-12,2.9353816990264233e-11
10589485,2.7441824403677467e-06,0.0008138697909977893,0.024484986163048474,0.938233318423133,0.004040190244112865,1.786453199212809e-07,7.637394752686881e-06,0.032416886624052656,1.8853214240338832e-07
10589763,0.00038560831089618777,5.322483035669135e-06,1.1261603691361569e-08,1.7265551233071135e-07,0.00012275262721452097,3.4689811188287315e-08,0.0009399432922177972,7.319514562394151e-09,0.9985461473601941
10590733,0.013952841292450491,0.05477160448799588,0.00012101988660213604,8.888487413568987e-05,3.5228535097819037e-06,9.883851942821491e-05,0.9308249761557944,7.220903642817582e-05,6.610289365525399e-05
