track_id,Clutter,Cormorants,Pigeons,Ducks,Geese,Gulls,Birds of Prey,Waders,Songbirds
6868504,0.016434660931642007,0.018844088460302607,0.15019778996838995,0.06975261250455553,0.3747022221026033,0.050261364234117215,0.0012820590743741005,0.2997597195964894,0.018765483127525906
6868536,0.018664200934402703,0.06177845482507192,0.16761849326013595,0.05172598857088621,0.22735612285270054,0.09991830580536012,0.0021693635951017002,0.31322436931071096,0.05754470084562982
6868565,0.007918411138523304,0.02379612881995821,0.15000550838531884,0.033300913817676116,0.43276878620464726,0.03438692465376581,0.0009379353893170004,0.3010485809382099,0.01583681065258361
6868861,0.00016773713661028005,0.025207711967881703,0.12627110148318504,0.0033704734979002012,0.5512259796874808,0.0018288353373389007,5.3651719768380096e-05,0.2913880664863412,0.0004864426834936002
6869275,9.026908614339015e-05,0.031002500122418505,0.12067728193208581,0.005160526050939301,0.5424852084854541,0.0031101567983822004,7.016662830798102e-05,0.2964444556057138,0.0009594352905548802
6871418,0.0023275560041056006,0.06135448191402562,0.25044523598133334,0.07470413420943901,0.10804181844418542,0.12887547517793513,0.0031960430990283007,0.3360932915582012,0.034961963611746305
6872996,0.19795509389558683,0.002324306436332501,0.11337289547614417,0.0020014176281552007,0.02190189212708711,0.3099403775032273,0.036269838299063814,0.25968217074018246,0.05655200789422063
6873817,0.008452319854968804,0.01991299057124695,0.11157453695919936,0.015158950011550907,0.17041439969001568,0.29759295082636306,0.0031553139709676417,0.30045456156180445,0.07328397655388313
6874023,0.0003666253335925001,0.011108859972078902,0.12351551505168533,0.0027501764642693005,0.004514486598176301,0.5703872164984382,0.0025798957606354006,0.2767713077428428,0.008005916578281203
6875504,0.0004971257410836003,0.013441519690010006,0.11333804387448734,0.0015934653416246006,0.0024901067186744014,0.45321302072688596,0.031438319499808416,0.2598368860365321,0.12415151237089356
6875899,0.0011028750992041001,0.006414741062532002,0.11181770703654843,0.003429301941615501,0.006889811200849601,0.4448426902094791,0.10434438481210473,0.2622813740805498,0.05887711455711672
6877293,0.0039011823484965008,0.004995124270365901,0.12808187974663904,0.007851620096595801,0.0027735912182422005,0.018040015059886203,0.0034278536828940007,0.29898559163031774,0.5319431419465627
6880408,0.0021562191355816002,0.020636576952983904,0.11489031964210053,0.010294394186230401,0.008324975713871901,0.42817828434392863,0.024717946835628207,0.27938737640387656,0.11141390678579821
6880690,0.0005391471796973001,0.007963923401532602,0.14333370634111234,0.004631785403460801,0.0021979222072389002,0.3772177959768887,0.011184290983615201,0.2720050646454657,0.18092636386098843
6880833,0.0009274713438047006,0.0007958432892496005,0.12120245630094477,0.0007855553559015003,0.0006727825059058003,0.02099117210631611,0.13365581595861567,0.28413380503366664,0.4368350981055953
6880956,0.00018379626891740005,0.005889353552709582,0.11151047946265633,0.0013228929473020005,0.0032975701802267013,0.5899807196580624,0.005577355998248202,0.2785428828027946,0.0036949491290829014
6881733,0.00046102278088270036,0.0002710758919293802,0.11105493093789898,0.00018670542950220014,0.00029299511707130024,0.020216877458138317,0.5844980292541161,0.2788411297577176,0.004177233372743603
6885154,0.019154299227421907,0.0057143766543917025,0.11881454148295187,0.006289781393112302,0.006171896354943102,0.4456148021035734,0.02555144740887061,0.2706202246619396,0.10206863071279555
6887294,0.0010853370377557003,0.0037988123963367004,0.12091422802709482,0.0006498102162002001,0.0024589571469180002,0.202125514421939,0.0043637560956094005,0.29517250028942515,0.369431084368721
6887586,0.005010372714781801,0.0013383097115323005,0.12979659152204376,0.004448937829619302,0.002006064963936701,0.19952111311189547,0.007069607602691102,0.2970793105894802,0.3537296919540193
6887600,0.0012200794843178003,0.0010659142536688002,0.14731295862427551,0.0009644236527837002,0.00040837881682910006,0.02999765401601441,0.002950507900596501,0.2831678593662806,0.5329122238852336
6887637,0.0060514739089269015,0.03873373549086741,0.13478734813686663,0.027100234463688606,0.041345189345072204,0.18142580470189992,0.012403558390000282,0.29365717278415554,0.26449548277852253
6887702,0.015237076364996304,0.0010685058893818004,0.13345887039225376,0.0014287600187650005,0.0009069010083768003,0.04770135377463772,0.05317535252378902,0.28553499330073784,0.46148818672706177
6888243,0.0016146237707575005,0.02009629646182081,0.14063580699841927,0.0029462329602008013,0.008777858859459404,0.10251615058879894,0.006693800501918903,0.28074214651225,0.43597708334637436
6888737,0.0010512046197539001,0.018267753590770704,0.16933234853533982,0.010149237920126201,0.008155157451673601,0.10005115683975013,0.0078034349006869015,0.28882301327273685,0.3963666928691618
6889024,0.007329048923128504,0.0006151247414039003,0.12870518763864988,0.0014334202209093008,0.0005506306018090002,0.02491948936603391,0.13647950474677495,0.2796720407451576,0.4202955530161329
6890285,0.002776674124832681,0.02161184140856471,0.11626842495029793,0.0033166794171660013,0.0020570841785734813,0.2823733158594348,0.251087447564515,0.2608337929074953,0.059674739589120125
6890416,0.0035341877867463008,0.019465628861573502,0.13815706634189492,0.0034150601499883006,0.0037546933040384007,0.16675534028489442,0.04375374663665161,0.29142608932334707,0.32973818731086546
6890579,0.0012080128809228003,0.0005935907468805001,0.13966605604659652,0.0012124455927577003,0.00036566502055800006,0.022018373155530103,0.051301902683681816,0.27864073206056356,0.5049932218125089
6890917,0.003840301684181302,0.001720678965793501,0.12607010036585248,0.0015588607071285007,0.0008050580640567004,0.04431795792908172,0.370757908613395,0.2837029368145564,0.1672261968559544
6891091,0.005026888418043903,0.0031101977245898017,0.17152824910918518,0.02100353037855291,0.010590205977710106,0.05576287962839012,0.004312435115310403,0.29708037197236076,0.4315852416758568
6891208,0.0005297076090965003,0.0005372874824257002,0.14530650351328195,0.0002567212922325001,0.0002704281873349001,0.023045376782639907,0.03298918877467341,0.2737852539263439,0.5232795324319713
6891245,0.001754561189461001,0.002148983356834701,0.12552639109648417,0.0012540491702019007,0.0011793765113603004,0.09237450702983524,0.14534922681902407,0.27723588536132804,0.35317701946547064
6891309,0.0003763435159597001,0.0015707259855864003,0.11785635729764044,0.0006988454791515002,0.0005892050900149002,0.03324273956555211,0.042896362023858714,0.28218724234866754,0.5205821786935688
6891366,0.005346426682008501,0.0005380303604922002,0.11949710216935303,0.0003979315700600001,0.0003958511701788001,0.014906424131275206,0.11984396729621545,0.2798482744103088,0.4592259922101081
6891473,0.003762146782527201,0.0025654330771692014,0.13893252540731527,0.0032882794271418014,0.002300906648142101,0.1649148934517516,0.013750887948136507,0.28930237437710227,0.381182552880714
6891484,0.00022519438412008008,0.00018792756879168005,0.12166895484336873,0.00012818007974460004,9.46313060206962e-05,0.0028475036237851003,0.007046597888145403,0.29197293529305796,0.5758280750129657
6891531,0.002113111226471601,0.0037202686874985014,0.12165156476093875,0.0021424133118473007,0.0011819600286801005,0.10981233428346834,0.20742284408245126,0.2786802038774815,0.2732752997411627
6891557,0.0010745262422071004,0.002004267846263901,0.155687394334155,0.0008369713157675002,0.00042937486568120017,0.013996040958753408,0.007911956237584403,0.2890296951786004,0.5290297730209871
6891579,0.0011287298661481005,0.0017967016394736005,0.1407594162101917,0.0014852727189414005,0.0012707317938950005,0.036475204653858416,0.11225164616645485,0.2781538848371552,0.42667841211388186
6891867,0.008979051258306302,0.0012600438999248002,0.11808137412559892,0.0022303553259028002,0.0008724154263321002,0.04547910088718401,0.467058757072513,0.28288716898485433,0.07315173301938362
6891888,0.005722342071471102,0.0007306522646722002,0.11624620866768744,0.004018491522204502,0.0007094725901243002,0.019221852049080307,0.013892288928931103,0.3064585461548549,0.5330001457509742
6892297,0.004799500517985801,0.0003462529006285001,0.11145762965375963,0.0004873875934756001,0.00029532557561198005,0.015071360264109905,0.3493548484696494,0.27968324335777617,0.23850445166700296
6892562,0.0023290232990885004,0.0016562232329637003,0.13053182428510263,0.0018364516055737001,0.0008305708323203002,0.026492110556381104,0.35317663719069564,0.28227952988400523,0.20086762911386916
6892587,0.002641914520117901,0.0006950500264346002,0.11963635244559745,0.0009869632479321004,0.0005933444222478803,0.07696340146982153,0.258448167230373,0.28655197153949374,0.25348283509798186
6894293,0.0015309310392849003,0.29117742141349295,0.12666792394069892,0.020122214135565905,0.13048161876487047,0.09445874404359293,0.0015793810329265004,0.3141333156714628,0.019848449958104503
6895609,0.0009602970392672002,0.0032365680300886004,0.16776503776357327,0.011639251433500102,0.0017859614058962005,0.021077289789640304,0.003846252816316101,0.30427211638326257,0.48541722533845555
6895723,0.0012829113018237004,0.0008435559420122003,0.11641367439458931,0.0005769639554057002,0.0009208360588263002,0.5323770220227804,0.05536480734808652,0.2657659248117725,0.026454304164703412
6895905,0.0005399261219343001,0.0013188769928301001,0.13060305113631263,0.0005753377034920001,0.0011190781889191001,0.42997382327284106,0.11100829575098543,0.26373013163260095,0.06113147920008442
6895906,0.0009255936685506005,0.0010380052260818005,0.14152683791971885,0.0005601995893750002,0.0008977546177598004,0.4602847898800093,0.05590337062637573,0.2644069408669895,0.07445650760513953
6895927,0.0021502103861624003,0.0027286516387913006,0.12254728776703151,0.0017394924275680001,0.0027733094701432003,0.43547405439496045,0.09968818233230321,0.27024954625647585,0.06264926532656412
6895938,0.0005279592650348002,0.002060094520395401,0.130264832952219,0.0005363863610265002,0.0016285804836429006,0.42263048895979693,0.12012716213938676,0.2605756143340733,0.06164888098442453
6895939,0.0008047291426171002,0.0019600082434067007,0.12593236572267455,0.0006500521258801003,0.0018307750639690807,0.5216019972548598,0.028467614016648515,0.2604690012699025,0.05828345716004173
6895948,0.0007009930959586002,0.0019058332956853805,0.12039131721429742,0.0005709530530279002,0.002039445147519501,0.44838993705567026,0.07057712237939683,0.2630410308191483,0.09238336793929583
6895973,0.0010842654790702002,0.0010317362800853001,0.13314215422598166,0.0008042826242359003,0.0009681563494074001,0.4376228138059148,0.06782215441874341,0.26948370130441485,0.08804073551214651
6895974,0.0006833318507928001,0.0008779260940293002,0.12755269359253651,0.0006100301013147801,0.0010304417011317002,0.4250673672651935,0.10801849464998743,0.2577749470662296,0.07838476767878431
6896754,0.0014472804274528004,0.0015564086722831805,0.11775695501019774,0.0007177521660817003,0.0007184846161618002,0.14278679786626394,0.07066502055319412,0.2826071869840633,0.3817441137043014
6897915,0.0022480069942363004,0.04039177535139701,0.1665494234200107,0.021377493634934602,0.026100560363276612,0.26102553379674903,0.016380502499566102,0.31822312814218356,0.147703575797646
6897964,0.018962488032633402,0.017961544756371704,0.15044701418853182,0.012723571817765704,0.12231362841218403,0.11625395929604072,0.009779385524817401,0.30694620513884113,0.24461220283281407
6899282,0.0010909408848234002,0.0005492858780936002,0.11258023166317442,0.00027748470270290003,0.00023415246142208005,0.037099192091044404,0.32129891081304585,0.28706157849636293,0.23980822300933036
6899294,0.006147159791871303,0.0010764521468420005,0.12097959284664896,0.0026127654417008013,0.0007901038521645004,0.02580732326911431,0.21220018887434805,0.2805838742727917,0.34980253950451834
6899376,0.0018421745787472008,0.0038291580979153013,0.12507915839267186,0.0013131574583123003,0.0012827937693185004,0.027727401182255612,0.14248083146536517,0.2863248230228308,0.4101205020325833
6899506,0.0021316066511597007,0.002476865363072301,0.11695870459615854,0.0005298051426364002,0.0007153203842096801,0.3465422836779984,0.15183611301337477,0.26267132833701234,0.11613797283437795
6899530,0.003248552437188001,0.0005178289605262002,0.12262444475418732,0.005049755280415101,0.0003799346943170001,0.042902708659971506,0.0014862320511800004,0.30317089220746574,0.520619650954749
6899560,0.007360159608987603,0.002143473827606701,0.11351188188684866,0.004235992387777902,0.0009699866908696004,0.1412683321083729,0.02340017847510811,0.3017940774528022,0.4053159175616264
6899670,0.0017263161330936005,0.00025099269720510003,0.10095147308131003,0.00018564245231840004,0.00029318083678740004,0.06722563317085412,0.007363768426471601,0.30119240587984086,0.5208105873221188
6899695,0.0004399508595332002,0.0002018684050992801,0.10770283839388063,0.00016106636544200009,0.0002935981352212001,0.020255377931828012,0.0014131902462161006,0.3000225949156724,0.5695095147471071
6899730,0.0021535703144319007,0.0014791999056071006,0.12456281953371445,0.0015802632095532007,0.0011102386239530005,0.11990614823608656,0.04224635982707532,0.2860475321297179,0.42091386821986054
6899754,0.0058102657424615005,0.0012264502207980001,0.12569853741929024,0.005464759769457201,0.0011021993137853001,0.045966380193169405,0.0012468474627457002,0.30347670375045843,0.5100078561278342
6901206,0.001189439201214,0.0107652295474416,0.1356004711515355,0.0031861259766545794,0.0038446854379240994,0.2082273633509783,0.1338536533814007,0.2918959825969687,0.21143704935588242
6902131,0.0004071427946232001,0.002869686984806801,0.10731936840049135,0.0011000667546369005,0.002144142836063001,0.5080388313815067,0.11277923239859164,0.25917940623449987,0.006162122214780602
6902271,0.002544954168854701,0.022648666506689407,0.14032131616232965,0.005968767967904401,0.023469192180309306,0.20825069102761248,0.0030887719494691007,0.3069543342658294,0.2867533057710015
6904326,0.008296300947150304,0.00021209422566398006,0.10654025920054404,0.00034424983953730017,0.00011444618809580005,0.006800748153013503,0.005904145829886903,0.2970823838367359,0.5747053717793722
6908023,0.0007871944203424002,0.011999324506644905,0.12655230426075606,0.06907766730349103,0.013337230808606606,0.4734826705296257,0.003399775161934401,0.2908649226123659,0.010498910396233005
6908625,0.0008286474242842004,0.002268773690481301,0.11577242912594374,0.0010848535154581005,0.0010060735096439003,0.15393391544185775,0.3279040164543364,0.2789567342271412,0.11824455661085344
6909657,0.0009502702143400004,0.0005356234284258002,0.10564567856872464,0.00044570430627830025,0.00017574415605030007,0.011414951009620105,0.12434415628188576,0.29063929090768725,0.4658485811269879
6909786,0.0034947026109405023,0.0004365717951151002,0.11150006615697966,0.0009424586982171004,0.0002382789510725801,0.02630124852872091,0.021849043403591912,0.29702497691149227,0.53821265294387
6909952,0.002150502844122801,0.0009767741290118005,0.11366203211692225,0.0009430559006458002,0.0005518602965795003,0.015639149175384108,0.11406148398653033,0.28324217408112784,0.4687729674696756
6910003,0.0017282713645908007,0.0002369070967476001,0.11906861433871095,0.00034870688121220017,0.00015280604973970008,0.007075081617719003,0.04666039593121652,0.2842749400540147,0.5404542766660485
6910407,5.1762060570852726e-05,0.0006803642114692003,0.11486012183897425,0.00017957587526620005,0.00030276647134960013,0.5928726273130377,0.0011236935316420004,0.2885245922745314,0.0014044964231589004
6910422,0.005984240554572482,0.0006609775234052001,0.1192845502155831,0.0011701814683048003,0.00038405115151858007,0.03587923647998121,0.30720631021435146,0.28718639560983056,0.24224405678245262
6910425,0.004013988711076602,0.0001907640249043001,0.10415641344762824,0.00022995366359540012,8.421671336123451e-05,0.004740056302270702,0.02315779895490751,0.291454788971537,0.5719720192107189
6910560,0.0031954762523259015,0.0010593006890848007,0.12813293401456569,0.022848406248770214,0.0012402296922161007,0.03525259361549582,0.006663373200885504,0.32253119974088446,0.47907648654577156
6910590,0.0028743026859878004,0.00022032347298900007,0.11196542942779925,0.0004114679007013001,0.00011943790089220003,0.004950829160332001,0.04820574199681441,0.28522509382047045,0.5460273736340137
6912744,0.00014159305099550003,0.0020734505125771002,0.10025002657102662,0.00036149114877860003,0.0012409281715457003,0.6077365916637492,0.0025822894860178004,0.2823473782155693,0.003266251179740101
6919118,0.002239659155993301,0.005541612610842002,0.12760669919955775,0.004083109418688202,0.0033788879610017015,0.3690580190111797,0.131092278203611,0.25728826044184144,0.09971147399728494
6920152,0.0018318050379490002,0.007659163604377201,0.13934495084679893,0.0041703358948222006,0.0030335495726903005,0.30948155024847723,0.15340109205815616,0.26845743279332185,0.11262011994340712
6925791,0.0006718582487847003,0.0054419427750308025,0.12408663393071875,0.0011523980165055005,0.0010453785064778005,0.5262631917369137,0.04484388893015762,0.2639649668570651,0.032529740998346116
6926246,0.0031228725992937007,0.0008761004605125002,0.11536378529373073,0.00030613189839270004,0.00032353235855120003,0.5506377080060484,0.05054453460424412,0.2564210132987203,0.022404321480506303
6928841,0.007952283404456001,0.010703349136399701,0.20966051962210816,0.18616900893022723,0.012321958051604503,0.12784349733467706,0.004897267126453901,0.3867974635524349,0.053654652841638506
6928933,0.0007356066394979803,0.012737272966622805,0.11551249105805655,0.0008827805246594005,0.0018397241676193009,0.5771907403635792,0.017475931635754706,0.26682931223139755,0.006796140412812402
6937241,0.003980556692130902,0.0009821202570945004,0.12620756582876927,0.0014362572433772006,0.00024596559913680013,0.015600305516593206,0.004608074145464502,0.3071854093402759,0.5397537453771577
6938426,7.49083139134237e-05,0.0003875346668931801,0.0993670320726958,0.00016323162685280004,0.00020838779300298005,0.5990697400241249,0.013108748913230583,0.2862915415675555,0.0013288750217308003
6938530,0.00013233638765758,0.0008941310957563802,0.10182282836718402,0.00019066616818730006,0.00018597243968590006,0.609061817678787,0.017712542789542905,0.26809647923830826,0.0019032258348906002
6938682,0.0003527704014608002,0.0005315089733955003,0.11227101408061234,0.0004057800534796001,0.00024041628701358008,0.03510622066699611,0.5321769436526786,0.2833279020606854,0.035587443823678115
6939166,4.345150651772778e-05,0.0002338372225711001,0.09815542282607853,0.00010536368743230002,9.621150534573874e-05,0.6052530137199683,0.010451294709243001,0.2844312573699713,0.0012301474528719001
6939222,0.00038652409429090014,0.0004077422300684001,0.10789531279593312,0.00025758393397950005,0.00019008885739970005,0.033073229523674606,0.5650155445322393,0.28466999096918355,0.008103983063230902
6944591,0.013581275385010704,0.005584694093030802,0.12258141829743434,0.0012432131268673005,0.0011033529044429005,0.23699578845007227,0.2656975280800037,0.2847730376928921,0.06843969197024592
6947293,0.00024459650879330005,0.0036782163483465007,0.11340895196364015,0.0004690789443248001,0.0007914277054540802,0.5791872073552043,0.0062903730710861016,0.2750272790138413,0.020902869089309405
6952804,0.002001495287338301,0.007488939583244603,0.18072284427021945,0.002354230280373701,0.004934815018693202,0.349185269002674,0.021501671635410006,0.28583411895360245,0.14597661596844425
6975207,0.00012684170404950006,0.0012516051207751007,0.11890781456303876,0.0002687203561747001,0.0002626503309447001,0.5952295237568492,0.002066579318774401,0.2776245466303023,0.004261718219091302
6975472,0.00010379343815300003,0.0015670546806185008,0.12309727727974115,0.0001967413017188801,0.00025168658788450013,0.5963113076111404,0.0027604414932452014,0.270883922354101,0.0048277752533974014
6975490,5.997953224731664e-05,0.0003163637778690002,0.10823555380260926,5.55667240599082e-05,0.00011849414885820007,0.6043168621689932,0.0005645457999737002,0.282778753038807,0.003553881006582501
6976427,4.333462260026806e-05,0.00017456267933458006,0.09774014825189663,4.1983083113672806e-05,6.979707865114585e-05,0.6069730210983688,0.0018129842601869004,0.28808961388882093,0.005054555037027101
10551287,0.0009753666762948002,0.004103148581226401,0.11699180627563222,0.005792304200741001,0.004054430563184801,0.5600592241993709,0.021026961126843203,0.2658518835825877,0.021144874794118904
10554874,0.3225689232891903,0.011357074105004384,0.12384865589499865,0.0034294956768118013,0.009035705102579204,0.11227379515517563,0.08776923876258863,0.2763388325121007,0.05337827950155083
10555071,0.0017221541173320005,0.005567504007868781,0.129928009990764,0.0015227135877734005,0.0009216218449020802,0.3590714972490279,0.030387804225479903,0.25661313456142587,0.214265560415426
10555459,0.0029872530767869007,0.04164317687437631,0.13643477825976597,0.014499063110980906,0.012763434910901303,0.3399683761370418,0.016524440094415907,0.31647231279042665,0.11870716474530434
10555968,0.03874329907357341,0.02027327990599931,0.11271714922900364,0.20451990402549655,0.031136902082990414,0.11151963388987744,0.0027030885148027007,0.3077365513003576,0.17065019197789896
10556692,0.006783757252571003,0.0033511894925805016,0.12239639802242869,0.009393848725629504,0.0011354896092589004,0.14649930596354435,0.01960073102085861,0.2885085265972602,0.40233075331586826
10557065,0.00016325498229500008,0.006493838494392804,0.10191233245575056,0.0007560210614976804,0.0010520111797647004,0.5895474360589723,0.0032928020636654007,0.2888092824051668,0.007973021298494804
10557235,0.0011655160971997002,0.014001616497433504,0.12618082842535913,0.032614754626538206,0.006503133255668802,0.47268753908343303,0.003536020518243901,0.32244498769564944,0.020865603800474204
10557310,0.0014007581482879002,0.014550768031676204,0.11858298018072565,0.008061344351833501,0.014771956064146606,0.18635294336744163,0.0018229703707091803,0.28465536752720083,0.36980091195797843
10557603,0.0008976248299203002,0.010153026149493701,0.11086579063331813,0.0027516184061822002,0.0018530060070605003,0.454471357037489,0.018167062755349902,0.2647017991955868,0.13613871498559954
10557649,0.0006062284682999802,0.006802297632165082,0.14912000583783852,0.0034642460574638013,0.003383722064831101,0.526491387562103,0.006336762631752802,0.2696996141015653,0.03409573564398051
10559369,0.0008974322738535003,0.004519575674088701,0.11571581411842191,0.0006260008125494001,0.00064385595814828,0.5617932528792985,0.005791308780183301,0.25651444008133123,0.05349831942212512
10559516,0.0014286537054307002,0.009993003390236002,0.10260563752531603,0.0035929793503426005,0.005057793077800601,0.5184558287246482,0.019827623008659503,0.27180184323960205,0.06723663797796421
10559765,0.0008791324408154002,0.023885589788473806,0.1036174303026034,0.0026341854741294005,0.0016861765280953005,0.5103631040272779,0.019703965197099705,0.27176994043141195,0.06546047581009311
10559904,0.002246073028966201,0.009802363600938205,0.11042213541451437,0.0030744515236223015,0.0020230133278548008,0.4610500741905307,0.028350800640500214,0.2703974954153441,0.11263359285772914
10561136,0.001951870895504001,0.008728825775874303,0.12442729295920575,0.001750029229760001,0.0015271956826649006,0.4713357461054585,0.003943997742671681,0.2598579484809141,0.12647709312794683
10561583,0.006752825831326502,0.003766817828653301,0.10415073013039965,0.0015680266783819005,0.0011824587087047804,0.4560463941160876,0.07817810865562981,0.2756664507482982,0.07268818730251822
10561870,0.00044216263815280015,0.004091283931092602,0.103383727357915,0.0008259797133533003,0.0009702604206198003,0.4960466298456797,0.10485853286991302,0.2694903743439898,0.019891048879284008
10562711,0.0036178600082728022,0.030514693910265712,0.13965878897394135,0.051404441070743524,0.029412726795581913,0.28726043556212755,0.010145060343187105,0.264094223465614,0.1838917698702661
10566953,0.0009970433260149002,0.006701123310134203,0.10634831932236333,0.0029243222881150006,0.0031790811324350007,0.42565262259484904,0.17560329564316401,0.26658919975895023,0.012004992623974104
10567563,0.013637889147168404,0.03625887167343531,0.11712030810861385,0.004137954086151402,0.019132392436197007,0.40998288241382363,0.02302357545296871,0.267331891846157,0.10937423483548465
10568512,0.0038796678170265014,0.0012147961001010004,0.11584351977178534,0.0018527489459542008,0.0010745429568762004,0.22326356592210123,0.31680443717099344,0.2787903284359909,0.05727639287917133
10569249,0.0006384702315934001,0.0009507131780476003,0.10400170600313924,0.0009070877372271002,0.0006257695788902001,0.4682042624749828,0.10254881306509611,0.27081818823923076,0.051304989491792824
10569900,0.0014333027191647002,0.17656988815835442,0.13454620498432102,0.04143544674570919,0.2680461997457196,0.06027940672618789,0.00638368216456828,0.27742525088227604,0.03388061787369891
10569996,0.0008933126103033004,0.0012457564025745004,0.11323840053374885,0.0016634294416427004,0.0005316589545380002,0.42140122833254645,0.18021006789647065,0.25790793975686377,0.022908206071311908
10570047,0.0004765219551976001,0.0027449290687139006,0.10821971332273883,0.0016056324656762004,0.0010000704041255002,0.5239623739741984,0.07628364047769451,0.2729233871169383,0.012783731214716685
10570186,0.002343579194038701,0.003908229842503102,0.10836878533429155,0.004521578973394202,0.003874124575731001,0.4457768429170727,0.04358890407502771,0.27247454019234896,0.11514341489559214
10570190,0.0004208856068274001,0.0018738446497647008,0.11318852624612841,0.0015400161066802004,0.0011329628077195002,0.4193650022279804,0.17829658292304051,0.27035187271168143,0.013830306720177403
10570281,0.0006892766976494004,0.001766692455093001,0.10905332853676417,0.0013110264101256007,0.0009668694369005006,0.4357363082545229,0.13692863526039808,0.26805156231269606,0.04549630063585033
10570444,0.14879034624548604,0.005992892222465602,0.12325640049668923,0.014248313178085205,0.005808346245808801,0.2750670317430441,0.014924529311070904,0.2746216688955021,0.13729047166184802
10570516,0.0019480531740178005,0.005284298160286701,0.10750615984126462,0.0018138782941428005,0.0019733400657264005,0.48009183643058617,0.015280900433909603,0.2716142512055026,0.11448728239456332
10570563,0.0053866894989670015,0.0012467401788131005,0.11271412707345634,0.0015792420769487005,0.0005823396712363002,0.32460099647101726,0.15989062243778834,0.27245031114517393,0.12154893144659903
10570908,0.0031613476597784004,0.0009576738565350002,0.09941461584607063,0.002764059723041501,0.0014987835957824005,0.31561226050806857,0.2650786474313005,0.2775900945267332,0.033922516852689814
10570962,0.002724440197880301,0.009501001264120304,0.12257914514872514,0.004674125294692302,0.002538624129107801,0.3593012434094314,0.020004680211278908,0.30748959097330175,0.17118714937146196
10571126,0.016099516657704902,0.0025970301474991003,0.12400396640004124,0.0019037203423102004,0.0008464821561310001,0.2275029980164785,0.07889382408721701,0.2797153561249893,0.26843710606762866
10571129,0.057326647453354806,0.004710647757621601,0.11188099696505052,0.013023322748594203,0.0019949195794171006,0.46433331796521504,0.005164441020913001,0.27742811041865567,0.06413759609117811
10571130,0.010692804054820305,0.004271653678439602,0.11623804333913376,0.02308827556004671,0.0032701950497272007,0.2652195333264198,0.0036115511027314017,0.2957848281738122,0.27782311571486906
10571150,0.003573249046229801,0.003988732143538602,0.10597565999228695,0.002081274468656201,0.0015789017699820004,0.49264882001632787,0.010716752877887304,0.27462848807717155,0.10480812160791983
10571157,0.02031854051119121,0.0012359629449882007,0.12175735156464865,0.002864964213698601,0.0007839403013574003,0.16212426395832552,0.32728705308593997,0.2754041681843677,0.08822375523548284
10571249,0.0013536200917401006,0.0009584474365461006,0.10099642394265984,0.0007174777292069004,0.0005286620830535002,0.447468763034378,0.12074763584532835,0.2756283309481808,0.051600638888906425
10571563,0.0012461737300250002,0.06386762404863931,0.10904113583833784,0.0031286034768568008,0.006560490807609203,0.4241456749492639,0.009576185571890602,0.2558692734453142,0.12656483813206312
10571600,0.0014606711306497007,0.003997268971763702,0.11757004692452476,0.0017736639729430009,0.0013561802828964005,0.5349548508803543,0.016583268664716107,0.26068001169478633,0.06162403747736573
10573894,0.0036948942533107016,0.0044034458326213015,0.10904660863881314,0.0064111749287566015,0.0016779343945916008,0.5121641478307752,0.014126570221642803,0.2796596436779092,0.06881558022157953
10574347,0.008815766116952981,0.00478212102541018,0.11382503138341303,0.004537907516819601,0.0017184894774303003,0.48545716244216824,0.047752374653526296,0.2691076701492776,0.06400347723500172
10574370,0.014230603705473984,0.002978429244613101,0.10889100941865634,0.005066956302512202,0.0016119100680864005,0.3790407702030365,0.048416187089606814,0.2748411987747028,0.16492293519331191
10574372,0.003362295290768101,0.0017997851317522007,0.10948056568995913,0.0008160708313610003,0.0005547959378905003,0.33813626216480064,0.19263107695563744,0.2676198062802304,0.08559934171760053
10574408,0.005224364335867803,0.006275411364121003,0.11596292785908466,0.027854757550918315,0.004974436689431603,0.4448025947056173,0.0027890176106528013,0.273295087254154,0.11882140263015256
10574430,0.0005313839350576001,0.0013344107081387003,0.10709458959253992,0.0014685911736070005,0.0004735409578334001,0.5361033551727762,0.0076881340432628014,0.27259547834559616,0.07271051607118821
10574439,0.0060849091644114015,0.0019403913805481005,0.10318666153817183,0.0035442786811004014,0.0009654705691149002,0.5206741751326768,0.018983079634353504,0.2779221312975385,0.0666989026020846
10574456,0.0028460717870610005,0.0021323762022093006,0.10808516174045063,0.0019741192403644006,0.0009886341710503002,0.38735641721574043,0.0055673708336505005,0.2698643874767671,0.22118546133270636
10576038,0.08081523422125564,0.0054219855824574024,0.10649889891137725,0.004325834501799001,0.006255126136456503,0.4432608529118006,0.012684058328546405,0.2816414808061712,0.05909652860013603
10576770,0.004473924512918002,0.003709590427729902,0.11930741663607275,0.014678391064869208,0.0012409915066165006,0.4589348566922845,0.018867419103169306,0.27273475554091337,0.10605265451542645
10577118,0.0013605187217227005,0.002671851650973601,0.09714178302492663,0.0014185065115273005,0.0010958354705921005,0.5815459044798987,0.020138015590247707,0.26902942528004314,0.025598159270068106
10577354,0.002236300161824201,0.0010634006074342005,0.10553127454812103,0.0006315942733861002,0.0005454498772330003,0.4460312730155979,0.10858044775931942,0.2670728639057798,0.06830739585130442
10577622,0.0005849095439199002,0.002303407276921501,0.09914144537046422,0.0017609552039457006,0.0008867184105882005,0.492381666961612,0.08702259507925032,0.26714242764562557,0.04877587450767251
10577723,0.0021186009245205005,0.0018454998104430005,0.10428761900083723,0.0017159162118095001,0.0008944125502562002,0.5144399247975664,0.07546983077541461,0.2656724775276563,0.03355571840149621
10578130,0.0910697635822822,0.010602098586390803,0.12386518191838233,0.014839302796110407,0.009662410812509204,0.32609662437880044,0.024739154219679507,0.26583520558425555,0.13329025812158965
10578295,0.0017113327721984001,0.003923831109046801,0.11400515246398712,0.005942719860958102,0.0022431376340298005,0.40778209374775154,0.14260869331419773,0.26034519194293904,0.061437847154891416
10579132,0.0004755126521287002,0.0019199428164628008,0.10766856477038153,0.0009623224045812004,0.0005038159092210003,0.3759431535465347,0.24389975874014735,0.2576746915367598,0.010952237623783004
10579372,0.0008971436838863003,0.003706683541184002,0.11598285365285176,0.0018040159726073009,0.0024948609871515014,0.42974258017887523,0.16037780496678347,0.25968251378726537,0.02531154322939511
10579452,0.0008638799174821003,0.004990622547100501,0.14188024164024082,0.009675936210651001,0.012549695243328302,0.5449464761334244,0.013169931786694903,0.25747931389390644,0.014443902627171405
10579754,0.0007078188517733004,0.0034608802237075017,0.14817346526396566,0.0058346545560474024,0.02557895499772309,0.5123874544418017,0.010331620673327706,0.2719169239930802,0.02160822699857351
10580098,0.0022558944629228004,0.004234147668450001,0.10798529336862082,0.0016689730974280004,0.0015802663647101003,0.3662977555524517,0.23372785428708676,0.2715260504023186,0.010723764796011101
10580150,0.0006502751406076001,0.0021024616519571006,0.13665844137701494,0.0034791840675387005,0.0020154098476967003,0.4829351687230516,0.07754622706679572,0.26151147500141464,0.03310135712392301
10580642,0.0017406098965931007,0.002334399571951701,0.10117524701641611,0.002549098024708301,0.0011437041183772003,0.5160413233342539,0.007150305091661402,0.27572394767919906,0.09214136526683933
10580740,0.005439714456345003,0.0012385726103836007,0.12170472488755776,0.0013449937190434006,0.0005882818589736002,0.2544657863439336,0.2283472853422252,0.26455167103270844,0.12231896974882947
10580745,0.0012114062890510005,0.0016363379594311006,0.12069977688279707,0.0012673535372377006,0.0004683183748497802,0.28531900144030353,0.20829661634785415,0.26682131984328344,0.11427986932519216
10580771,0.026834483592701203,0.0027233353311702005,0.10787657931669592,0.010142198132036501,0.0012751526109453003,0.4345458907056521,0.026209642975076206,0.2874458036847367,0.10294691365098581
10580995,0.0026280923923477006,0.007496031652993101,0.11305293811915261,0.003962797990839301,0.0012498882469079002,0.38148910979258127,0.08421073093065311,0.2673645007313082,0.13854591014321682
10581310,0.0009442792085590003,0.004277199345290181,0.10937982691580826,0.0017531940336779008,0.0008623129533689006,0.3660399445774612,0.20571300311966237,0.2647412079237246,0.046289031922447724
10581368,0.013395601590346003,0.015409569660813508,0.13558614872540806,0.08376273634038862,0.008692966273401203,0.32977354113583046,0.004519951360257702,0.2824349488154869,0.12642453609806767
10582173,0.005299606823714602,0.005140946851383381,0.11173574801380634,0.0046969442653756015,0.0015153077858786005,0.5238091794730415,0.008906455936731283,0.26123138952242786,0.07766442132764093
10582418,0.26353058183930816,0.004964403917725801,0.11314208175130483,0.004244048459047801,0.013857561811579903,0.25231413863730373,0.011168070476393501,0.27981030625137565,0.05696880685596061
10583009,0.0005643648828688002,0.0019505862222327006,0.11070757689418716,0.0009200093236184004,0.0013989669125009803,0.3572029918531121,0.2547673732613968,0.2664612084234347,0.006026922226648502
10583434,0.0024193354199792006,0.027042570535266305,0.10902720838253364,0.07207098951695681,0.0017991850918230004,0.40896013993258395,0.016601745339725502,0.2638607423694088,0.09821808341172272
10583521,0.00027281694629580007,0.00036094043581030004,0.11718886722817012,0.0005628485885201001,0.00040734961764860017,0.13718742718845503,0.4509776880866818,0.27661674504040185,0.016425316868016304
10584210,0.0006033520952257002,0.002024316510139101,0.11087217863260315,0.0011375693826909004,0.0005757165218173002,0.3933681791584756,0.19309751583359377,0.2591448978753684,0.03917627399008612
10584222,0.0009026205139224003,0.0009293873200560004,0.11521670237152365,0.0005509955109605002,0.0002889863175656001,0.44825823584880103,0.16082022398753387,0.25735741664486467,0.015675431484772406
10584314,0.005631376171744501,0.0012014302234239001,0.11903848410578202,0.0013541953034457805,0.0005722863485447001,0.12113540960073593,0.11432675744378751,0.28197317299872926,0.35476688780380633
10584430,0.0033786191005640014,0.0015820460880068003,0.11556298200920634,0.0014924608451700005,0.0006832060075753002,0.222180750009658,0.3018168316853227,0.27624414068945413,0.07705896356504273
10584519,0.0020381967776985006,0.012132196429889403,0.10310304367801222,0.004864079661478301,0.0018786804168264802,0.38402777245879854,0.16535815522797323,0.27745185452145965,0.049146020827863714
10584820,0.0009912279960896002,0.044976091605970006,0.10663400663430933,0.0015091117018253004,0.009719507751390202,0.5252574198090623,0.011466058072372902,0.26433083191089096,0.03511574451808941
10585136,0.0009322002047135004,0.017894281013329207,0.10639189270448464,0.019504070198083708,0.0013911541248422005,0.5664548462443204,0.006116031390760002,0.2681690997872235,0.013146424332242905
10586849,0.0011961781162976002,0.005336952490894701,0.11439125625668672,0.0073614789243646814,0.003181492623859101,0.49937183812431396,0.08215772307301301,0.2664899825997588,0.020513097790811403
10587734,0.014630849020612902,0.0052663968049951005,0.10095826640151383,0.0031530472190069007,0.003141713245217101,0.41046749806090155,0.15472125022177924,0.27757756245154125,0.030083416574432104
10587840,0.001825399453466801,0.002596058099325101,0.12984760034306686,0.003245548286022201,0.0008285573091908804,0.4972519406591911,0.08196523055818204,0.26090182730582373,0.02153783798573131
10588529,0.0031537532557885015,0.00014236952559540007,0.10673598787208405,0.00020556705059140005,9.697232844666671e-05,0.010617466142687005,0.5776981492743829,0.2804417683302085,0.02090796622021551
10588664,0.0030328243555605007,0.00040209897184810014,0.12480409888147044,0.0003459222034817001,0.0002489757144295001,0.036380417311749916,0.4000404457217413,0.27895369919624236,0.15579151764347615
10588792,0.007358435868407801,0.0004126634251337002,0.10766486610915495,0.0004007547935632001,0.0003027342436256001,0.024194273575630806,0.39261218903706985,0.290331635262976,0.1767224476844381
10589349,0.0017072134579038008,0.004711650761282602,0.10982955160838305,0.0015492454969502007,0.0013893509831265007,0.12247641740412257,0.12430929023931106,0.29252998992797913,0.34149729012094104
10589410,0.20465017103676955,0.0009967271395874002,0.12746169987537123,0.005743617131146481,0.0012164487030525003,0.23155818420268193,0.031854580888062006,0.2830593429635885,0.11345922805974035
10589411,0.009590498633204601,0.0008435656994155003,0.10380165957038792,0.0013446332004639003,0.0012890947157350003,0.25302655492623777,0.02886927252428861,0.29645175247182937,0.30478296825843726
10589472,0.02379139741748431,0.0024542277228155013,0.11165189804663546,0.002674978609406501,0.0024948297449783013,0.10490389514720153,0.06347712002754292,0.2954836184571593,0.39306803482677616
10589485,0.050433393437319424,0.0018983206203696005,0.11287024163352533,0.0033191251753177005,0.0024394169115602004,0.14023997849606443,0.018133301739936103,0.29677646271332453,0.37388975927258267
10589763,0.0008847744792047003,0.029787591409728104,0.11151377625565834,0.023659967778593007,0.0029904895802224008,0.5384830923116526,0.015454484409317501,0.26520911413899734,0.012016709636626004
10590733,0.0030074214106296008,0.010521031165201802,0.12858661072830382,0.10035159073751752,0.0033730413034859007,0.4377987586439212,0.0034957252021247005,0.30496038506829976,0.007905435740515701
10592587,0.2194365958161531,0.004012044398929582,0.11263791611350425,0.004267398508260102,0.008520010841616403,0.29572096576321316,0.006936849753242004,0.27493943119319925,0.07352878761188222
10592944,0.0014030983356799805,0.015713915388150108,0.14947528730112125,0.02514174035739281,0.02346366416091171,0.48230891947679777,0.018241961682240206,0.26028868795655635,0.02396272534114991
10595034,0.003108803979509401,0.017904891996323804,0.11232468623546032,0.004069201131103201,0.018020790928151405,0.5074668279761605,0.007463731820631002,0.27099845010932144,0.05864261582333882
10596119,0.00027881658223648004,0.0021408034690626005,0.10548836612552803,0.00027569754655390005,0.0004667707781141001,0.5835711612142747,0.017987847550406503,0.2665639297968496,0.023226606936974002
10599481,0.0003870966682752001,0.0007491980424335003,0.09864925539223893,0.0005297296481019002,0.0005553257945581003,0.4222079060794036,0.20433977505473605,0.2654127793707137,0.007168933949539003
