track_id,Clutter,Cormorants,Pigeons,Ducks,Geese,Gulls,Birds of Prey,Waders,Songbirds
6868504,0.00865505584546432,0.03212577683912658,0.14295403500582307,0.03266210288839146,0.4257076638665772,0.03790111736579284,0.0009026352813738323,0.300373038387493,0.01871857451995754
6868536,0.00865505584546432,0.03212577683912658,0.14295403500582307,0.03266210288839146,0.4257076638665772,0.03790111736579284,0.0009026352813738323,0.300373038387493,0.01871857451995754
6868565,0.00865505584546432,0.03212577683912658,0.14295403500582307,0.03266210288839146,0.4257076638665772,0.03790111736579284,0.0009026352813738323,0.300373038387493,0.01871857451995754
6868861,0.00865505584546432,0.03212577683912658,0.14295403500582307,0.03266210288839146,0.4257076638665772,0.03790111736579284,0.0009026352813738323,0.300373038387493,0.01871857451995754
6869275,0.00865505584546432,0.03212577683912658,0.14295403500582307,0.03266210288839146,0.4257076638665772,0.03790111736579284,0.0009026352813738323,0.300373038387493,0.01871857451995754
6871418,0.0023275560041056,0.0613544819140256,0.2504452359813334,0.074704134209439,0.1080418184441854,0.1288754751779351,0.0031960430990283,0.3360932915582012,0.0349619636117463
6872996,0.1992295067681598,0.0023392700625972,0.1141027775648156,0.0020143025321933,0.0220428940720796,0.309479419155651,0.0365033394831194,0.257372406931586,0.0569160834297976
6873817,0.00442523992945015,0.01557496142776315,0.11806464156048324,0.0089883338275441,0.0877747898013574,0.4345006356552226,0.0028799029659948502,0.2869971715554296,0.04079432327675455
6874023,0.00442523992945015,0.01557496142776315,0.11806464156048324,0.0089883338275441,0.0877747898013574,0.4345006356552226,0.0028799029659948502,0.2869971715554296,0.04079432327675455
6875504,0.0005002604191616,0.0135262765907818,0.1140527087010756,0.0016035131031097,0.0025058083456431,0.4541710019533223,0.0316365570940485,0.2570695111448097,0.1249343626480474
6875899,0.0011099464360551,0.0064558706472854,0.1125346519316995,0.0034512896981715,0.0069339868068418,0.4457281560378801,0.1050134127863975,0.2595180669639952,0.0592546186916734
6877293,0.0039011823484965,0.0049951242703659,0.128081879746639,0.0078516200965958,0.0027735912182422,0.0180400150598862,0.003427853682894,0.2989855916303177,0.5319431419465626
6880408,0.0021607838498314,0.0206802645705045,0.1151335423603246,0.0103161874107966,0.0083425996810484,0.4283284348198032,0.0247702747100479,0.278618142656961,0.1116497699406821
6880690,0.0007344694467296,0.004397020825934151,0.13257651957184247,0.00271863746854285,0.00144008204157335,0.19913598446852795,0.0724441208257917,0.27728310088424724,0.3092700644668103
6880833,0.0007344694467296,0.004397020825934151,0.13257651957184247,0.00271863746854285,0.00144008204157335,0.19913598446852795,0.0724441208257917,0.27728310088424724,0.3092700644668103
6880956,0.0001837962689173,0.0058893535527095,0.1115104794626563,0.001322892947302,0.0032975701802267,0.5899807196580623,0.0055773559982482,0.2785428828027946,0.0036949491290829
6881733,0.0004610227808827,0.0002710758919293,0.1110549309378989,0.0001867054295021,0.0002929951170713,0.0202168774581383,0.5844980292541162,0.2788411297577175,0.0041772333727436
6885154,0.0192678367682502,0.0057482487509379,0.1195188173582763,0.0063270642142295,0.0062084804098368,0.4463818051552803,0.0257029041898764,0.2681711983291023,0.10267364482421
6887294,0.005720867902155679,0.0092010555483574,0.13325399934050686,0.00691843323621136,0.009425098256226542,0.13215428800527726,0.015992556502537243,0.29092236726601584,0.39641133394271166
6887586,0.005720867902155679,0.0092010555483574,0.13325399934050686,0.00691843323621136,0.009425098256226542,0.13215428800527726,0.015992556502537243,0.29092236726601584,0.39641133394271166
6887600,0.005720867902155679,0.0092010555483574,0.13325399934050686,0.00691843323621136,0.009425098256226542,0.13215428800527726,0.015992556502537243,0.29092236726601584,0.39641133394271166
6887637,0.005720867902155679,0.0092010555483574,0.13325399934050686,0.00691843323621136,0.009425098256226542,0.13215428800527726,0.015992556502537243,0.29092236726601584,0.39641133394271166
6887702,0.005720867902155679,0.0092010555483574,0.13325399934050686,0.00691843323621136,0.009425098256226542,0.13215428800527726,0.015992556502537243,0.29092236726601584,0.39641133394271166
6888243,0.0016146237707574,0.0200962964618208,0.1406358069984192,0.0029462329602008,0.0087778588594594,0.1025161505887989,0.0066938005019189,0.28074214651225,0.4359770833463743
6888737,0.0041901267714412,0.0094414391660873,0.1490187680869948,0.00579132907051775,0.0043528940267413,0.062485323102891954,0.0721414698237309,0.2842475270089472,0.4083311229426474
6889024,0.0041901267714412,0.0094414391660873,0.1490187680869948,0.00579132907051775,0.0043528940267413,0.062485323102891954,0.0721414698237309,0.2842475270089472,0.4083311229426474
6890285,0.0027979379239121,0.0217773451129203,0.1171588097474604,0.0033420785823423,0.0020728373504244,0.2814970839913002,0.2530102778270334,0.2582119001043815,0.0601317293602251
6890416,0.0035341877867462,0.0194656288615735,0.1381570663418949,0.0034150601499882,0.0037546933040384,0.1667553402848944,0.0437537466366516,0.291426089323347,0.3297381873108654
6890579,0.0012080128809227,0.0005935907468804,0.1396660560465965,0.0012124455927577,0.000365665020558,0.0220183731555301,0.0513019026836818,0.2786407320605635,0.5049932218125089
6890917,0.0022889034182022546,0.001809136608629,0.13495314173706963,0.0030046414046154364,0.001737066331188618,0.053790532912580985,0.09677572917865902,0.2837253689451784,0.4219154794638765
6891091,0.0022889034182022546,0.001809136608629,0.13495314173706963,0.0030046414046154364,0.001737066331188618,0.053790532912580985,0.09677572917865902,0.2837253689451784,0.4219154794638765
6891208,0.0022889034182022546,0.001809136608629,0.13495314173706963,0.0030046414046154364,0.001737066331188618,0.053790532912580985,0.09677572917865902,0.2837253689451784,0.4219154794638765
6891245,0.0022889034182022546,0.001809136608629,0.13495314173706963,0.0030046414046154364,0.001737066331188618,0.053790532912580985,0.09677572917865902,0.2837253689451784,0.4219154794638765
6891309,0.0022889034182022546,0.001809136608629,0.13495314173706963,0.0030046414046154364,0.001737066331188618,0.053790532912580985,0.09677572917865902,0.2837253689451784,0.4219154794638765
6891366,0.0022889034182022546,0.001809136608629,0.13495314173706963,0.0030046414046154364,0.001737066331188618,0.053790532912580985,0.09677572917865902,0.2837253689451784,0.4219154794638765
6891473,0.0022889034182022546,0.001809136608629,0.13495314173706963,0.0030046414046154364,0.001737066331188618,0.053790532912580985,0.09677572917865902,0.2837253689451784,0.4219154794638765
6891484,0.0022889034182022546,0.001809136608629,0.13495314173706963,0.0030046414046154364,0.001737066331188618,0.053790532912580985,0.09677572917865902,0.2837253689451784,0.4219154794638765
6891531,0.0022889034182022546,0.001809136608629,0.13495314173706963,0.0030046414046154364,0.001737066331188618,0.053790532912580985,0.09677572917865902,0.2837253689451784,0.4219154794638765
6891557,0.0022889034182022546,0.001809136608629,0.13495314173706963,0.0030046414046154364,0.001737066331188618,0.053790532912580985,0.09677572917865902,0.2837253689451784,0.4219154794638765
6891579,0.0022889034182022546,0.001809136608629,0.13495314173706963,0.0030046414046154364,0.001737066331188618,0.053790532912580985,0.09677572917865902,0.2837253689451784,0.4219154794638765
6891867,0.0073506966648887,0.0009953480822985001,0.11716379139664315,0.00312442342405365,0.0007909440082282,0.03235047646813215,0.24047552300072209,0.2946728575698546,0.3030759393851789
6891888,0.0073506966648887,0.0009953480822985001,0.11716379139664315,0.00312442342405365,0.0007909440082282,0.03235047646813215,0.24047552300072209,0.2946728575698546,0.3030759393851789
6892297,0.0047995005179858,0.0003462529006285,0.1114576296537596,0.0004873875934755,0.0002953255756119,0.0150713602641099,0.3493548484696494,0.2796832433577762,0.238504451667003
6892562,0.0024854689096032003,0.0011756366296991,0.12508408836535,0.00141170742675285,0.000711957627284,0.05172775601310125,0.30581240221053424,0.2844157507117494,0.2271752321059255
6892587,0.0024854689096032003,0.0011756366296991,0.12508408836535,0.00141170742675285,0.000711957627284,0.05172775601310125,0.30581240221053424,0.2844157507117494,0.2271752321059255
6894293,0.0015309310392849,0.291177421413493,0.1266679239406989,0.0201222141355659,0.1304816187648704,0.0944587440435929,0.0015793810329265,0.3141333156714628,0.0198484499581045
6895609,0.0009602970392672,0.0032365680300886,0.1677650377635733,0.0116392514335,0.0017859614058962,0.0210772897896403,0.0038462528163161,0.3042721163832626,0.4854172253384555
6895723,0.0009727878608841665,0.0015391845210878,0.128412166080112,0.0007406542907612778,0.0014769646338149778,0.45801421901160455,0.08017858630947848,0.2611875974964118,0.06747783979584454
6895905,0.0009727878608841665,0.0015391845210878,0.128412166080112,0.0007406542907612778,0.0014769646338149778,0.45801421901160455,0.08017858630947848,0.2611875974964118,0.06747783979584454
6895906,0.0009727878608841665,0.0015391845210878,0.128412166080112,0.0007406542907612778,0.0014769646338149778,0.45801421901160455,0.08017858630947848,0.2611875974964118,0.06747783979584454
6895927,0.0009727878608841665,0.0015391845210878,0.128412166080112,0.0007406542907612778,0.0014769646338149778,0.45801421901160455,0.08017858630947848,0.2611875974964118,0.06747783979584454
6895938,0.0009727878608841665,0.0015391845210878,0.128412166080112,0.0007406542907612778,0.0014769646338149778,0.45801421901160455,0.08017858630947848,0.2611875974964118,0.06747783979584454
6895939,0.0009727878608841665,0.0015391845210878,0.128412166080112,0.0007406542907612778,0.0014769646338149778,0.45801421901160455,0.08017858630947848,0.2611875974964118,0.06747783979584454
6895948,0.0009727878608841665,0.0015391845210878,0.128412166080112,0.0007406542907612778,0.0014769646338149778,0.45801421901160455,0.08017858630947848,0.2611875974964118,0.06747783979584454
6895973,0.0009727878608841665,0.0015391845210878,0.128412166080112,0.0007406542907612778,0.0014769646338149778,0.45801421901160455,0.08017858630947848,0.2611875974964118,0.06747783979584454
6895974,0.0009727878608841665,0.0015391845210878,0.128412166080112,0.0007406542907612778,0.0014769646338149778,0.45801421901160455,0.08017858630947848,0.2611875974964118,0.06747783979584454
6896754,0.0014472804274528,0.0015564086722831,0.1177569550101977,0.0007177521660817,0.0007184846161618,0.1427867978662639,0.0706650205531941,0.2826071869840633,0.3817441137043014
6897915,0.0022648816370439,0.0406949758232676,0.167799625059612,0.0215379635845997,0.0262964839677576,0.2594622845413963,0.0165034625834975,0.3166280115388815,0.1488123112639437
6897964,0.0189624880326334,0.0179615447563717,0.1504470141885318,0.0127235718177657,0.122313628412184,0.1162539592960407,0.0097793855248174,0.3069462051388412,0.244612202832814
6899282,0.00319658530219103,0.00137691863598159,0.11714812752164654,0.00214144591985305,0.0007176594789419099,0.08746318379204063,0.09060521965258071,0.2909636207521876,0.40638723894457673
6899294,0.00319658530219103,0.00137691863598159,0.11714812752164654,0.00214144591985305,0.0007176594789419099,0.08746318379204063,0.09060521965258071,0.2909636207521876,0.40638723894457673
6899376,0.00319658530219103,0.00137691863598159,0.11714812752164654,0.00214144591985305,0.0007176594789419099,0.08746318379204063,0.09060521965258071,0.2909636207521876,0.40638723894457673
6899506,0.00319658530219103,0.00137691863598159,0.11714812752164654,0.00214144591985305,0.0007176594789419099,0.08746318379204063,0.09060521965258071,0.2909636207521876,0.40638723894457673
6899530,0.00319658530219103,0.00137691863598159,0.11714812752164654,0.00214144591985305,0.0007176594789419099,0.08746318379204063,0.09060521965258071,0.2909636207521876,0.40638723894457673
6899560,0.00319658530219103,0.00137691863598159,0.11714812752164654,0.00214144591985305,0.0007176594789419099,0.08746318379204063,0.09060521965258071,0.2909636207521876,0.40638723894457673
6899670,0.00319658530219103,0.00137691863598159,0.11714812752164654,0.00214144591985305,0.0007176594789419099,0.08746318379204063,0.09060521965258071,0.2909636207521876,0.40638723894457673
6899695,0.00319658530219103,0.00137691863598159,0.11714812752164654,0.00214144591985305,0.0007176594789419099,0.08746318379204063,0.09060521965258071,0.2909636207521876,0.40638723894457673
6899730,0.00319658530219103,0.00137691863598159,0.11714812752164654,0.00214144591985305,0.0007176594789419099,0.08746318379204063,0.09060521965258071,0.2909636207521876,0.40638723894457673
6899754,0.00319658530219103,0.00137691863598159,0.11714812752164654,0.00214144591985305,0.0007176594789419099,0.08746318379204063,0.09060521965258071,0.2909636207521876,0.40638723894457673
6901206,0.0011894392012139,0.0107652295474416,0.1356004711515355,0.0031861259766545,0.003844685437924,0.2082273633509783,0.1338536533814007,0.2918959825969687,0.2114370493558824
6902131,0.0004095962838716,0.0028869800482153,0.1079660872421426,0.0011066958832639,0.0021570636870886,0.5094163580987398,0.1134588530078647,0.2563991098777294,0.0061992558710837
6902271,0.0025449541688547,0.0226486665066894,0.1403213161623296,0.0059687679679044,0.0234691921803093,0.2082506910276124,0.0030887719494691,0.3069543342658294,0.2867533057710015
6904326,0.0082963009471503,0.0002120942256639,0.106540259200544,0.0003442498395373,0.0001144461880957,0.0068007481530135,0.0059041458298869,0.2970823838367359,0.5747053717793723
6908023,0.0007894232910783,0.0120332995229216,0.1269106258141684,0.0692732545525646,0.0133749939871553,0.473863310998927,0.0034094013218403,0.2898170533874606,0.0105286371238836
6908625,0.0008286474242842,0.0022687736904813,0.1157724291259437,0.0010848535154581,0.0010060735096439,0.1539339154418577,0.3279040164543365,0.2789567342271411,0.1182445566108534
6909657,0.0016751018189129906,0.0005732481321538601,0.1129473026040623,0.00057190033232388,0.00028429118495828,0.13066061152889635,0.06160775462697328,0.28874119484577065,0.4029385949259482
6909786,0.0016751018189129906,0.0005732481321538601,0.1129473026040623,0.00057190033232388,0.00028429118495828,0.13066061152889635,0.06160775462697328,0.28874119484577065,0.4029385949259482
6909952,0.0016751018189129906,0.0005732481321538601,0.1129473026040623,0.00057190033232388,0.00028429118495828,0.13066061152889635,0.06160775462697328,0.28874119484577065,0.4029385949259482
6910003,0.0016751018189129906,0.0005732481321538601,0.1129473026040623,0.00057190033232388,0.00028429118495828,0.13066061152889635,0.06160775462697328,0.28874119484577065,0.4029385949259482
6910407,0.0016751018189129906,0.0005732481321538601,0.1129473026040623,0.00057190033232388,0.00028429118495828,0.13066061152889635,0.06160775462697328,0.28874119484577065,0.4029385949259482
6910422,0.004017002050990675,0.0005328414275958,0.11588483177639405,0.006165002320342925,0.0004569838644970086,0.020205678889519928,0.09630830609173971,0.29659936953568056,0.4598299840432392
6910425,0.004017002050990675,0.0005328414275958,0.11588483177639405,0.006165002320342925,0.0004569838644970086,0.020205678889519928,0.09630830609173971,0.29659936953568056,0.4598299840432392
6910560,0.004017002050990675,0.0005328414275958,0.11588483177639405,0.006165002320342925,0.0004569838644970086,0.020205678889519928,0.09630830609173971,0.29659936953568056,0.4598299840432392
6910590,0.004017002050990675,0.0005328414275958,0.11588483177639405,0.006165002320342925,0.0004569838644970086,0.020205678889519928,0.09630830609173971,0.29659936953568056,0.4598299840432392
6912744,0.000142023441818,0.002079753039893,0.1005547497978692,0.0003625899489794,0.0012447001369969,0.6087353654028675,0.0025901386967535,0.2810145001522355,0.0032761793825866
6919118,0.0022543574758868,0.0055779808210058,0.1284441498805601,0.0041099058391327,0.0034010627530911,0.3692465581192612,0.1319526038631915,0.2546475259185193,0.1003658553293511
6920152,0.0018439182495086,0.0077098114993155,0.1402663998189361,0.0041979131532761,0.003053609582893,0.308952034525569,0.1544154903391323,0.266195977706797,0.1133648451245721
6925791,0.0006753464719987,0.0054701968169391,0.1247308797635547,0.0011583811558363,0.0010508060108366,0.5275379868765758,0.045076714075431,0.2616010565533344,0.032698632275493
6926246,0.003141523729599,0.0008813329070277,0.1160527871417474,0.0003079602489724,0.0003254646321183,0.5523614256440698,0.05084640817454,0.2535449678548692,0.0225381296670557
6928841,0.007952283404456,0.0107033491363997,0.2096605196221082,0.1861690089302272,0.0123219580516045,0.127843497334677,0.0048972671264539,0.3867974635524349,0.0536546528416385
6928933,0.0007398838101475,0.0128113335951744,0.1161841362144213,0.000887913435032,0.0018504212083887,0.5790208163860124,0.0175775451039485,0.2640922938064152,0.0068356564404595
6937241,0.0039805566921309,0.0009821202570945,0.1262075658287692,0.0014362572433772,0.0002459655991368,0.0156003055165932,0.0046080741454645,0.3071854093402759,0.5397537453771578
6938426,8.379881513755049e-05,0.0005067447134158666,0.099961354285739,0.0001534234542395667,0.00016385192738321296,0.605084525665436,0.013788769855144099,0.27876675830626824,0.0014907729772362002
6938530,8.379881513755049e-05,0.0005067447134158666,0.099961354285739,0.0001534234542395667,0.00016385192738321296,0.605084525665436,0.013788769855144099,0.27876675830626824,0.0014907729772362002
6938682,0.00036964724787580004,0.00046962560173190003,0.11008316343827271,0.0003316819937295,0.0002152525722066,0.034089725095335255,0.548596244092459,0.28399894651493446,0.0218457134434545
6939166,8.379881513755049e-05,0.0005067447134158666,0.099961354285739,0.0001534234542395667,0.00016385192738321296,0.605084525665436,0.013788769855144099,0.27876675830626824,0.0014907729772362002
6939222,0.00036964724787580004,0.00046962560173190003,0.11008316343827271,0.0003316819937295,0.0002152525722066,0.034089725095335255,0.548596244092459,0.28399894651493446,0.0218457134434545
6944591,0.0135812753850107,0.0055846940930308,0.1225814182974343,0.0012432131268673,0.0011033529044429,0.2369957884500722,0.2656975280800037,0.2847730376928921,0.0684396919702459
6947293,0.0002461040911357,0.0037008872116619,0.1141079534918876,0.0004719701349519,0.0007963057081693,0.5811129546820148,0.0063291440879573,0.2722029756642483,0.0210317049279729
6952804,0.0020155607210966,0.007541567827885,0.1819928673428649,0.0023707745461884,0.0049694942478647,0.3489919980800895,0.0216527738338492,0.2834625021873305,0.1470024612128308
6975207,8.390625640044334e-05,0.000831603957146175,0.11254811553940636,0.00014146637862889354,0.0001765431031542784,0.6023345504792758,0.001809978217515825,0.2776277745451141,0.004446061523357875
6975472,8.390625640044334e-05,0.000831603957146175,0.11254811553940636,0.00014146637862889354,0.0001765431031542784,0.6023345504792758,0.001809978217515825,0.2776277745451141,0.004446061523357875
6975490,8.390625640044334e-05,0.000831603957146175,0.11254811553940636,0.00014146637862889354,0.0001765431031542784,0.6023345504792758,0.001809978217515825,0.2776277745451141,0.004446061523357875
6976427,8.390625640044334e-05,0.000831603957146175,0.11254811553940636,0.00014146637862889354,0.0001765431031542784,0.6023345504792758,0.001809978217515825,0.2776277745451141,0.004446061523357875
10551287,0.0009809763459008,0.0041267472015655,0.1176646664376366,0.0058256177366796,0.004077748989427,0.5617411426826796,0.0211478944205555,0.2631687199356219,0.0212664862499332
10554874,0.3225689232891903,0.0113570741050043,0.1238486558949986,0.0034294956768118,0.0090357051025792,0.1122737951551756,0.0877692387625886,0.2763388325121005,0.0533782795015508
10555071,0.0017341084799704,0.0056061509333856,0.1308299075228676,0.001533283530521,0.0009280192989037,0.3591791772050956,0.0305987416949212,0.2538377228195462,0.2157528885147882
10555459,0.0030114159188232,0.041980013921269,0.1375383513118681,0.0146163409453725,0.0128666738577416,0.3394494175216411,0.0166581004926067,0.3142123406791137,0.119667345351564
10555968,0.0387432990735734,0.0202732799059993,0.1127171492290036,0.2045199040254965,0.0311369020829904,0.1115196338898774,0.0027030885148027,0.3077365513003576,0.170650191977899
10556692,0.002705499168117967,0.007964775692038533,0.11697308949877072,0.014291898054187867,0.0029042601684251003,0.4029359537830161,0.008813865180848333,0.299663846335321,0.14374681211927418
10557065,0.002705499168117967,0.007964775692038533,0.11697308949877072,0.014291898054187867,0.0029042601684251003,0.4029359537830161,0.008813865180848333,0.299663846335321,0.14374681211927418
10557235,0.002705499168117967,0.007964775692038533,0.11697308949877072,0.014291898054187867,0.0029042601684251003,0.4029359537830161,0.008813865180848333,0.299663846335321,0.14374681211927418
10557310,0.0014007581482879,0.0145507680316762,0.1185829801807256,0.0080613443518335,0.0147719560641465,0.1863529433674416,0.0018229703707091,0.2846553675272008,0.3698009119579784
10557603,0.00075657118765415,0.008530041817026799,0.1307759427602193,0.0031266989871485996,0.00263396570137315,0.4916597123144293,0.0123291812651016,0.2645293973514192,0.08565848861562746
10557649,0.00075657118765415,0.008530041817026799,0.1307759427602193,0.0031266989871485996,0.00263396570137315,0.4916597123144293,0.0123291812651016,0.2645293973514192,0.08565848861562746
10559369,0.0008924264469332499,0.014255890119357899,0.11018473046755126,0.0016363528121388,0.0011697488494648,0.5373278722222001,0.012797769229235,0.2619870122865575,0.059748197566560954
10559516,0.0014374630824411,0.0100546223353987,0.103238325307474,0.00361513441113,0.0050889804858435,0.5198924171382907,0.019949884271582,0.2690719398429807,0.0676512331248589
10559765,0.0008924264469332499,0.014255890119357899,0.11018473046755126,0.0016363528121388,0.0011697488494648,0.5373278722222001,0.012797769229235,0.2619870122865575,0.059748197566560954
10559904,0.0022602089923237,0.0098640560975281,0.1111170920076221,0.0030938009986936,0.002035745434917,0.4620184166051038,0.0285292302257553,0.2677389820817164,0.1133424675563397
10561136,0.0019640448520482,0.0087832680783454,0.1252033547678485,0.0017609442855883,0.0015367209099317,0.4724432089174443,0.003968596734972,0.2570739217688982,0.127265939684923
10561583,0.0067981957318932,0.0037921257744833,0.1048504828543708,0.0015785617071626,0.0011904032396875,0.4570145748193194,0.0787033603213473,0.2728957414657891,0.0731765540859462
10561870,0.0004450874935246,0.0041183473072154,0.1040675989115875,0.0008314434748591,0.0009766785825324,0.4974083891342072,0.1055521600936761,0.2665776691056378,0.0200226258967594
10562711,0.0036441154889796,0.0307361447003472,0.1406723186934615,0.0517774926282093,0.0296261804060454,0.2864537585493212,0.0102186849266428,0.2616449980755682,0.1852263065314243
10566953,0.0010036274571457,0.0067453752232125,0.1070506070381502,0.0029436335065059,0.0032000746905939,0.4263586102959929,0.1767629193980827,0.2638508829249054,0.0120842694654103
10567563,0.0136837986082901,0.0363809305376369,0.1175145722189655,0.0041518837522596,0.0191967981383725,0.4101971589708706,0.0231010801115515,0.2660313544560866,0.1097424232059662
10568512,0.0038796678170265,0.001214796100101,0.1158435197717853,0.0018527489459542,0.0010745429568762,0.2232635659221012,0.3168044371709934,0.2787903284359908,0.0572763928791713
10569249,0.0006423452412535,0.0009564832555964,0.10463291415583,0.0009125930428316,0.0006295675056269,0.4691916654489504,0.1031712033060168,0.2682468578172511,0.051616370226643
10569900,0.0009284371121099501,0.0892278454111133,0.12422852415465764,0.0214926452631907,0.1345931963003128,0.2401190029549716,0.0929090359089241,0.2726017212717745,0.02389959162294515
10569996,0.0013171822530711665,0.0023218662523509666,0.11093816626246361,0.0025148289736051667,0.0018024647640550336,0.435084862670871,0.12102765953212447,0.26341333489275676,0.061579634398701434
10570047,0.0004789154390947,0.0027587163527062,0.1087632814382716,0.0016136972681674,0.0010050935775222,0.5251380288432422,0.0766667994551793,0.2707275260332253,0.0128479415925906
10570186,0.0013171822530711665,0.0023218662523509666,0.11093816626246361,0.0025148289736051667,0.0018024647640550336,0.435084862670871,0.12102765953212447,0.26341333489275676,0.061579634398701434
10570190,0.0009284371121099501,0.0892278454111133,0.12422852415465764,0.0214926452631907,0.1345931963003128,0.2401190029549716,0.0929090359089241,0.2726017212717745,0.02389959162294515
10570281,0.0013171822530711665,0.0023218662523509666,0.11093816626246361,0.0025148289736051667,0.0018024647640550336,0.435084862670871,0.12102765953212447,0.26341333489275676,0.061579634398701434
10570444,0.04008601647616272,0.003392474842461325,0.11148509102543391,0.005135723811396676,0.0024821672724141,0.348637092297907,0.11463076913607043,0.27164699720014385,0.1025036679380096
10570516,0.04008601647616272,0.003392474842461325,0.11148509102543391,0.005135723811396676,0.0024821672724141,0.348637092297907,0.11463076913607043,0.27164699720014385,0.1025036679380096
10570563,0.04008601647616272,0.003392474842461325,0.11148509102543391,0.005135723811396676,0.0024821672724141,0.348637092297907,0.11463076913607043,0.27164699720014385,0.1025036679380096
10570908,0.04008601647616272,0.003392474842461325,0.11148509102543391,0.005135723811396676,0.0024821672724141,0.348637092297907,0.11463076913607043,0.27164699720014385,0.1025036679380096
10570962,0.01606791289373904,0.0039093746077209,0.115133455410664,0.0069242898764471416,0.0016540160351459859,0.3458905333279886,0.08105498723501206,0.2824596385617692,0.14690579205151286
10571126,0.01606791289373904,0.0039093746077209,0.115133455410664,0.0069242898764471416,0.0016540160351459859,0.3458905333279886,0.08105498723501206,0.2824596385617692,0.14690579205151286
10571129,0.01606791289373904,0.0039093746077209,0.115133455410664,0.0069242898764471416,0.0016540160351459859,0.3458905333279886,0.08105498723501206,0.2824596385617692,0.14690579205151286
10571130,0.01606791289373904,0.0039093746077209,0.115133455410664,0.0069242898764471416,0.0016540160351459859,0.3458905333279886,0.08105498723501206,0.2824596385617692,0.14690579205151286
10571150,0.01606791289373904,0.0039093746077209,0.115133455410664,0.0069242898764471416,0.0016540160351459859,0.3458905333279886,0.08105498723501206,0.2824596385617692,0.14690579205151286
10571157,0.01606791289373904,0.0039093746077209,0.115133455410664,0.0069242898764471416,0.0016540160351459859,0.3458905333279886,0.08105498723501206,0.2824596385617692,0.14690579205151286
10571249,0.01606791289373904,0.0039093746077209,0.115133455410664,0.0069242898764471416,0.0016540160351459859,0.3458905333279886,0.08105498723501206,0.2824596385617692,0.14690579205151286
10571563,0.00136088606855275,0.0341106603943759,0.11392914329994841,0.0024644127378389,0.0039793678770565,0.4805881622247492,0.013152530999294799,0.2558124076832575,0.09460242871492569
10571600,0.00136088606855275,0.0341106603943759,0.11392914329994841,0.0024644127378389,0.0039793678770565,0.4805881622247492,0.013152530999294799,0.2558124076832575,0.09460242871492569
10573894,0.0037146315731752,0.0044269680806063,0.1096291118573892,0.0064454220280242,0.0016868975544514,0.5133061794021928,0.0142020312811316,0.2774055801690398,0.0691831780539891
10574347,0.005907933315371944,0.0030535451772434148,0.11019261312849248,0.006504606233893129,0.0016223114261678,0.4423528969752201,0.046580007945546585,0.26963552871585844,0.11415055708220571
10574370,0.005907933315371944,0.0030535451772434148,0.11019261312849248,0.006504606233893129,0.0016223114261678,0.4423528969752201,0.046580007945546585,0.26963552871585844,0.11415055708220571
10574372,0.005907933315371944,0.0030535451772434148,0.11019261312849248,0.006504606233893129,0.0016223114261678,0.4423528969752201,0.046580007945546585,0.26963552871585844,0.11415055708220571
10574408,0.005907933315371944,0.0030535451772434148,0.11019261312849248,0.006504606233893129,0.0016223114261678,0.4423528969752201,0.046580007945546585,0.26963552871585844,0.11415055708220571
10574430,0.005907933315371944,0.0030535451772434148,0.11019261312849248,0.006504606233893129,0.0016223114261678,0.4423528969752201,0.046580007945546585,0.26963552871585844,0.11415055708220571
10574439,0.005907933315371944,0.0030535451772434148,0.11019261312849248,0.006504606233893129,0.0016223114261678,0.4423528969752201,0.046580007945546585,0.26963552871585844,0.11415055708220571
10574456,0.005907933315371944,0.0030535451772434148,0.11019261312849248,0.006504606233893129,0.0016223114261678,0.4423528969752201,0.046580007945546585,0.26963552871585844,0.11415055708220571
10576038,0.0810152203624693,0.0054354028791441,0.1067624420915959,0.0043365392526777,0.00627060513062,0.4434953404440538,0.0127154464189788,0.2807262339929883,0.0592427694274719
10576770,0.0044939852280889,0.0037262239307665,0.1198423814295116,0.014744207781595,0.0012465560120237,0.4595588251649841,0.0189520190823478,0.2709076153416568,0.1065281860290251
10577118,0.0013668822993588,0.0026843487486921,0.0975961459588035,0.0014251413164509,0.0011009610407016,0.5830114954537392,0.0202322074772104,0.2668649277239914,0.0257178899810517
10577354,0.0022515423955941,0.0010706485614103,0.106250557399398,0.0006358991103337,0.0005491675689277,0.4469685219880355,0.1093205132459884,0.2641801825243393,0.0687729672059726
10577622,0.0005883532197934,0.0023169686697024,0.0997251441783176,0.0017713228907328,0.0008919389969658,0.4935549617282355,0.0875349437222851,0.2645533223794608,0.0490630442145065
10577723,0.0021316007601839,0.0018568238847294,0.1049275327727277,0.0017264451549943,0.0008999007080465,0.5158660729981469,0.075932917233214,0.262897088608301,0.0337616178796559
10578130,0.04669027998191825,0.0073098076480886,0.11970110692472755,0.01045802107507695,0.005991189140776699,0.3670498962453461,0.08421135487931064,0.26059653994928456,0.09799180415547021
10578295,0.04669027998191825,0.0073098076480886,0.11970110692472755,0.01045802107507695,0.005991189140776699,0.3670498962453461,0.08421135487931064,0.26059653994928456,0.09799180415547021
10579132,0.000478744928057,0.0019329935416573,0.1084004370109797,0.0009688637479707,0.0005072405752701,0.3762177795303597,0.2455576564124269,0.2549095992854043,0.0110266849678743
10579372,0.0008276483062398667,0.0040756305372129,0.13609856284436064,0.005802654897992267,0.013610280173803868,0.49681430648406755,0.06168846201798637,0.26051108467559,0.020571370062746067
10579452,0.0008276483062398667,0.0040756305372129,0.13609856284436064,0.005802654897992267,0.013610280173803868,0.49681430648406755,0.06168846201798637,0.26051108467559,0.020571370062746067
10579754,0.0008276483062398667,0.0040756305372129,0.13609856284436064,0.005802654897992267,0.013610280173803868,0.49681430648406755,0.06168846201798637,0.26051108467559,0.020571370062746067
10580098,0.0022682210350185,0.0042572837359199,0.1085753424714804,0.0016780926362847,0.0015889011956365,0.3663238497308183,0.23500498107383,0.2695209669402539,0.0107823611807573
10580150,0.0006542601486539,0.0021153459313598,0.1374959099414527,0.0035005051601627,0.0020277606573129,0.4841118802459424,0.0780214448931137,0.2587686845721583,0.0333042084498432
10580642,0.008852241427181901,0.0019950841113352998,0.1135895027199148,0.0038461008730594002,0.000874013253008575,0.37250098196012105,0.11835333680461554,0.2713709881935807,0.10861775065718232
10580740,0.008852241427181901,0.0019950841113352998,0.1135895027199148,0.0038461008730594002,0.000874013253008575,0.37250098196012105,0.11835333680461554,0.2713709881935807,0.10861775065718232
10580745,0.008852241427181901,0.0019950841113352998,0.1135895027199148,0.0038461008730594002,0.000874013253008575,0.37250098196012105,0.11835333680461554,0.2713709881935807,0.10861775065718232
10580771,0.008852241427181901,0.0019950841113352998,0.1135895027199148,0.0038461008730594002,0.000874013253008575,0.37250098196012105,0.11835333680461554,0.2713709881935807,0.10861775065718232
10580995,0.0026423233377922,0.0075366221656459,0.1136651122570957,0.0039842562782951,0.0012566563086036,0.3816647461304118,0.0846667264356854,0.2652874300579735,0.1392961270284965
10581310,0.0009509471726408,0.0043074025006141,0.1101522052023805,0.0017655740953578,0.0008684021182559,0.3661769340264272,0.2071656316468359,0.2619970044313421,0.0466158988061453
10581368,0.0134168963609229,0.0154340660037663,0.1358016878268843,0.0838958926037512,0.0087067853408896,0.3296213727960747,0.0045271366536233,0.2819706512815396,0.1266255111325478
10582173,0.0053308266346699,0.0051712320016163,0.1123939796611682,0.0047246138108552,0.0015242344146244,0.525269464583016,0.0089589235781764,0.2585047854151652,0.0781219399007083
10582418,0.2635305818393082,0.0049644039177258,0.1131420817513048,0.0042440484590478,0.0138575618115799,0.2523141386373037,0.0111680704763934,0.2798103062513757,0.0569688068559606
10583009,0.0005682959105295,0.0019641728372524,0.1114786995494635,0.0009264175573853,0.0014087112778865,0.3572249768663142,0.2565419301513456,0.2638178936936973,0.0060689021561252
10583434,0.00135141058842955,0.0137613817904252,0.1133484324660411,0.0364758287536057,0.00110723438733325,0.2732329160164348,0.23382632198813455,0.26935821230508905,0.05753826170450635
10583521,0.00135141058842955,0.0137613817904252,0.1133484324660411,0.0364758287536057,0.00110723438733325,0.2732329160164348,0.23382632198813455,0.26935821230508905,0.05753826170450635
10584210,0.0026313460956049004,0.0014390581216139,0.1155295272902608,0.0011365247930413,0.0005314402693897249,0.2965616507073231,0.19307747350902552,0.26733486246345467,0.12175811675028578
10584222,0.0026313460956049004,0.0014390581216139,0.1155295272902608,0.0011365247930413,0.0005314402693897249,0.2965616507073231,0.19307747350902552,0.26733486246345467,0.12175811675028578
10584314,0.0026313460956049004,0.0014390581216139,0.1155295272902608,0.0011365247930413,0.0005314402693897249,0.2965616507073231,0.19307747350902552,0.26733486246345467,0.12175811675028578
10584430,0.0026313460956049004,0.0014390581216139,0.1155295272902608,0.0011365247930413,0.0005314402693897249,0.2965616507073231,0.19307747350902552,0.26733486246345467,0.12175811675028578
10584519,0.0020427978480952,0.0121595839179138,0.1033357907646862,0.0048750599422748,0.001882921391469,0.3840394240834749,0.1657314383776665,0.2766760195342997,0.0492569641401196
10584820,0.0009966614734333,0.0452226308237028,0.107218527512861,0.0015173839906159,0.0097727858320818,0.5266019889511192,0.0115289099762779,0.2618328778042792,0.0353082336356286
10585136,0.0009363302531589,0.0179735603860525,0.1068632546167166,0.0195904816303007,0.0013973175368449,0.567751310064101,0.006143128044258,0.2661399488138035,0.0132046686547635
10586849,0.0012035785413608,0.0053699707483238,0.1150989635021924,0.0074070223701042,0.0032011756438302,0.5006776428193532,0.0826660103127523,0.2637356293762266,0.0206400066858562
10587734,0.0147121312204218,0.0052956544589271,0.1015191436254159,0.0031705640844807,0.0031591671443982,0.4108495441535095,0.1555808096060294,0.2754624396463591,0.030250546060458
10587840,0.0018367770825435,0.002612239207553,0.1306569343386498,0.0032657776360852,0.0008337216679918,0.4985802972574601,0.0824761159913457,0.2580660544998434,0.0216720823185272
10588529,0.0031537532557885,0.0001423695255954,0.106735987872084,0.0002055670505914,9.697232844666676e-05,0.010617466142687,0.5776981492743829,0.2804417683302085,0.0209079662202155
10588664,0.00519563011198415,0.0004073811984909,0.11623448249531265,0.00037333849852244996,0.0002758549790275,0.03028734544369035,0.39632631737940555,0.2846426672296092,0.1662569826639571
10588792,0.00519563011198415,0.0004073811984909,0.11623448249531265,0.00037333849852244996,0.0002758549790275,0.03028734544369035,0.39632631737940555,0.2846426672296092,0.1662569826639571
10589349,0.058101380706693365,0.0021812239546708397,0.11316464360015877,0.00292819598908182,0.0017662255464217398,0.1703499394533945,0.05333911790509625,0.29279275698097573,0.3053765158635068
10589410,0.058101380706693365,0.0021812239546708397,0.11316464360015877,0.00292819598908182,0.0017662255464217398,0.1703499394533945,0.05333911790509625,0.29279275698097573,0.3053765158635068
10589411,0.058101380706693365,0.0021812239546708397,0.11316464360015877,0.00292819598908182,0.0017662255464217398,0.1703499394533945,0.05333911790509625,0.29279275698097573,0.3053765158635068
10589472,0.058101380706693365,0.0021812239546708397,0.11316464360015877,0.00292819598908182,0.0017662255464217398,0.1703499394533945,0.05333911790509625,0.29279275698097573,0.3053765158635068
10589485,0.058101380706693365,0.0021812239546708397,0.11316464360015877,0.00292819598908182,0.0017662255464217398,0.1703499394533945,0.05333911790509625,0.29279275698097573,0.3053765158635068
10589763,0.0008880591543422,0.0298981761555714,0.1119277648335076,0.0237478040687941,0.003001591603398,0.5394229735732954,0.0155118583072952,0.2635404513133089,0.0120613209904868
10590733,0.0030089356832226,0.0105263286300291,0.1286513556223078,0.1004021189617908,0.0033747396700609,0.4378033316582219,0.0034974853415077,0.3048262882110458,0.0079094162218129
10592587,0.2203669359692021,0.0040290541688189,0.1131154644263844,0.0042854908969363,0.0085561329303723,0.2951894134826767,0.0069662597513196,0.2736507224980309,0.0738405258762584
10592944,0.0014115656628518,0.0158087447093455,0.1503773311062541,0.0252934641075131,0.0236052611652341,0.4834660678541919,0.018352047093856,0.2575781842531185,0.0241073340476348
10595034,0.0031272783290982,0.0180112934408247,0.1129921858702541,0.0040933827278647,0.0181278811125657,0.5087585967363544,0.0075080857238684,0.2683901911729422,0.0589911048862272
10596119,0.0002805470868258,0.0021540905920824,0.1061430908203088,0.0002774086925186,0.0004696678402874,0.5855890526474509,0.0180994910275951,0.2636158859648834,0.0233707653280472
10599481,0.0003891063470806,0.0007530876326841,0.0991614099365323,0.0005324798305076,0.0005582088637522,0.4227032156035274,0.205400640075542,0.2632956990095584,0.0072061527008148
10599552,0.04337584430143846,0.0020325844911409,0.12131420064968572,0.0031841071299945995,0.0013087111617997402,0.3738081562291385,0.07145567112270972,0.27019147545075295,0.11332924946333908
10599609,0.04337584430143846,0.0020325844911409,0.12131420064968572,0.0031841071299945995,0.0013087111617997402,0.3738081562291385,0.07145567112270972,0.27019147545075295,0.11332924946333908
10599643,0.0004878137708449,0.0005787518088648,0.1205922716866573,0.0006490405859776,0.0003553604913783,0.2863912864628903,0.2966482279648875,0.2770399943096638,0.0172572529188353
10599718,0.04337584430143846,0.0020325844911409,0.12131420064968572,0.0031841071299945995,0.0013087111617997402,0.3738081562291385,0.07145567112270972,0.27019147545075295,0.11332924946333908
10599755,0.04337584430143846,0.0020325844911409,0.12131420064968572,0.0031841071299945995,0.0013087111617997402,0.3738081562291385,0.07145567112270972,0.27019147545075295,0.11332924946333908
10599776,0.04337584430143846,0.0020325844911409,0.12131420064968572,0.0031841071299945995,0.0013087111617997402,0.3738081562291385,0.07145567112270972,0.27019147545075295,0.11332924946333908
10599823,0.0019569045602503,0.0032825946850607,0.1106028929236931,0.0043989220895793,0.0017868848228886,0.454249140265924,0.1130085948691303,0.2640365042759366,0.0466775615075366
10599926,0.0041516895729218,0.0009184674029144,0.1168700931858817,0.0010698884090662,0.0006488656728387,0.521088397425692,0.0281133418450013,0.2630972508607348,0.0640420056249487
10600363,0.0019272393416287,0.0013572769533777,0.1124557132906125,0.0042457075691133,0.0009250587705236,0.5728025811407514,0.0128017037491839,0.276006783002089,0.0174779361827196
10600655,0.08682809633905497,0.00417455451224322,0.12130916546719957,0.00544095474464814,0.0021094666851699797,0.2400440604195105,0.11808309704046047,0.2802692935986161,0.14174131119309671
