track_id,Clutter,Cormorants,Pigeons,Ducks,Geese,Gulls,Birds of Prey,Waders,Songbirds
6868504,0.005497074649571354,0.008481460387831305,0.8517761104486775,0.03298447269408613,0.07180125860478755,0.006632204360652975,0.0007732968973368059,0.005867037496848256,0.016187084460208116
6868536,0.010509630075391376,0.005262444721366359,0.8725542383554401,0.027793323839295045,0.03814833143414385,0.011793970499608002,0.0005326117912621537,0.0046768955841216585,0.02872855369937147
6868565,0.012277523332289538,0.024362018099543498,0.7415767682072925,0.06865932870045925,0.10070605921388487,0.01819726375928141,0.0012904286688103543,0.010246863389001232,0.022683746629437403
6868861,0.000922465319704223,0.17619572817521278,0.007731520720866537,0.06860763497250429,0.717801560403774,0.007190435875274162,0.000996104164766875,0.014626975008579316,0.005927575359317687
6869275,0.00021461975593105062,0.06869029334812814,0.0017332335685807999,0.008045111100162332,0.903791788475782,0.005625655938001024,0.0003540875051438561,0.008034845468062659,0.003510364840208025
6871418,0.0015648974854487942,0.012969597721249488,0.7893566436242521,0.13895842068505473,0.018693332288457234,0.009032687095534024,0.0010667400617857383,0.017599584804326752,0.010758096233891169
6872996,0.5317194391755461,0.0035084918148508178,0.005478505961932139,0.0035723454189597005,0.011391621479156006,0.24938201448493513,0.06621164802533165,0.015046100603450933,0.11368983303583743
6873817,0.06591488103393388,0.023231314388028047,0.08245993073970609,0.026774081528589448,0.21885371585378435,0.35862884837138587,0.01103069862311282,0.11150709607820185,0.10159943338325762
6874023,0.00032095661077220165,0.046958760529172715,0.013602595583676672,0.010330313606287759,0.01388000217176159,0.7948798045631879,0.020215244259369602,0.07133621906231359,0.028476103613458002
6875504,0.00047374086176117013,0.02118212024713444,0.030269482121546027,0.01527487487415692,0.0051776069682557095,0.4570617788153175,0.050325322684785054,0.050951373920470396,0.3692836995065727
6875899,0.002656419876711118,0.020873143753815576,0.009686676548576315,0.004654618065975909,0.003971250679850076,0.4030946237148601,0.19062602157324254,0.036317248694092794,0.3281199970928754
6877293,0.004715104768357006,0.007956025962114024,0.018380382535205617,0.010466889081111133,0.0023814891406078167,0.02662202162247053,0.023307851453641334,0.030966114565410565,0.875204120871082
6880408,0.006859100019637473,0.022635012972781504,0.01923181929121154,0.04312428776048762,0.008230231307408558,0.46339328956569636,0.11575009075570392,0.09516370052803622,0.22561246779903676
6880690,0.0007320041812677816,0.015532505423071379,0.03831522847482597,0.027299177305799494,0.0038883250260608694,0.40287958439783994,0.020551866512534885,0.02982934921902124,0.46097195945957836
6880833,0.002437353108096673,0.0008933607511981913,0.009485359841626096,0.0020051938551220666,0.00037795333641482654,0.013138201946646564,0.5400955617838632,0.005200436113089645,0.42636657926394256
6880956,0.00017174521100833255,0.02713638417161447,0.0026641361884565773,0.0044767465000077385,0.0028772212292452956,0.9186014965705334,0.017647099352605097,0.007931202449811315,0.018493968326717652
6881733,0.0009402523576293956,0.00043845415689904184,0.000914283883755164,0.0005447475478586375,0.00035434689179960585,0.009265000158680843,0.9681288114332763,0.0014879587515234474,0.01792614481857753
6885154,0.06078439945741741,0.011634535047581206,0.008961007182180784,0.006787247287694203,0.009728076494623978,0.4071267729281006,0.040356626833180906,0.13446228255649917,0.3201590522127217
6887294,0.006827470787856104,0.003884425577555632,0.0595998710100784,0.004104793947388749,0.0026177556400792217,0.23999094460027504,0.018158525123012036,0.010612952189885784,0.6542032611238691
6887586,0.04018910961630477,0.0026199495500941637,0.03283675389624305,0.013614238162669753,0.0012765400070198834,0.04711286601545914,0.017241310590156492,0.01599333905895247,0.8291158931031002
6887600,0.006385870277259243,0.0013072672175692957,0.03172873656787854,0.007553937403118397,0.0006309704313876066,0.023614906370171728,0.007709005259006581,0.009170522317695131,0.9118987841559134
6887637,0.011546965364474,0.022600073188310952,0.029207942584840503,0.026129817544235913,0.017877386755040733,0.0478324158760537,0.02270705568814991,0.047425861703848576,0.7746724812950456
6887702,0.01915472495212012,0.0011379613481761427,0.012670294855526322,0.0020707110765648793,0.0006385806132746088,0.0220056021166211,0.13104903017841016,0.009577642118335372,0.8016954527409711
6888243,0.003379681170986939,0.03632506850620108,0.038860112277398134,0.020192650309361647,0.01105455402669488,0.06282450195645783,0.026166614608796962,0.0264352946435531,0.7747615225005493
6888737,0.002181190853939437,0.01726775574452635,0.05943496789355012,0.05957010077562847,0.010423329144870676,0.07408803927309544,0.015042788065548625,0.015065660039294363,0.7469261682095465
6889024,0.014124144117954344,0.0006590420499555467,0.007333620494112395,0.0014495723753496466,0.00042999262653202594,0.012109972616247642,0.2493888890199246,0.010229381218146634,0.7042753854817771
6890285,0.006551140657074167,0.09187859207016408,0.009722892471583033,0.003662077341955183,0.0023797748593457372,0.22241412032506497,0.3656147340206678,0.01952448351242662,0.27825218474171837
6890416,0.0028924649495535725,0.016836162152485935,0.11087314694682138,0.004346711006002193,0.0015862571020052955,0.1286683807669446,0.08756563674049435,0.07415266814364674,0.5730785721920459
6890579,0.0016904985163286796,0.0010763304598264609,0.012475271020646207,0.0007732236343281195,0.00018100841689385125,0.007843251333248771,0.04241249521606739,0.00512910034126436,0.928418821061396
6890917,0.008718013453576768,0.0024259894629758754,0.027065953772280965,0.002488054580970596,0.0009589323078331761,0.030111959323648126,0.2672088893743123,0.010902369917405981,0.6501198378069961
6891091,0.0049754869546520504,0.004182616336053885,0.20055937725313158,0.06166591364487078,0.0021470077435755313,0.02163118583974036,0.0046819853602928,0.01011593298355071,0.6900404938841322
6891208,0.0013395423827371321,0.0006321419853158507,0.01059998983633123,0.0006306595442512308,0.00020789997379962362,0.015186076947727842,0.04228728823725249,0.0026221818952619495,0.9264942191973227
6891245,0.0033522065571221296,0.003280450125878721,0.015449857474502242,0.0018558705568598917,0.0013347587374689257,0.05119403005667289,0.28707996122306095,0.004468063313384439,0.6319848019550498
6891309,0.00026170599664402977,0.001326701442478236,0.006698661413801714,0.0006886164566276994,0.0002531814873260268,0.014038854916542503,0.02445514102798963,0.002405722684261337,0.9498714145743289
6891366,0.003811093627027634,0.00038088210899996083,0.0020700709104544304,0.0005502778862062938,0.00021361921621219627,0.004039558199091026,0.07515785682736831,0.0019729630012964862,0.9118036782233436
6891473,0.009229682242961987,0.0028218056870388604,0.051490280572502566,0.0052164471942969595,0.0014661653789659742,0.06268519893043614,0.02383444083579642,0.007784522438657513,0.8354714567193435
6891484,0.0006064886334583013,0.0004186015637572769,0.004757015846097291,0.0006256061273637058,0.000135824209974545,0.004701597973355903,0.023218201863135456,0.0034160014931597245,0.9621206622896976
6891531,0.0018749867653164768,0.0031206996795780117,0.005509373258337821,0.0019531813069298847,0.0006901040600380249,0.056127880106505046,0.3326014411580695,0.005745346262460912,0.5923769874027642
6891557,0.0011848186751025045,0.0033329680335056045,0.10220801187101056,0.0017411112770726116,0.00031790370780954,0.008826394018422643,0.01324399571946543,0.01162450725687943,0.8575202894407317
6891579,0.0007552599284382094,0.0014535046321180667,0.007360179293393859,0.0013708552226331173,0.0004558188892128626,0.012630166755682832,0.04566149887462303,0.0025327730226183116,0.9277799433812797
6891867,0.00996878904268484,0.000839099677026876,0.005797729035532067,0.0015589402912386478,0.000530272162889529,0.017633962570750315,0.810604456546246,0.008835445309521815,0.14423130536410989
6891888,0.001850166743235511,0.000668943438469755,0.005855921002139333,0.0012034521615819469,0.0002699383700403524,0.005141244528922685,0.032317832267713884,0.009225422301344105,0.9434670791865525
6892297,0.010795537430556536,0.0005027201007485433,0.0027194893436526023,0.0007831164640092741,0.0002930183892840154,0.010112924183430358,0.364737956401263,0.004068043255316708,0.605987194431739
6892562,0.005403892625326094,0.0016753489313646244,0.010321356697097663,0.0016871661437188419,0.0004270112690899153,0.013722281766870197,0.5367275283761118,0.006645525652749867,0.4233898885376709
6892587,0.007995536817453835,0.0011960218158478227,0.006342031890612343,0.0021374594632391263,0.00035717139690153197,0.026500581380803263,0.3119486541179176,0.010872448865458345,0.6326500942517661
6894293,0.0015698883663859049,0.34339079918890925,0.06709996233939856,0.08691191060759686,0.12835131166273225,0.2025452549067409,0.005385041298375747,0.0930651336688878,0.07168069796097269
6895609,0.0007889664641473086,0.00609741316162557,0.04969660627709039,0.011112175558500971,0.0010459092475415004,0.014272889731009437,0.007147657792048134,0.017353656515836046,0.8924847252522006
6895723,0.008375786141978585,0.0014779588066614314,0.00999058722699911,0.0010739073777310038,0.0009382443400703732,0.7318553523089222,0.16468891553996956,0.0037157796175097736,0.07788346864015791
6895905,0.0020297535986356706,0.002132253227917733,0.01661055704776244,0.0016008520897236108,0.0013954103354116025,0.6000329672832263,0.19312315909633185,0.005993468354786169,0.1770815789662047
6895906,0.013488552585599996,0.0037684906013885212,0.13795410987035844,0.00311289202361466,0.0015601682332722926,0.5265041733434459,0.12198869511281021,0.013539208230697786,0.17808370999881218
6895927,0.043733376832921646,0.011500827158180009,0.07997617798397988,0.008999718973904365,0.004957489568427145,0.5760195466125293,0.1113205241543613,0.020668528555328358,0.142823810160368
6895938,0.0021755453095890025,0.0015714019343068004,0.01959150087766517,0.0014809544853139037,0.0015967619955611452,0.6583343184770359,0.21922595110204116,0.005598078895475379,0.09042548692301144
6895939,0.0024720237145036427,0.001902893580186993,0.014169295293818333,0.001152531562021887,0.001276128910929844,0.7102404264270713,0.10169221720155154,0.0069041875213757525,0.16019029578854063
6895948,0.0012066837321916665,0.002297154149875584,0.013248669190473619,0.001470335011300891,0.0011359949518242615,0.5839963207960991,0.12978155292082413,0.00970057760089188,0.2571627116465188
6895973,0.006069082777869226,0.0028073411313302697,0.10503510157043706,0.002346940892317336,0.0015498219402520367,0.4543252653171469,0.15298134737096497,0.011269936732472775,0.26361516226720944
6895974,0.0018440741296018473,0.0015553033416014325,0.018725255030337833,0.0010061927661719169,0.000833059490019262,0.5495656938821657,0.2222518473201666,0.006166458623795124,0.19805211541614012
6896754,0.0012160884762718925,0.0014910197900031906,0.01664417488784216,0.0012434161629457047,0.0005367125517533729,0.06170795477767934,0.12879621290822219,0.00853969840286887,0.7798247220424132
6897915,0.0012125636318279435,0.08281737868421078,0.07787750236761602,0.15636101240969685,0.01519165964738843,0.2195792600799375,0.03723699178170181,0.06723358176833136,0.3424900496292892
6897964,0.08456160032802328,0.020935004520316488,0.12049679181297446,0.07694189802491835,0.029079270113439776,0.04350337873841769,0.02056909956820745,0.050780154314076356,0.553132802579626
6899282,0.004577624569534448,0.0010437729268039711,0.0029840631864563928,0.0016435607762405027,0.00046939679093263256,0.028368896610435713,0.3873369612983707,0.006202588034566742,0.5673731358066589
6899294,0.008133625174152928,0.0006621542108064147,0.0024430737843195048,0.0013731571644453175,0.00041575209408736217,0.012094875751413667,0.5719100238176306,0.009563098195036897,0.39340423980810724
6899376,0.0004502990764726873,0.002279343976548666,0.011733395910411311,0.0011073607726754073,0.0003398867523362128,0.011673389324690397,0.05523988012542754,0.005860321368396962,0.9113161226930409
6899506,0.004700762374737916,0.0032478528806378164,0.006861759321824914,0.0013915570232352036,0.0012895849743071103,0.34408811719661114,0.27468887659029667,0.042913997055000694,0.32081749258334846
6899530,0.008997866109566658,0.0012570802243611274,0.006263190678616278,0.011038310689212233,0.000553051508430176,0.04731245257594696,0.007801878455647357,0.043079413965875966,0.8736967557923433
6899560,0.004847941724459256,0.001162310444757497,0.004683140909467655,0.00504341194138525,0.0005596346225349937,0.031258142674796215,0.07180325789974559,0.04165775932648759,0.8389844004563658
6899670,0.0024247424310509503,0.0006868615778316153,0.002650142011895204,0.0005328975885450602,0.0007313867655069901,0.03785327321742053,0.012616725606906992,0.004790032345491832,0.9377139384553506
6899695,0.0006547643458026738,0.0005843320130443542,0.002007172897026637,0.0007381793386029977,0.00025973951209400597,0.018484581542829084,0.0035772018538274475,0.0031020802347881283,0.9705919482619847
6899730,0.004669284758913778,0.0017803868269891047,0.005401395718251111,0.00227334028837543,0.0013669866949071326,0.08487246037503117,0.13803047518712414,0.015834643043881574,0.7457710271065263
6899754,0.012197665424536952,0.0015732720358772115,0.03674151854372671,0.027498374354982293,0.002859135767402019,0.041123649254481594,0.004492079943751768,0.02882041370127779,0.8446938909739636
6901206,0.0011804497312827339,0.005942362579607921,0.01468849590552938,0.002865953009881218,0.0014587058394096302,0.12796565909229785,0.16097478714846442,0.023553180715511653,0.6613704059780151
6902131,0.0008873280551272092,0.004145527655766728,0.0059351754942463105,0.004932633423039236,0.0029164530936081796,0.6014508730494009,0.30871554125517064,0.029836683801083733,0.04117978417255704
6902271,0.002271180320959741,0.008154721212810719,0.043913702464623915,0.006253319123348069,0.0053229092745650745,0.04526543224444284,0.007522303886851363,0.011927478270282307,0.869368953202116
6904326,0.00175146692208088,0.00034227874570563115,0.0011906051209500063,0.0007282581391782799,0.0001747038935676902,0.005144669060413896,0.02294126303041443,0.004522569330213643,0.9632041857574756
6908023,0.0006300722231823682,0.042682974850528965,0.02857978886666653,0.21982351591830432,0.04101741898225712,0.5457521487478023,0.018346932848976642,0.08021887564246753,0.022948271919814203
6908625,0.0017676912973687037,0.001663932318529846,0.006755956593019279,0.0016793292358330584,0.0006045031386400039,0.10154875715265191,0.5301654075622889,0.003939664951082423,0.35187475775058574
6909657,0.0007017213195606183,0.0008227888374867228,0.0021707120507318514,0.0004667886685095843,0.0002094241262740836,0.007896661637921437,0.05478506463147869,0.004354024887511336,0.9285928138405255
6909786,0.004227733759012872,0.0012039381599037843,0.004877657859185693,0.0026125476531663936,0.000498023482074199,0.019445961340464658,0.08611726988324782,0.023163827520503357,0.8578530403424409
6909952,0.002391642027919737,0.0008788337597987669,0.004154716014651916,0.0009439240525755295,0.0003478584255646854,0.008208700810495573,0.28068463627786916,0.006316200540961537,0.696073488090163
6910003,0.0024036930925343137,0.0005307018008073933,0.002182304697851611,0.0007958525998796672,0.0001800602617504233,0.004212948935186702,0.05104424119734069,0.0038873748640923913,0.9347628225505566
6910407,0.0003669903542859562,0.017582225146548593,0.004886182079942346,0.0021533790194327197,0.005633395214342773,0.907727045788563,0.013312749836062048,0.026437575718468716,0.021900456842353727
6910422,0.005640174785750239,0.0013058693916231953,0.008352611469513882,0.0019474134545969333,0.0006580599069060514,0.02570488610929892,0.184221974013827,0.024962260261723688,0.74720675060676
6910425,0.004285649711318745,0.0004466040772871227,0.001140807968938459,0.0006452541815982741,0.00018516946415998844,0.005854787869825188,0.09988021269475937,0.0038563485713566967,0.8837051654607562
6910560,0.0030898976713949625,0.0014878227141627719,0.010697405085108627,0.015991150250791772,0.0007983016918054261,0.01932727951682893,0.01267880773788051,0.07648649987719325,0.8594428354548336
6910590,0.005958452924292113,0.0005475801723644318,0.0016982495940485052,0.0010280218201508802,0.00023079983781299938,0.010259709773827506,0.23098636820548385,0.00693231552793698,0.7423585021440827
6912744,0.00019825165392898188,0.01411073095311682,0.0020192916920428058,0.003397159932855303,0.008416276042166269,0.9049670366808744,0.015421619161279324,0.038039539721595364,0.013430094162140587
6919118,0.0013355250783696235,0.0060847831966921485,0.04279973433391488,0.003610976852080824,0.0018285706006633804,0.24640097028551855,0.07922774304110423,0.008592885520150877,0.6101188110915055
6920152,0.001342649468151333,0.008284964097146741,0.09719687343275002,0.0046488207749922385,0.0023308217688766987,0.19961366181231222,0.22154311677809763,0.015516572459192902,0.4495225194084802
6925791,0.0012200041778548702,0.007801874840176654,0.016314826284570073,0.015294410275946548,0.005061150268013027,0.6342612332483516,0.17320894295292266,0.03588761328968516,0.11094994466247929
6926246,0.021271426298210553,0.003781440142478833,0.016514604833842386,0.002195728116197411,0.0027721937603153736,0.5809305461889439,0.29103128994684774,0.0071478565945082865,0.07435491411865555
6928841,0.009563854288366843,0.010296669901840893,0.12467018947540871,0.2752393809297541,0.04012018919491581,0.07977139344535064,0.00875418353831692,0.39404772419669964,0.05753641502934638
6928933,0.0025430036743463533,0.032965751726656216,0.01757926816070142,0.002446590619015761,0.014486869902564542,0.7710192822386643,0.06374322784177178,0.019445671580495816,0.07577033425578375
6937241,0.0030157479561628564,0.0009938167478055282,0.015405676091126646,0.003500376510602567,0.00041730760697035647,0.006148119149080671,0.013484685785573484,0.0199638523864543,0.9370704177662235
6938426,0.0002787038137726904,0.0032952871790477094,0.0028561621306094106,0.001359272592714601,0.0023597824377492088,0.9148793397785386,0.039038802894824226,0.012422163338031941,0.023510485834711405
6938530,0.0004951398226077246,0.005486178172254663,0.003342902445753073,0.0013523258536486155,0.002505930103146919,0.8616401774261553,0.08418685199951231,0.016996549404189598,0.0239939447727317
6938682,0.0010491812133395918,0.001975219316980473,0.003765262723887859,0.0011212470659694913,0.0006440957927693798,0.034910766063542625,0.6546084952563587,0.00789276841004027,0.29403296415711166
6939166,0.00023419091815636583,0.0028360102792057587,0.0021281958382461702,0.0017115246890035954,0.001987662366698732,0.8864384065156973,0.06625065385786826,0.011946450508220591,0.026466905026903194
6939222,0.0015744291781713748,0.0004620128777185556,0.0025609371567495496,0.000790628124169307,0.0003970308227245295,0.038507467902558976,0.9244280251064669,0.00620022344980641,0.025079245381634183
6944591,0.009387659263198083,0.002133715126788379,0.010164713658593593,0.001871641166334413,0.0013259421118580511,0.11126732289459067,0.7787425441054386,0.005867748257213613,0.07923871341598447
6947293,0.00037148892842795355,0.011621596318970442,0.02092687927288479,0.0037638612938672013,0.004120971328451887,0.8220930553165586,0.027778886909986224,0.015630374560652704,0.09369288607020015
6952804,0.002481591958492561,0.0036350453535056687,0.32303081589648375,0.005510925143978591,0.00380051355810687,0.3181735256925255,0.028304928819788307,0.007312273957681765,0.30775037961943696
6975207,0.0006575355492821963,0.0025697192404586905,0.01058579871483037,0.001282354332818388,0.0010880071911545633,0.9146482791234025,0.01092055878775237,0.008222390328978918,0.05002535673132176
6975472,0.00029755715936923883,0.002582634988666738,0.004407899910969692,0.0010431254424047675,0.001442240263885255,0.9195736046020755,0.019949767395134013,0.008642507504986099,0.04206066273250863
6975490,0.0003054327725451504,0.0016739978826708624,0.001473119698870561,0.00036405959821794997,0.0007872351620821318,0.9201027269034642,0.007490758626323978,0.010037322120120777,0.05776534723570443
6976427,0.0004530447558885613,0.002967849625319164,0.0018224726393188777,0.0008130616510758245,0.0015781527295113168,0.8422790658708309,0.010705996445148667,0.02033505663998812,0.11904529964291855
10551287,0.003247660794479747,0.014223541466056951,0.031127184696734464,0.008844962709504942,0.012587942878933238,0.7124619310334505,0.07192736902373917,0.04247667544418946,0.10310273195291145
10554874,0.3820994927524407,0.0185741193564342,0.012065467855219144,0.009175176609853902,0.016856175148532375,0.3261396901469352,0.0807681770084192,0.020601581753308815,0.1337201193688562
10555071,0.0009031595470708121,0.007616646033030214,0.0075859344095643745,0.0015850423463323942,0.001408290624742702,0.18432529545952547,0.10717309756453794,0.027522941062129096,0.661879592953067
10555459,0.0006036580326259645,0.04062200255285972,0.017560434714734004,0.005958145904122869,0.0057860934235701225,0.3795128045269571,0.02914176741997137,0.2807054612282481,0.24010963219691073
10555968,0.011046103776561941,0.013386401255578117,0.021142721583292157,0.07513277172689097,0.05626369224043541,0.11967647147349439,0.002509653411045961,0.12531109390041725,0.5755310906322838
10556692,0.0049032329862789955,0.00483027722002429,0.005063864511076587,0.004763459641400668,0.0023954654577397995,0.10370318981211701,0.04750787499129629,0.06554498445720251,0.7612876509228637
10557065,0.00017852164339338117,0.015873460638160145,0.0012202459137985405,0.0018823523420723135,0.005928400647256124,0.918139762850512,0.02218436498618058,0.006855455355221098,0.027737435623405738
10557235,0.0006272302621235489,0.030493966698516353,0.02421015087211735,0.051749393643787354,0.018475711190993664,0.7626802269988027,0.015336442017718527,0.038371331004310366,0.058055547311630026
10557310,0.0015559766609101226,0.0286378399359923,0.007647850755316019,0.005749603349805458,0.06902616158504914,0.17147388778129619,0.002959177783417545,0.03991904855281684,0.6730304535953964
10557603,0.000894097053317866,0.025315750118797296,0.006095629964001859,0.0036495209336788173,0.0029953629186267807,0.6098036377889933,0.0473020449200119,0.02413045269689416,0.2798135036056779
10557649,0.0006923023925474871,0.01680268666759242,0.036240144320763716,0.008240337275364594,0.027184513225217866,0.7928802512299498,0.015719975837684044,0.02444540629823192,0.07779438275264826
10559369,0.0037116335587036187,0.01293481530751732,0.0056789129244875,0.001957379716879793,0.013287146077730289,0.7086762160396318,0.08719013572492043,0.024007691764962983,0.14255606888516614
10559516,0.0012017026080109938,0.017021588518589568,0.0034546363614514947,0.00521350063690873,0.008712051534413292,0.7505998155719377,0.052828193505207253,0.02206865498770141,0.1388998562757795
10559765,0.0007001361511950066,0.06376729921237265,0.005631054565036145,0.004543229654321689,0.012433540498210088,0.639063112318683,0.06707332352903447,0.03152082364084945,0.1752674804302975
10559904,0.005632828058626857,0.013807884307991864,0.006600159650826016,0.004028548460737527,0.008824092019585441,0.5123952637389145,0.10524113906422869,0.07367394951609267,0.26979613518299633
10561136,0.005467912800542969,0.015423939783764913,0.004237776351189466,0.004258792593147638,0.009478892717369703,0.5795213325495676,0.031646783400074506,0.0310544888186255,0.3189100809857177
10561583,0.006427388584366514,0.006158309098769261,0.01134140932498965,0.002998996214190239,0.004192319827138521,0.5096985778912699,0.1335669253949027,0.06350876459829183,0.2621073090660812
10561870,0.0012068302432424415,0.011954756024186029,0.0036591775760626945,0.002147245825199941,0.003848958074380005,0.549791666761904,0.37567501761426925,0.01129374842913911,0.0404225994516164
10562711,0.002290932466729051,0.09178651644671086,0.030273664191058414,0.045452991508113515,0.09097820754651635,0.2615700064070772,0.00905671574710731,0.038212715956868336,0.43037824972981886
10566953,0.00046243974927982946,0.011309354565811202,0.002514436639553096,0.0016603226022602023,0.002434933405666334,0.7183151462821407,0.18939017220707313,0.04036023063019705,0.033552963918018465
10567563,0.00698919954955453,0.04668449491059181,0.00857631433298718,0.004908611040192507,0.03523276166308263,0.2947542747392885,0.039144552182857756,0.04052143246540504,0.52318835911604
10568512,0.0025454971203351688,0.004318122696952958,0.002896303685530384,0.0011549089836226057,0.0009815360158026744,0.13857414586782202,0.6922175515988142,0.021380796515765136,0.13593113751535485
10569249,0.001342506461719548,0.008235590636249405,0.0038794332240438393,0.0019352344594282536,0.0034800509933526854,0.5557274966411794,0.16285232433020083,0.022668292029032745,0.23987907122479318
10569900,0.0010634594478611693,0.12230214480327119,0.026341469001046836,0.03754098600433139,0.5998667872643877,0.07148728839420032,0.014262651527726081,0.05279463401086025,0.07434057954631514
10569996,0.0025202488241947876,0.007492922653502927,0.003870919693959046,0.001644004424802249,0.0016601458446387153,0.48194247812675733,0.30079226078810606,0.037974046370285834,0.16210297327375295
10570047,0.0010971366682720257,0.0198248883315054,0.008131101752287916,0.0034401976501763163,0.007002466708319562,0.8126072772107976,0.056615771996558414,0.02255714585222058,0.06872401382986207
10570186,0.007189445068552907,0.015728882591539293,0.00726447526105253,0.004490585756048879,0.009713353967919622,0.5452726377450031,0.09521683171226425,0.060330801458729495,0.25479298643888987
10570190,0.00129033567516443,0.018314087617722973,0.0033976604939581372,0.0036575724993761945,0.006817859543482768,0.6405233832738418,0.24293114495293028,0.020567803200128194,0.06250015274339518
10570281,0.0011925965633569286,0.007694916000636293,0.0033684320921151404,0.002527358555110754,0.002425987566624431,0.6080807543623917,0.2518270761986491,0.021675556553790727,0.10120732210732489
10570444,0.12666887980370106,0.012592836872103339,0.018304856288006974,0.01156317179596128,0.01285665170590728,0.40323656265384383,0.038294311125585276,0.10002708209978564,0.2764556476551052
10570516,0.002712598501485318,0.00874108563811918,0.004691173712243273,0.0016651306400553927,0.003938883234765465,0.582817757059283,0.047538737633366746,0.02367692203816829,0.3242177115425134
10570563,0.005987200218067163,0.0024183425291682365,0.003210847750943861,0.00219057790681491,0.0020757113751136824,0.3030522757417927,0.2647516004123242,0.06112565852687496,0.3551877855389002
10570908,0.004798965535767218,0.0037449503265048843,0.0043356453590691,0.004558691039812792,0.00509376202049041,0.40905283724853836,0.3585860522737785,0.04733111878844866,0.16249797740759003
10570962,0.0006247313507708864,0.016682139747225017,0.01211174573781972,0.002226720024176203,0.0027529677253238004,0.2993258393569984,0.013611183931856724,0.4013576917418999,0.2513069803839293
10571126,0.015523742027097841,0.002240249917516288,0.005534115935616004,0.0016725712619430227,0.00195446563987731,0.12478041287628971,0.11769122538422405,0.038104266078019894,0.6924989508794159
10571129,0.036417445809491696,0.005992927894419775,0.011208734888916067,0.01690020948122002,0.0118595375037874,0.4567755461924492,0.015286012007371879,0.1297775223284099,0.31578206389393404
10571130,0.006677429635760319,0.006581435976641606,0.016041250066992068,0.018232437647707572,0.0046401008504984905,0.17530475309049998,0.0035407612541462795,0.04323253182883152,0.7257492996489221
10571150,0.004429688704520396,0.007493065110893467,0.0059180811288992025,0.002840673179235864,0.0060631752784907665,0.41651854136622823,0.03517367140749268,0.05764607746362221,0.4639170263606171
10571157,0.01577633967199081,0.0037529163400806514,0.00783142495784947,0.0017999991029732426,0.00180677172529975,0.15605758501078185,0.4455250231555541,0.042257748211847045,0.32519219182362297
10571249,0.003811724531876442,0.004791965893316789,0.0029405182226434033,0.0019193925616490953,0.0018651489703766675,0.6143761793789495,0.09327445818829183,0.029548461840373394,0.24747215041252293
10571563,0.000891312310713876,0.16863547889778135,0.008931433931601772,0.007225442364808126,0.04088894610710622,0.44746202592818557,0.025883606241620664,0.03752145768608972,0.2625602965320927
10571600,0.0048844486469852,0.009907943598835612,0.004581711577264734,0.00290188641486074,0.008038863109753701,0.6070029391007694,0.04741418748841463,0.032047145149853816,0.28322087491326203
10573894,0.005116990191197003,0.00986001463942569,0.007752791673900548,0.010419269530251444,0.008901048156841522,0.42644120381682105,0.022805713466263085,0.24192911022565333,0.2667738582996463
10574347,0.008817311505826856,0.007233445156082237,0.005298599247546542,0.007284238111333561,0.0038416984202179665,0.5824293752921295,0.0822300844829997,0.04420760143555254,0.2586576463483111
10574370,0.007275013753993226,0.0037339445584825375,0.0039446333394576125,0.004045236993559558,0.003083319064992683,0.5096966602195505,0.05788800275972612,0.059345200789483056,0.35098798852075463
10574372,0.004137940247383224,0.005160819744885602,0.005274392812253842,0.0013945716230424358,0.001532548266689448,0.28629533025947257,0.3041697299363091,0.01783670819302387,0.37419795891693985
10574408,0.007371944458043678,0.01647493223035852,0.011427761026642913,0.01631795558581437,0.020274014526083503,0.4133571505291605,0.004334921452491499,0.03934436175533608,0.4710969584360689
10574430,0.0021385249209420975,0.006174860466236544,0.004191816139784298,0.0022401351122882576,0.002784952274417066,0.40426605777052704,0.042785574931092044,0.028019033337096162,0.5073990450476163
10574439,0.011311067041444096,0.0061711683729120245,0.00631374726436448,0.008481814108026335,0.0041513961312560615,0.5028778600048383,0.05273080267168503,0.07691442769581958,0.33104771670965416
10574456,0.0030648658814500457,0.00657651358952918,0.0045236589097410965,0.0028536860695098205,0.004915815422806307,0.23077040733614496,0.011679427772676198,0.018003057692421914,0.7176125673257205
10576038,0.03203854157165053,0.015488070140420147,0.0234890016871216,0.006677750392962188,0.026876828734867506,0.5005352359988797,0.022287701431566373,0.09848730287679318,0.2741195671657387
10576770,0.0037891499221076675,0.011414856761719657,0.009836735185581239,0.00834948823635631,0.002838884761951385,0.6166192213835016,0.01533008057601995,0.04170966942338854,0.2901119137493737
10577118,0.0008812888552356917,0.01834110280474221,0.0050059666497731005,0.003700126640784903,0.004298881213496681,0.7176792832488281,0.07687919069204527,0.05172435259841963,0.12148980729667427
10577354,0.003423745553262287,0.008273992900708904,0.008736620810346965,0.0013399914617796373,0.00199727052769341,0.5681137572646255,0.26424996889594343,0.033806980529634774,0.11005767205600489
10577622,0.0006784691610661971,0.021352767010825908,0.004954209274341958,0.0031279776515757847,0.005162981550192396,0.6201031354983172,0.07436247459797218,0.03278881909210558,0.23746916616360278
10577723,0.002038842503879408,0.008787563160780198,0.003896817862002932,0.0021085392667011616,0.001900694816520811,0.7245196297183492,0.1293187751873704,0.019418295581961408,0.1080108419024344
10578130,0.07308403555836573,0.015355205224970324,0.00907354173760615,0.0063999436656091225,0.025398971199388973,0.4724224079438142,0.027516415840935095,0.06490524637898483,0.30584423245032555
10578295,0.003925995898059434,0.030156739866837666,0.007749529666456092,0.0034601431980055674,0.005422059740110439,0.5368776582016083,0.2571423880267944,0.03349754078977323,0.12176794461235493
10579132,0.001380001936214398,0.008723014212147669,0.0025726789527585614,0.0017481066705891909,0.0016305077669340649,0.3491142460302802,0.5004239282844521,0.01467016376482863,0.1197373523817951
10579372,0.000774441114010698,0.012912855637902886,0.006298049985860859,0.003197069458680569,0.0028724836102893623,0.5060268255123507,0.37213076300792974,0.014528295754710749,0.0812592159182644
10579452,0.0007673444773120403,0.06308906847140361,0.01996816894926143,0.03129205633047219,0.07004538810715011,0.6459336531267219,0.03173006676254158,0.024039112395950708,0.1131351413791864
10579754,0.0005977094899861154,0.009976152092942295,0.04831956280695632,0.0080219641497103,0.038574031793840134,0.7801646585849834,0.012544169361114958,0.027879665395768426,0.07392208632469809
10580098,0.001649631522751159,0.009562374869965327,0.005474274599216251,0.004193581345305445,0.004727892010364656,0.6175534404759797,0.17895227502255132,0.10269830146284538,0.0751882286910207
10580150,0.0023524209015149834,0.013072590901720683,0.02014863129753689,0.0074111969365830395,0.014075964194820904,0.7624548384541943,0.08749173432968503,0.014723271303162956,0.07826935168078115
10580642,0.005332232452030619,0.0070220337815456915,0.00417462876729144,0.003850700877863106,0.004590565122553108,0.515232122271276,0.03422285532960802,0.024308720925321013,0.4012661404725109
10580740,0.013218950428495163,0.002283990061393898,0.003955819041377382,0.002246593736014054,0.002296268186795878,0.17682025375212318,0.5357636973936141,0.03584907279122641,0.22756535460896
10580745,0.0030229025835121076,0.004866404198839335,0.0033694697312080303,0.0015723040728884586,0.0015502341272041794,0.31009167608211685,0.4297791622852526,0.047336660379020505,0.19841118653995793
10580771,0.009572842280374555,0.003000764219130827,0.003600699667455351,0.004637490025051532,0.003035902632793193,0.436068776689851,0.06102498498099175,0.08975777509369377,0.38930076441065803
10580995,0.0017312884039711073,0.022269131729712354,0.005281377135072939,0.003206094826211899,0.0030201077596896946,0.20695334706700147,0.07093962110329503,0.0426470356877516,0.6439519962872939
10581310,0.0016908500190738723,0.03434307470751433,0.004018724803349367,0.004188219626676517,0.006324333208273559,0.3675452364481113,0.2946731284509835,0.015861293782273748,0.27135513895374364
10581368,0.012092038075461907,0.023908050421181406,0.022848174495361556,0.05025328891804599,0.023402603677670452,0.23881256211590013,0.004096617140856465,0.08539147700921526,0.5391951881463067
10582173,0.02037183865845645,0.00935773690687319,0.012717380529995818,0.00435420072349874,0.016961175730885514,0.5133928376977297,0.03755531199075782,0.07424677328464042,0.3110427444771622
10582418,0.10735727412538183,0.009233027954272914,0.013240013532812548,0.005255530035420511,0.06327642141419662,0.43511354736262686,0.02736226352857219,0.02843764055793703,0.3107242814887794
10583009,0.001164796347866366,0.0033307412039868247,0.003984313719350932,0.0026398651077577844,0.002480902568423125,0.3736172702443815,0.5703038373317961,0.010685528207002075,0.031792745269435194
10583434,0.0012380273715609908,0.10522814915583409,0.00662738390775798,0.028583131679334822,0.010387018155481365,0.5878761394311287,0.024485697319137682,0.06259528340760076,0.17297916957216358
10583521,0.0012060763304594319,0.0039922151308865875,0.0022019349151197725,0.0017160390687618586,0.0014237011245795703,0.1700098312605359,0.7509460050298975,0.017044756217515805,0.05145944092224347
10584210,0.0007562271426329831,0.013895268922274245,0.0034758976087493126,0.0015084654792442767,0.0011505371641899274,0.28919172151799166,0.39301458784304943,0.01595692623813572,0.28105036808373246
10584222,0.005603909159179993,0.006807031015599147,0.00722891478664833,0.0018414109564564671,0.0024207738318830735,0.5650704399021096,0.25589571633630387,0.040036730228262,0.1150950737835575
10584314,0.0011754739349263547,0.003829953342573385,0.004832162705694179,0.0011091742155064995,0.0006242710778083283,0.06190840335388873,0.08322076771007345,0.049055031573151234,0.7942447620863778
10584430,0.008415905553437736,0.0067238982057413995,0.0036718634188623025,0.0022457478707811193,0.0025280505885255967,0.20783869652303855,0.6085799405716101,0.0306937642846121,0.12930213298339113
10584519,0.001229567525271938,0.024902961549763042,0.004800169338130209,0.004219902831067093,0.010683311635833043,0.7111057334789921,0.08716213131848217,0.05344069311895372,0.1024555292035066
10584820,0.0014145764513128088,0.08902287924271592,0.007390206226449647,0.006708811343820084,0.06406536972075566,0.5040779315439565,0.03902597084647086,0.028745560608162263,0.2595486940163562
10585136,0.0007086855772946028,0.06299771381316899,0.004155571484963019,0.01378284324521659,0.008144922618998969,0.8048502135607654,0.01830933305714554,0.0342784984177966,0.0527722182246503
10586849,0.004285607086655298,0.015543675839802658,0.015506695297814536,0.017410314337673375,0.01794837891355564,0.6563786934698705,0.15378652224378167,0.042065784966129706,0.07707432784471663
10587734,0.02680999430096014,0.015776129613821802,0.011423049292087428,0.006046609339609532,0.012764561300316979,0.4779068398525933,0.287732520371094,0.04043399881869003,0.12110629711082667
10587840,0.007302338691098132,0.01831411409234836,0.01999163079639158,0.010249522728977844,0.008427060391892359,0.6700065937333163,0.16176817097608331,0.0335248074441571,0.07041576114573504
10588529,0.002179053676631585,0.00047440303187084025,0.0006494505437477243,0.00035258383191799473,0.0002440152392805765,0.0060529116310157815,0.9280744111241359,0.002806632378970058,0.05916653854242946
10588664,0.005739772404889951,0.0006410970100831218,0.0012796526570166122,0.000499402137683118,0.0003719886705627354,0.024078089097490086,0.6539184401480644,0.004658327297499896,0.30881323057671006
10588792,0.0036039090748040486,0.0007939810091771019,0.0010963189728063853,0.0006254525402545463,0.000527620568918854,0.010937213780855774,0.2964774509113864,0.0030839533860174415,0.6828540997557794
10589349,0.0007037002732780159,0.0014735289744900772,0.003681524836407525,0.0006953413338873452,0.0003285392043042286,0.02495188496194138,0.08681264009808715,0.004492966726975976,0.8768598735906283
10589410,0.03880249297605094,0.004720202754640562,0.03923199796837239,0.013009677910539984,0.005956390172476956,0.13654988002596466,0.04577133536553127,0.08854099632005306,0.6274170265063701
10589411,0.00550722473973695,0.001282094768721828,0.0035827937701820383,0.001407787195313711,0.002478042054570533,0.07076759905342166,0.048391026731607965,0.007749812006585405,0.8588336196798598
10589472,0.006654848457164604,0.0015936701600268496,0.005265735643889949,0.00195825011821941,0.0021391892665010323,0.03812311955346836,0.11138520342701455,0.0048732499433752526,0.8280067334303398
10589485,0.0031363534722213446,0.0014539896966192056,0.005262112075872077,0.0018251233234289198,0.0014654873361420184,0.029342516643339592,0.007133473168941149,0.006673973922583487,0.9437069703608522
10589763,0.0006478316752937286,0.05252056544348259,0.006318453175881761,0.030963343839275976,0.004504156622731892,0.8225952927863527,0.02541181370295875,0.029597682976624358,0.027440859777398165
10590733,0.0029058788485171925,0.026875441040680702,0.02503864174979288,0.06701337325661193,0.02278534085040177,0.6283095002770839,0.010549018346149644,0.1247100644017789,0.0918127412289831
10592587,0.23990857409335598,0.011779780460469924,0.007085464567910448,0.011857783441867121,0.029015006579107383,0.4236210481296662,0.013101626080973308,0.03623891635652112,0.22739180029012845
10592944,0.0010869195726689314,0.05217211338601139,0.069760964683907,0.04581376463138442,0.07345962587241864,0.5758393297460283,0.021971703224255887,0.02576068947539226,0.13413488940793306
10595034,0.004520890727320606,0.03998997470237868,0.00619853646705251,0.00347191519262214,0.014325042711920555,0.6128307627863099,0.022514581080694176,0.048045015529312084,0.2481032808023893
10596119,0.0012485926688610368,0.024236353259347056,0.004089465813508374,0.0020004773579775795,0.007538124374384683,0.7851742417352789,0.0761715448469344,0.005443943873144312,0.09409725607056366
10599481,0.0015405293977616662,0.004047755970277179,0.0017341586105814656,0.0025031881824458726,0.006071818616905379,0.5032005509168153,0.397086491640704,0.021082972066576347,0.06273253459793286
