track_id,Clutter,Cormorants,Pigeons,Ducks,Geese,Gulls,Birds of Prey,Waders,Songbirds
6868504,0.000552793480199806,0.0013200813129169604,0.9590879992305601,0.006677598078249557,0.027824868015084367,0.0017382013614927524,7.547853764556969e-05,0.0006525953873326432,0.0020703845965183596
6868536,0.0023880327050099627,0.0010945586738167442,0.9769641400262663,0.006769243824844241,0.007130328598392794,0.0018529870784016994,2.6125515731296642e-05,0.0004476081516253533,0.0033269754259116946
6868565,0.0021895419956658698,0.007043266270975166,0.8965788324636366,0.017984209675991708,0.06627859374466058,0.0052097720710035855,7.922584245427367e-05,0.0013650764534862648,0.0032714814821259218
6868861,0.0002349386688830397,0.12582557518296114,0.002716347480223516,0.022049257632575987,0.8444035723339928,0.001983204627548125,6.317047673351286e-05,0.001661801654396312,0.001062131942685595
6869275,4.087382224936175e-05,0.09358260795341865,0.0003922002515132962,0.0022149172701548072,0.9000532593550116,0.0013386985033768829,3.306789836402191e-05,0.0014960607735450362,0.0008483141723664105
6871418,0.00012513034788631463,0.006324083117867196,0.9601642363709153,0.024019384661192723,0.00254553541236499,0.0020120852008624563,8.524959982910118e-05,0.00254295813663285,0.002181337152449011
6872996,0.5868057687432873,0.0006228102243316167,0.001284538109415897,0.0006545644012836808,0.002791499735912589,0.28213235006012616,0.0148110607136893,0.0024377435935879735,0.10845966441836546
6873817,0.023808660602530653,0.011093635159354614,0.028359521296752885,0.010676157319566943,0.07673668378090759,0.7697416464798112,0.001999584459359211,0.03437448809062624,0.04320962281109068
6874023,2.6049213505906735e-05,0.015480668714771594,0.0028719489754137303,0.002619703870316037,0.0029441766291596915,0.9512224603785658,0.0012263175035078036,0.01710336165875015,0.006505313056009288
6875504,4.9241107992287156e-05,0.0048411353263831435,0.005581835784739721,0.002270597132629673,0.00046583852245306746,0.6797351319337549,0.0048908916553783086,0.01224637964732101,0.2899189488893479
6875899,0.00023260366109234776,0.007121758083306453,0.001163628185807392,0.00045159611616508197,0.0008171306370363292,0.7822359986575802,0.0636685413134286,0.007033311025250342,0.1372754323203332
6877293,0.00038978052915296596,0.0007126856003732546,0.003867603038955486,0.0014727887860456357,0.00020537628865683957,0.003544282125254934,0.0014545610687114088,0.006198216749808209,0.9821547058130414
6880408,0.0012899798304701726,0.029925576516826334,0.0033347194672296325,0.015140328873282101,0.0013004765387427137,0.8099056745602319,0.0318285372440451,0.025496980181049907,0.08177772678812212
6880690,5.5406614522701136e-05,0.0034757501861743096,0.00740212070984746,0.004691602286186849,0.00043262716350732627,0.35223548022911866,0.0029396187987635403,0.0052439435520072585,0.6235234504598719
6880833,0.00018295886788807994,7.264494713356e-05,0.0012220893515521283,0.00014391846424755813,3.5745654426763015e-05,0.0033728582223371602,0.49443647480812214,0.000797670666760037,0.49973563901753265
6880956,4.691573851218067e-06,0.0033327855646986338,0.00029004436152790114,0.0014007865760672195,0.00016186496545786568,0.9893744512416743,0.0017227948097227107,0.0009693469237561368,0.0027432339832439336
6881733,2.4896592874656575e-05,1.1846140152011085e-05,2.2231461939821855e-05,2.914445342674019e-05,9.519292935220814e-06,0.0008089653224870485,0.9980824918272155,6.100257905335131e-05,0.0009499023299156784
6885154,0.004521800045743206,0.0014875852340565548,0.0007843617006962218,0.00046565094102438387,0.0010405983602859675,0.8613752410879797,0.00612957986332697,0.0336228834409231,0.09057229932596376
6887294,0.00038099655154365486,0.0005873592365896527,0.01617650841991955,0.00028274011592987873,0.00016634895813571226,0.28316105635911015,0.002370964357441766,0.0009566146164172679,0.6959174113849124
6887586,0.006616906222304429,0.00019517400511401232,0.007816296254462235,0.001515978053462499,0.00010343551512360874,0.017653950894308403,0.0015293545275473005,0.0015702280770891067,0.9629986764505886
6887600,0.00044941885004882065,7.980336540409204e-05,0.004867571649601405,0.00039264115757327664,2.8275277608522354e-05,0.008922481639777928,0.0007446651688818618,0.0007702827239210154,0.983744860167183
6887637,0.0006072392730591405,0.0039055647853587136,0.00515679066133076,0.0025600450786324894,0.004217081172920072,0.014896784021974205,0.002747239652604095,0.006922508345530174,0.9589867470085902
6887702,0.0029005786681354086,5.985167805145349e-05,0.0014763145971986645,9.113041588770896e-05,6.19862790201058e-05,0.009810624316372772,0.036581686338902304,0.0019413330638661196,0.9470764946425655
6888243,0.0001416695829738338,0.00418396084175525,0.0070196650377908265,0.0019510555246475862,0.0007355222818927214,0.011639288973200618,0.0020849788760075967,0.0030481213798888244,0.9691957375018427
6888737,0.00018068751102001215,0.0036822016409336256,0.016692699896413168,0.012714181360491652,0.0037320647791469416,0.0417229954574712,0.002417489737393723,0.0028434846694546786,0.9160141949476749
6889024,0.0012500280472450712,5.677822294104299e-05,0.001355782157329526,8.33645066646872e-05,2.8911242515762678e-05,0.004289109573279552,0.0545922356697657,0.001954229524834576,0.9363895610554243
6890285,0.0009960562899079153,0.10383554746737962,0.0021824045682768854,0.0008666607593389097,0.00047129519890996526,0.30221156225894685,0.44466678518094305,0.0050774299109566205,0.13969225836534016
6890416,0.00037251238629868426,0.007468529191513369,0.08832900855766022,0.0015202065491826007,0.0004632616296596022,0.08521014826249612,0.06778396073245294,0.02225128997563032,0.7266010827151062
6890579,4.3035662290299165e-05,2.8183371420341183e-05,0.0015260975330059026,2.6865029792453726e-05,5.230153661283446e-06,0.0007003226035523042,0.0051164354224272545,0.00040233588206542653,0.9921514943417847
6890917,0.0005261813757390526,0.0006656358230742636,0.010993544133225692,0.00046047601337856705,8.629515246658492e-05,0.014944689056417574,0.33525806671779596,0.0026277398635607754,0.6344373718643415
6891091,0.00048772890662758913,0.0004884356858521323,0.1350997898472955,0.012740645802177228,0.00091081691438601,0.007925353447320272,0.0005893251424656931,0.0014065559245432012,0.8403513483293323
6891208,7.155562609923902e-05,4.4617309005168184e-05,0.0014127394397972378,2.4316797449101194e-05,1.0882287907506617e-05,0.002501646444856168,0.014727870308934929,0.0002915354082377944,0.9809148363777129
6891245,0.00015151831613374322,0.000249125807384607,0.002570380398399482,6.918468588520603e-05,8.203481335786985e-05,0.014298919249468163,0.33161735225182487,0.0002995078592743112,0.6506619766182717
6891309,4.910278543772319e-06,5.211552223133179e-05,0.0003809090400175116,1.6895653505063354e-05,5.506623113042568e-06,0.0016336836264935388,0.002493684882077117,0.00011129730516110479,0.9953009970688574
6891366,0.0001382153594701852,1.6070119726674857e-05,0.00016602030585450526,7.74500473873752e-06,4.4656236308993e-06,0.0004203566942160273,0.007554766037317719,9.698484424580867e-05,0.9915953760107994
6891473,0.0017018887299584682,0.0003090877158205337,0.018580409715137657,0.00044364375754260603,0.00011147104165839134,0.03560050233178879,0.0039584718709308984,0.0010833570208263598,0.9382111678163363
6891484,1.59400742513347e-05,1.472636857712219e-05,0.0002610723987136375,1.2569565885497338e-05,3.064752227274636e-06,0.00045397246074254603,0.0017093721496741394,0.00022178890400062452,0.9973074933259277
6891531,0.00019295599277008475,0.0005830584689071852,0.0016339423029774443,0.00021415939459731018,7.37061563319999e-05,0.05293737762322258,0.3516542434748704,0.0013994128659840263,0.591311143720339
6891557,3.2821587908046305e-05,0.00011205351452082083,0.017001410325859122,4.31075563512637e-05,8.955360793153528e-06,0.0008129306237255186,0.001794969415399348,0.002088722748515426,0.9781050288669273
6891579,3.0848141076586665e-05,0.00015493549767010302,0.0011486277188918568,7.881291605956486e-05,3.476958254303602e-05,0.004793661993355798,0.015222958358026391,0.0003297962823333395,0.9782055895100433
6891867,0.0017355780165631376,0.00011326423338592776,0.0016471251920506247,0.00020954945512274896,6.296535393977494e-05,0.008043686889977602,0.8852962113057579,0.004165231836791556,0.0987263877164108
6891888,7.250400943314062e-05,3.0274845241119414e-05,0.000583978282994327,0.00010308291596626558,7.932134477349554e-06,0.0009135104413639826,0.0025644231318674732,0.001989335188947808,0.9937349590497084
6892297,0.002248643994694272,5.95858355270895e-05,0.0004789720221859226,9.396430260209723e-05,2.4391036943113774e-05,0.0025867687127329093,0.18367049623421589,0.0005929751121838789,0.8102442027489148
6892562,0.00038604182650447743,0.0002468267176761433,0.0019042305134787125,0.00018454595723340998,4.938315982127909e-05,0.004099814411299325,0.4486760835559239,0.0009846007941056408,0.5434684730639571
6892587,0.0006540237441909863,8.063399291639728e-05,0.0009591085021442684,0.0001492721176577107,3.555336068750683e-05,0.009291312009949725,0.14165883023623915,0.0015168809521658088,0.8456543850840484
6894293,0.0008858426540796024,0.45839847224187785,0.06257044847337245,0.0549198525719533,0.07717977542322095,0.28476204200440447,0.0011582727476370197,0.02238543110013296,0.037739862783321476
6895609,0.00010963121338572875,0.0013635542524098442,0.022344634000228663,0.0036246876681593513,0.00015242364292940817,0.011690776923482863,0.001575661505533969,0.008387097293189271,0.9507515335006809
6895723,0.000440221155509854,7.243821183054093e-05,0.0006440399359283657,3.471697466472566e-05,2.3986818623781955e-05,0.9733337664354658,0.018166508008343272,0.00025734298000894593,0.007026979479624666
6895905,7.584168637441354e-05,0.00035845408883087134,0.002084239532379223,7.620522913259382e-05,6.517367186112681e-05,0.9079675577612002,0.04114378331027581,0.0006048616764799627,0.04762388304346584
6895906,0.0005940515177118126,0.0003699731605395903,0.07228784241000047,0.0001945961736464169,9.51570861792352e-05,0.835768422846499,0.038024843115440514,0.003229682930914654,0.04943543075906831
6895927,0.0038105722898790556,0.0013858551544390276,0.006693986081989107,0.0004210967701316375,0.0002870986961949373,0.9408647242251086,0.017651944134251796,0.002541792833209886,0.026342929814796107
6895938,0.00010826847025661033,0.00011112591739410948,0.001245756341220147,4.0244561032767386e-05,7.548433355806475e-05,0.9562386767609683,0.024987264772259314,0.0009677785579036297,0.016225400285407202
6895939,6.802027578109145e-05,0.00019274924114107627,0.0010026595270744543,3.2452791663694215e-05,5.2792084307692574e-05,0.9657167119570034,0.010739364171495005,0.0008905523129982884,0.02130469763853516
6895948,4.787780640498777e-05,0.00020262468570699866,0.001232523057676619,6.264488900558954e-05,4.2706738365089774e-05,0.9089739588055961,0.0212813801544958,0.0010306679211533594,0.06712561594159551
6895973,0.00028276808065745367,0.0002079161742031428,0.01322865046423993,0.00017686993485982732,9.989422296237635e-05,0.8778681803109011,0.036958995189707376,0.002057294388835129,0.06911943123363345
6895974,5.7728877648552636e-05,0.00013086872643975033,0.002281472021476001,3.573379573106013e-05,4.143412670365707e-05,0.9114072379224549,0.025803744749543445,0.0008806491282295295,0.059361130651773036
6896754,8.839830703265302e-05,0.0002841013063407017,0.0029756507285166717,0.00015383361993209018,6.19958071946805e-05,0.08711723175912875,0.05719274768320657,0.0015446431430285248,0.8505813976456194
6897915,0.0006581237758437237,0.038286086551940934,0.02100121220817481,0.21012151011432878,0.004476647703418369,0.27700451438287066,0.00793166510176714,0.045766014997239673,0.394754225164416
6897964,0.021257497308677858,0.01375278159329391,0.05451035463175606,0.05868458779570503,0.03167423197233697,0.030209238729905514,0.005995498992954028,0.01920461862341346,0.764711190351957
6899282,0.0007739968588364925,0.00015117192163962992,0.00040491130000611304,0.00021673312813194178,5.09143110187226e-05,0.04766543269141811,0.1655183300828188,0.0012244883840890233,0.7839940213220412
6899294,0.001838899444531333,0.00011438538377867499,0.0006725951076550805,0.0002257729737982519,5.817974733409665e-05,0.004348307828543835,0.4385419163640563,0.002768841450670464,0.5514311016996319
6899376,1.221762817281057e-05,0.00014707803148182307,0.0013812643506376629,2.6942842529180412e-05,1.2272402863528158e-05,0.0016346658299926406,0.015394378399796398,0.0005443263744201775,0.9808468541401058
6899506,0.0003816079688594965,0.0004183979554437193,0.0008766744025981126,7.54454781276345e-05,9.429741334540003e-05,0.825598432301309,0.07701494041258927,0.012201771408122182,0.08333843265960514
6899530,0.001059508513803153,5.1497597073555106e-05,0.0004844078697487789,0.0006062623264267441,2.030068218489959e-05,0.027820785475022904,0.0005187488929292597,0.0051661123457214415,0.9642723762970893
6899560,0.003763848971743075,0.0003400158741899957,0.0006393644155148848,0.0012794247877763272,0.00011341509283191648,0.12066263718972015,0.011975690748176861,0.01865425864926553,0.8425713442707813
6899670,0.00010585037617831742,2.4797962317443623e-05,0.00013108450791714216,1.0190360402342934e-05,1.591231037670409e-05,0.007330012007659741,0.0011531251677388205,0.00036255310179124204,0.9908664742056181
6899695,4.474190454717893e-05,3.9789090296781406e-05,0.00046764922903178675,7.052153794692047e-05,1.4778994773717232e-05,0.005405998791085017,0.0005206445117045957,0.0003234862696051739,0.9931123896710088
6899730,0.00045945578889253723,0.00015889856619752022,0.0008092261859260805,0.00018533866116173425,0.00011403019819981449,0.05925298892374521,0.018138139887583647,0.0019883840641697413,0.9188935377241237
6899754,0.003618778531375426,7.47367396941281e-05,0.0057162291543935186,0.0010746254983884475,0.00011402004496758185,0.012417130124276622,0.00017627843367718881,0.002986588331394387,0.9738216131418327
6901206,7.468913810563578e-05,0.001030160137899711,0.0020008935978749814,0.0004585672016253477,0.00015652819024874326,0.1866216986887123,0.10777914849181597,0.005399677781169156,0.6964786367725482
6902131,4.423894148573713e-05,0.00037925698179821674,0.00039013914621516656,0.0007842820689858953,0.00017357793499222626,0.8705416465634102,0.12143179487732353,0.0020090853584203133,0.0042459781273687935
6902271,0.0001014183144362401,0.0007473361104062238,0.006303783362991992,0.0004840819203970394,0.00020847635661566362,0.012454661670597923,0.0005649474615596863,0.001425516771796402,0.9777097780311987
6904326,0.00014449382015393558,1.4330864823676248e-05,5.8857113957751895e-05,2.9993784000795493e-05,4.679262208070471e-06,0.0012068472948257162,0.003395602484240971,0.000683313540374418,0.9944618818354147
6908023,3.0059866952603556e-05,0.004600762552736181,0.0024640394258961928,0.5313089423899535,0.0037633043605127684,0.449845832432193,0.0005455973328849329,0.006710501494786846,0.0007309601440838585
6908625,0.0002132423846408785,0.0006464454199487049,0.001592554562382919,0.001682853599397472,0.0002007826690436797,0.39628980932373964,0.32071215140296827,0.0009311411956063572,0.2777310194422721
6909657,3.855540532116237e-05,3.9248436897708964e-05,0.0002854668363416397,1.6175073393218613e-05,7.0667467952648054e-06,0.0013980640965655382,0.012411771176826177,0.0004078064379031141,0.9853958457899561
6909786,0.00046256388981388033,9.722344865440333e-05,0.000518239974123217,0.0003556667520193923,2.7474518628319023e-05,0.004985242576129212,0.014991299976762271,0.005960391123860323,0.9726018977400089
6909952,0.00019908568762886815,6.891031193250698e-05,0.000641234338259384,5.4232373598301484e-05,2.2163750098003416e-05,0.002139972247368868,0.07546926554046621,0.001601154736981155,0.9198039810136667
6910003,0.00010241682660724831,1.830000030737478e-05,0.0002113133283625712,2.2353776009449154e-05,4.9805453028292844e-06,0.00045698512175701254,0.005624087198194292,0.00041583084315118077,0.993143732360308
6910407,1.2737669772689469e-05,0.004291971985293453,0.0007647048700633617,0.00017777353890071712,0.0007370030752217853,0.983894073998173,0.0014758663021021063,0.0034417812813557864,0.005204087279117205
6910422,0.0005115543886399834,9.718424415307042e-05,0.001887413500894588,0.00018543949184360195,4.177323055984396e-05,0.007165912517099972,0.022446717287714236,0.004072697720048545,0.9635913076190461
6910425,0.0003158712130551419,1.261619169007578e-05,4.843188795586708e-05,1.6933203247688694e-05,3.7661124511296026e-06,0.0005357043092804539,0.007105941201114478,0.00023119453277619414,0.991729541348429
6910560,0.00027491252056464395,9.153042480518057e-05,0.0017096548140321313,0.0017334132479239533,3.7407424069288904e-05,0.005171340715674721,0.001372240686201417,0.018089340151740883,0.9715201600149878
6910590,0.0005772497022237044,3.963349097507553e-05,0.0001558695249359828,5.7772195382700126e-05,8.886384077007837e-06,0.00228524919433606,0.07541904374240824,0.0008014421130101911,0.920654853652651
6912744,4.03905367457534e-06,0.0006219336637421198,5.653394109197397e-05,0.0002265690527979259,0.00034528185428765826,0.9915734237627708,0.000839357059758117,0.0050527989081310945,0.0012800627037457034
6919118,0.000112492717081694,0.000973933019507412,0.009158060343526172,0.00030056771602641693,0.00012245518219840322,0.49910123333273637,0.036921747728541815,0.0014809669490091417,0.45182854301137254
6920152,0.0002367453665900094,0.0021223796357322418,0.06728973302392792,0.0005407265768673647,0.00026764443243113386,0.27290170662077323,0.43637676452827284,0.0025093208428084287,0.2177549789725969
6925791,0.0001094514846830846,0.0012679638237742214,0.0024383335417285483,0.005498187926334044,0.0004769126503017049,0.9264060346592915,0.03409086930712223,0.005209824768688001,0.024502421838076688
6926246,0.0012753716021491213,0.00031895741622244657,0.002089269052384532,0.0002105521829381102,0.00016369314527869426,0.9252508870889797,0.05887811489820923,0.0006185872186500261,0.011194567395188194
6928841,0.007099181664394877,0.005285442905780606,0.09779740685310817,0.261741365107793,0.013444308407822967,0.18669731509496607,0.0036532322581527606,0.3357841448268027,0.08849760288117882
6928933,9.837342298363747e-05,0.006492680987669767,0.0037251361634995372,0.00016759313998655743,0.0014718706484958184,0.9601958300099059,0.0048467687787942,0.001998655341766164,0.021003091506898493
6937241,0.00014016789708968833,3.2184756661357644e-05,0.0007738714606282609,0.00011324988858191233,1.1223581132360855e-05,0.0008991666187717275,0.0012388896365734749,0.002716225803437717,0.9940750203571235
6938426,1.0083457975630465e-05,0.0010647445087921422,0.00021873519345178705,9.344759571136799e-05,0.00019878596106907167,0.9860477873493235,0.0044836622235953985,0.0022705011462045717,0.005612252563876647
6938530,2.3120441434010865e-05,0.0017567871333785455,0.0003320948526471072,0.0001271103495379138,0.00029482162869123814,0.9816415598853456,0.007976432695140296,0.0023615726292136414,0.005486500384611741
6938682,6.224524938683594e-05,0.0004270347514012153,0.00037643793932309443,0.00016934086660320857,6.433903033997281e-05,0.03954765228374357,0.8235947633647532,0.0007764267921173531,0.13498175972233162
6939166,7.5769063802495445e-06,0.0006462109393534794,0.00019079565779639172,0.00020664251240028192,0.00010723051669456309,0.9831977080631773,0.006721997585910724,0.0014315443334848154,0.007490293484802208
6939222,0.0001421672192646473,8.593433644136551e-05,0.00022429903617281216,5.4170807752118466e-05,2.545852529363866e-05,0.055434433325231944,0.9290429641723519,0.0009150146022712126,0.014075557975220511
6944591,0.0021047432446057073,0.000331546212082793,0.0034833458643562893,0.0006917570001900303,0.0002120649729023225,0.29330258481727994,0.6525004899630492,0.00163506641474214,0.045738401510791324
6947293,2.0917887852563228e-05,0.0021722431595397286,0.0023017360106285635,0.0005947894931234085,0.0005574881146285273,0.9682364937162862,0.00492308627317742,0.0022675403413368912,0.01892570500342671
6952804,0.0007182740754544658,0.0006086649567240279,0.23484818910461336,0.0006987669067645227,0.0010292884047376845,0.5393401794877569,0.012617196362324161,0.0013811652461086143,0.20875827545551626
6975207,1.3654225381147476e-05,0.00019605970878401876,0.0005215674568535422,3.229076255761516e-05,3.9208943646161504e-05,0.9921699834714305,0.0006327689442092992,0.0005282930125197025,0.00586617347461801
6975472,8.602057039964325e-06,0.00042171918704897335,0.0004813703002933474,4.662734048960076e-05,0.00013152948737634896,0.987969047368344,0.0022229634268873515,0.0010775205431683423,0.007640620289351903
6975490,6.934118879240628e-06,9.99274700523157e-05,7.722374986962007e-05,1.3252201223496004e-05,3.421082131067659e-05,0.9870569585211143,0.0003947341162790953,0.0009148233724811376,0.01140193562879005
6976427,1.0012662058648828e-05,0.00032970187036050037,8.939139043478675e-05,5.597032131097391e-05,8.013525406947027e-05,0.9640747558921908,0.001479061963321059,0.0038301595356691996,0.030050811110584472
10551287,0.00019658075861960975,0.0014510319837627613,0.002875221042313861,0.0011360962677700182,0.0012142491441419073,0.9766926299929185,0.004061840598448661,0.002288517806111884,0.010083832405912766
10554874,0.4187837731413633,0.003188150922762997,0.001966852281167281,0.0010800555320325455,0.0032586607982943733,0.4690210759795806,0.06494834651951444,0.004167793217728565,0.03358529160755598
10555071,0.00010764535180439908,0.0011398965932947266,0.005028815110097301,0.00022303935476748987,0.00020889791042788677,0.46537971608211776,0.020124911224534206,0.005446831148478573,0.5023402472244777
10555459,8.738636804395835e-05,0.02200044279645383,0.009024366003594683,0.0011329618925622234,0.0007668464801460525,0.5585966009291228,0.006308550700556369,0.20466129846646458,0.19742154636305548
10555968,0.002245881378324665,0.005239749758245243,0.005790286893997031,0.023088619126963066,0.009162632067285148,0.5045227200855584,0.0003768220763385744,0.026737957692168288,0.4228353309211195
10556692,0.00042209419001790297,0.00130793503043105,0.0010295321889844434,0.001893303673096167,0.00026702341489029537,0.0851782007385529,0.008827079137141137,0.015613403994446601,0.8854614276324396
10557065,1.5027066517283686e-06,0.0003929094625801426,2.25337047659919e-05,5.578242175367375e-05,0.00014346894846711732,0.9976627416389461,0.0005373271227002516,0.00020418227481981723,0.0009795517193151948
10557235,2.68876008025518e-05,0.005250095735620255,0.0024554451463831626,0.015134871703408026,0.0016752837904323989,0.9635625497803091,0.0012952552764775246,0.004005290634983641,0.00659432033158332
10557310,0.00015787644682569693,0.01028555593270128,0.002253159923829354,0.0004294953173375946,0.006445382148092031,0.3835936969673425,0.00031844917702840425,0.006668856409303479,0.5898475276775396
10557603,2.33361201588404e-05,0.00228625543431058,0.00032223939155991767,0.0002841979921319119,0.00015319831457579906,0.9694047348761682,0.006070522053030842,0.0021966309433778535,0.01925888487468612
10557649,1.603013646790544e-05,0.0010243411126578538,0.0023915424169865425,0.0005297191070561187,0.002367415743733737,0.982302783050436,0.0008499123256194356,0.0020871509795832247,0.008431105127459163
10559369,0.00010599095168469332,0.0015099687935688313,0.0004168953661032651,6.445786311152936e-05,0.0005642011914527481,0.9840940892160465,0.0017635935858481963,0.0004669040631471127,0.011013898969037157
10559516,3.012533208888345e-05,0.0009271333377224488,0.0001627484384515291,0.0006307641090945761,0.0005789163245328945,0.9849098697171674,0.002743354923186376,0.0015432502504791742,0.00847383756727678
10559765,4.222084076597935e-05,0.007180422823746339,0.000577767668114199,0.000866629463190354,0.001237059898965254,0.922682107560683,0.01649254973160124,0.005353077372773531,0.045568164640159954
10559904,0.00020124641586499408,0.001052115653606395,0.0004477592465481113,0.00016567624367078197,0.0005853032641283894,0.9441169036282219,0.008032846765399212,0.005208916949069964,0.040189231833490276
10561136,0.00021303904697357663,0.0009922707858656804,0.0002519995995781179,0.00019288647790010214,0.0003890794679676363,0.969002124472719,0.0009932788111107445,0.0012586538571797584,0.026706667480705312
10561583,0.0004994796080309315,0.0004501070390229789,0.0010273814222785667,0.00034385360257416117,0.00026112008418576236,0.9284655217775504,0.0114789055687766,0.007461032835520482,0.050012598062060154
10561870,3.9851517004350974e-05,0.001386062488878692,0.0002199752572825653,0.00030637725657273125,0.0002230279886990976,0.9419815697961499,0.05037334263752316,0.0006826436293818663,0.004787149428507583
10562711,0.00018972430786069514,0.013446695730928096,0.008607171225755703,0.014985655996324253,0.008900740512508365,0.8527365459490904,0.0007583035902557734,0.002878691669885741,0.09749647101739087
10566953,2.1564382671766052e-05,0.002454489849333149,0.0003018050261818096,0.0004829422226029658,0.00017317427302929457,0.9357713107216482,0.04777167381911882,0.007703467324764455,0.005319572380649603
10567563,0.00038555507214620133,0.009397909173376578,0.0009518135916033625,0.0002756614600082284,0.002822152172365434,0.5845950075254203,0.003316870260449305,0.0029102741814818426,0.3953447565631488
10568512,0.00032820570725460875,0.0004496096650985198,0.0005620240203647523,0.00024720796252817337,0.00018165056524968267,0.29261221874120263,0.6138800286631344,0.007597820285233474,0.08414123438993391
10569249,3.056513559367037e-05,0.0003938208875369813,0.00017888411767726876,0.00011651602447656754,0.00011585727662033884,0.9531624338842668,0.01436915724001562,0.001525527001056529,0.030107238432756266
10569900,0.0002903424663226198,0.09547245361921568,0.011071019989310392,0.03121765513759216,0.6417819602793972,0.07720962871333338,0.003499633860053659,0.020816783680018186,0.1186405222547567
10569996,0.0001605004536405922,0.0007529175983958024,0.0004138898468456827,0.00015399271940869346,0.0001492730659729482,0.9224201852426545,0.04157059251434312,0.0050304493602477155,0.02934819919849093
10570047,2.0071918540343784e-05,0.0007658982004679359,0.00036588105937666583,0.0003994732958299676,0.00023375689560694207,0.990347181201703,0.00218641823501875,0.0010256888629340975,0.004655630330522248
10570186,0.0003547045498198068,0.0006953116445762655,0.0005248842109412037,0.0002014748698793419,0.001001512411970785,0.9391973670495977,0.012197247874768648,0.005434066812693008,0.040393430575753266
10570190,5.577059831457788e-05,0.0014555886637760073,0.0002628067261869894,0.00032330836888102855,0.0005241900320764758,0.9178734708794367,0.06882057770941014,0.002501879002390959,0.00818240801952716
10570281,2.9943269615420912e-05,0.0004703997113928546,0.00019711668373935957,0.0002503516992645989,0.00012882276787671597,0.9713184538469106,0.019991761935963692,0.001205959868001713,0.006407190217235088
10570444,0.026307046015861372,0.0012641706455108013,0.0014422063970313133,0.0011618802874757458,0.0023241667853818176,0.8884391179123616,0.0077255251304446096,0.009596975562526044,0.061738911263406616
10570516,4.206602370380027e-05,0.00036151254395883097,0.00024560007731172783,3.7165968626988494e-05,0.00010054264723862112,0.9796293106680249,0.0013536590906326695,0.0007567931758165919,0.017473349804685886
10570563,0.00034184630143080987,0.00016304432380180716,0.0002365012620301001,0.000125742373177336,0.00011395496265165632,0.8019472502135151,0.08253327884360107,0.014450336848114517,0.10008804487167758
10570908,0.0003233086033313083,0.00039055242949819364,0.00034598634775546527,0.0005518086497258048,0.0007054366471790572,0.7761378696703585,0.18268078227775023,0.005286634805879524,0.033577620568521996
10570962,4.0283319748098686e-05,0.0017069617014749856,0.0011215011899600765,0.000273001543926113,0.00011234210261511893,0.32044848496522604,0.0012561368564860112,0.51606312148237,0.1589781668381936
10571126,0.0026060394620755502,0.000356603129697072,0.001139148459014869,0.00013223633922953236,0.00015787074591840073,0.2555192538664662,0.009921942242555201,0.007456965140236589,0.7227099406148064
10571129,0.0015415125697169421,0.0006135996129580769,0.0006915567287481038,0.001433658182429379,0.0007667572724483181,0.9312648079294982,0.0004384865244498406,0.012688144202867882,0.050561476976883186
10571130,0.0004982111980926993,0.0011471658333643308,0.002604441046778551,0.0037422729250919046,0.00036735470806917514,0.6563995056862902,0.00031525158354547486,0.006227937540932827,0.3286978594778348
10571150,0.00013237724029120423,0.0005462685925975195,0.00031890979080288697,0.00014276380331861764,0.0001660408657108009,0.943929992906091,0.00077107576274437,0.0036764190628554966,0.05031615197558812
10571157,0.004500782771380433,0.00043441431899950004,0.002075585552554935,0.0003281026988933762,0.00022668208455502842,0.44590973308705945,0.3854165775362055,0.007672572462861467,0.15343554948749027
10571249,7.421859449061133e-05,0.00011618351489855166,7.766702290458312e-05,5.456848670096049e-05,4.616609966704914e-05,0.9708516837396118,0.013782480040962244,0.0013260412053328272,0.013670991295431412
10571563,3.659372732631415e-05,0.04080213915573994,0.0008898986937393301,0.0008657258072322022,0.0025599976878296414,0.8553462228390226,0.0036577697626541104,0.004204204065283261,0.0916374482611726
10571600,7.781692565340832e-05,0.00023516225173970387,0.0001156594233205561,4.8242221648212876e-05,0.00018436182132878625,0.9786888086419634,0.0017904838547118374,0.001094838634773777,0.01776462622486019
10573894,0.0003684064381311286,0.0011901674902168229,0.0007268811883304051,0.0016026613245260298,0.0007934613931714988,0.8895043239028381,0.0014254257331654534,0.057682821097714776,0.04670585143190574
10574347,0.0006540057312501114,0.0004294664308802964,0.00018092266884546268,0.0006331119636288647,0.00012506017238237224,0.9640189495361549,0.00969738411696645,0.004002649038702912,0.02025845034118875
10574370,0.0004629748019193022,0.00020329995287855343,0.00019990553526902667,0.00022040954142606107,0.00015921833121849366,0.9505943124463558,0.008798985291947318,0.004708150509077714,0.034652743589907754
10574372,0.00038753153763772903,0.0004497494714911708,0.0004567119197259335,0.00013975922660453073,7.916254233694605e-05,0.8666417664643757,0.08324898709130396,0.0011908124556398085,0.04740551929088428
10574408,0.00030374005049908353,0.001186472360313386,0.0012803716221280038,0.0017688590293700687,0.0012245500669093772,0.9414959693915425,0.00016114841692332354,0.0020888920029758567,0.050489997059338404
10574430,5.960669231873769e-05,0.0002399280177991933,0.0002091723160348246,8.004671651045844e-05,8.287754772893762e-05,0.9412924213519315,0.0031362511291725937,0.0013085826534520023,0.053591113575051794
10574439,0.0014487165068284014,0.00040750858993263166,0.00032681044221329747,0.0005717960259900003,0.0001547455970823541,0.9583941030766817,0.0043205076212612355,0.0038801241511271685,0.030495687988883347
10574456,0.0001177775476924343,0.0004434066816280455,0.0002631625785146698,0.0001248642345418577,0.0002499432654163258,0.7125043112592366,0.000571588524689536,0.0010433990457937596,0.2846815468624867
10576038,0.0030854156523713308,0.001705677431135313,0.001574590994707509,0.00038206721656559763,0.0021761564999862814,0.9540836311910126,0.0012845111880682748,0.006474010544691839,0.029233939281461258
10576770,0.0001165650346811806,0.0007514059530601216,0.00044322924946840146,0.0007793777171333576,0.0001266140596074189,0.9739739353009635,0.0007228241048903915,0.002842330410641968,0.020243718169553657
10577118,4.459550221191572e-05,0.0013823381639884462,0.00026084934416753687,0.0004791196111454965,0.00023363718428428943,0.9491092311236603,0.023315331669422748,0.0044374787005830255,0.020737418700536234
10577354,0.000202157173881133,0.0007085419343199392,0.0008219987537325786,8.117290675979636e-05,9.463393474123556e-05,0.9507599418374852,0.02837898226128134,0.0032068184363579035,0.01574575276144079
10577622,1.8534544716015897e-05,0.0007254761702848823,0.0002132168799537698,0.00022736656459053028,0.00024599713759833347,0.9677587014433131,0.006415640481130098,0.001670150990054968,0.02272491578835824
10577723,4.78561229011813e-05,0.0007194398732207703,0.00023748738368349444,0.00010600222987921997,8.48736872252683e-05,0.9799518189646057,0.0070787267726043854,0.0014936652197970865,0.010280129746082757
10578130,0.00685475287584086,0.001311505981626993,0.0007574106617179298,0.0005132834183007966,0.0034604488850054045,0.910359171036146,0.003476838743848732,0.006951635675116711,0.0663149527223966
10578295,0.0002807871020323874,0.023705337920137584,0.0008318545754934809,0.0005797721676309983,0.0007449793815751799,0.7975755812979989,0.15730024374154938,0.004721302758921059,0.0142601410546611
10579132,6.711959289268066e-05,0.0014050612018148391,0.00018172052864176623,0.0003515646741902686,0.00023951008543060068,0.7694147512193836,0.20607878447440198,0.0016932105418574056,0.02056827768138681
10579372,3.2646609086787034e-05,0.003342825812818073,0.0005700272195571629,0.0007567896575639187,0.00020848262791605264,0.9043272336978738,0.0693600436410221,0.0016216639855129859,0.019780286748649133
10579452,3.9172783219519104e-05,0.006601957365628613,0.001880744598022793,0.009479267991954716,0.014892416772403773,0.9440181168030742,0.004292461554607512,0.0019592569181293646,0.01683660521295933
10579754,2.166238435302916e-05,0.000965417207442114,0.007621932257311818,0.0007282972691999116,0.006344209865891586,0.9680387346429997,0.0010745678602954779,0.002097095746888038,0.013108082765618504
10580098,0.00014022269557811864,0.0008157208825710612,0.0004925577646407247,0.00070720501550664,0.00047237071392253264,0.9390514954197218,0.026667457825889952,0.015292630086347665,0.01636033959582144
10580150,5.658661364419781e-05,0.0005998538100577202,0.0007671591868599084,0.00048077157514544576,0.0006684516151503152,0.9873329443811037,0.005368831928091721,0.00036836285066761356,0.004357038039279292
10580642,0.00017310613399721967,0.0004513708689394065,0.00016905921615542992,0.0001297884965003149,0.0002686478383626575,0.9733018410475398,0.0011572827725647992,0.0005814093896364818,0.023767494236303845
10580740,0.0024773943288419987,0.00029553182424401584,0.0006431822038508263,0.0003640130338098318,0.00023652824285089476,0.6883582810137729,0.20044539105458564,0.012312723300496885,0.09486695499754702
10580745,0.00019213759753520469,0.0005356712133384582,0.0002909545715737145,0.00012205593926784759,0.00012291818752199372,0.7931703966418254,0.1592173916767545,0.009161516419720777,0.03718695775246214
10580771,0.0013012257715480369,0.0002972206453717785,0.0002566887711058499,0.0008033439846119943,0.00022074726146044816,0.9141526936352368,0.003995847300091119,0.015258966659300835,0.063713265971273
10580995,8.954421873136319e-05,0.003934038809077462,0.000497062573464331,0.00037170759081904395,0.0002857003936235581,0.6631460836438998,0.01838187036071268,0.00698595644604907,0.30630803596362255
10581310,7.359801455802939e-05,0.004124680631652554,0.0004001138455148397,0.0012019405195056146,0.0006325813520602309,0.8182975042931362,0.05687254367804515,0.001671761126416347,0.11672527653911116
10581368,0.0016717490087059725,0.0055850103516485025,0.0041495125935186415,0.015633024476065363,0.0021116551248679368,0.8173606143713887,0.0003689418835940445,0.012670788917054884,0.1404487032731559
10582173,0.0009719567368252094,0.0009736840557266667,0.0008104607256247998,0.0001818542362511064,0.0010007462813138837,0.9557092178264763,0.0021840881969823265,0.002642582494819482,0.035525409445980115
10582418,0.03466448496194208,0.0012345049434546477,0.0033716204239216258,0.0010296122063797428,0.017225384472748795,0.8589814919788301,0.00375951759253548,0.003420582056386516,0.07631280136380103
10583009,6.409576244501125e-05,0.0007354460307415839,0.0004691840309149852,0.0004976264126606571,0.00025540105445022367,0.8356766995140896,0.1561429757000987,0.0012577112350279558,0.004900860259571302
10583434,7.88022116708828e-05,0.0121339905867244,0.0004735320285809637,0.0055212769747521595,0.0007891660485003993,0.9107226494214066,0.006606099791734038,0.009917358640755332,0.05375712429587524
10583521,5.243958309645322e-05,0.00027905210008507674,0.0001702901598843023,0.00017373391622475093,0.00013588054306412666,0.26957502168284636,0.721922992131534,0.0019923339746254114,0.005698255908639418
10584210,3.113249505691235e-05,0.0011351126895739947,0.0003171358389587969,0.00013487678695306462,9.287592500558638e-05,0.8390172947941286,0.09584413141632876,0.001971451633107899,0.061455988420886364
10584222,0.00025369318078486054,0.0005835159451564992,0.0004385211180253836,9.981325496161818e-05,0.0001490704037918448,0.9591920866745516,0.029513945575741506,0.001917418062904068,0.007851935784082702
10584314,9.390452793626725e-05,0.00027351354534552934,0.0004987959246136596,6.728905268055927e-05,5.249179778096294e-05,0.032391867768243675,0.03302572873000377,0.0111369080742685,0.9224595005791271
10584430,0.0009179614914838386,0.0013976641946127721,0.0004420680548402708,0.00035888946245688484,0.00039612299215247183,0.4366166444206968,0.5128902279834613,0.004636875688786841,0.042343545711508904
10584519,4.424198487027237e-05,0.002385352441651878,0.00021153634588125554,0.0005376112496261922,0.0005489097120989517,0.9669584202782143,0.011689098888853302,0.005363769181386464,0.012261059917417265
10584820,7.17596308952819e-05,0.0269562523662228,0.0009092877950334023,0.0005089327123105525,0.00646508442613165,0.8925905779156029,0.0037962022092693924,0.0038440709260305307,0.0648578320185035
10585136,1.0323830482333811e-05,0.005491556323510985,0.00016210679142697045,0.0011627622059843844,0.00026305350089869987,0.983059022885629,0.001319721705303648,0.0036470279384720724,0.004884424818291872
10586849,0.0002215859551395835,0.0021172801655010226,0.0009776649899585104,0.004335060313327402,0.001340621012643052,0.9674279967003454,0.012155011895739082,0.0024500343779131507,0.008974744589432778
10587734,0.0032317660321371762,0.0020718073137368934,0.001974864290356339,0.001353380950989586,0.0021000772219167975,0.8382074414523357,0.07871845136194952,0.010555564493533766,0.06178664688304435
10587840,0.00019907501923743313,0.0016349323083053352,0.0010690331009592722,0.0017636667961415673,0.00039039838563062224,0.9794748441084125,0.008624925447392863,0.0012779645637729798,0.005565160270147537
10588529,0.00020702071492150433,2.852490513995263e-05,4.857661747769793e-05,1.5358073669033985e-05,1.0933420683393604e-05,0.0013942086584690162,0.9852029263596224,0.00021653580590451195,0.01287591544411257
10588664,0.0006436364822383572,6.184021839963725e-05,0.0002218609651697517,5.276231973197877e-05,2.835272532253681e-05,0.008973542075046342,0.7581951575429946,0.0004355061036936819,0.2313873415674031
10588792,0.0002241631694355428,6.410547971043984e-05,9.589110355106492e-05,3.811940993265454e-05,2.4730854061339143e-05,0.0029411368564805753,0.28110388974926664,0.000251951355147107,0.7152560120224146
10589349,4.842881555659563e-05,0.00019114407106767507,0.0004962282263413858,5.4394343101927506e-05,2.189533042950491e-05,0.017539755349319112,0.015529379188986493,0.0007365283078883975,0.965382246367309
10589410,0.00882432871512168,0.0007170503131328676,0.010049496473493236,0.0039013911459221578,0.0008218732992462363,0.2969938077228543,0.00629009683472433,0.01958538351271046,0.6528165719827949
10589411,0.00040507485180100463,0.00011719152341900475,0.0004796470435172717,0.00010128887418051627,0.00018595547903678584,0.09117084355396157,0.0048270625840677985,0.000858118101714832,0.9018548179883012
10589472,0.0012936748173440612,0.00019915676670267534,0.0014102751418840402,0.0005849906733891429,0.0004121987369764163,0.04681898233484717,0.01616887264762376,0.0011388170920463483,0.9319730317891863
10589485,0.000215385082605026,0.00012152706620178193,0.0006064039934020348,0.00012611938150058265,0.00013569542995802786,0.01488673441459503,0.0005978489999620701,0.0007103531002022193,0.9825999325315731
10589763,1.628425668214826e-05,0.0028581290976592935,0.0002858024788466746,0.006129536230758556,0.00018767156040137216,0.9796848762675151,0.005170980095519446,0.003661558005508698,0.002005162007108626
