track_id,Clutter,Cormorants,Pigeons,Ducks,Geese,Gulls,Birds of Prey,Waders,Songbirds
6868504,0.013262397918445556,0.03187105984767966,0.1363745999303372,0.24669948301407985,0.4790929552164694,0.03263078863303088,0.0012552274564301615,0.020393977955794867,0.03841951002773237
6868536,0.017018926271430496,0.04127786009739527,0.20622328387039818,0.10937935694672556,0.4012763205500093,0.1005117386826282,0.0022569313368981775,0.03013965821504841,0.09191592402946656
6868565,0.007110768125138162,0.03171872775550225,0.08122304822332145,0.057629860275145134,0.752824165423087,0.023445499603210664,0.0012425865136449104,0.015153026899047354,0.029652317181903094
6868861,0.00031747279016600176,0.03030982451134879,0.0011457918402492644,0.010172316203716576,0.9493886158922225,0.0024536568871768166,0.0002482509925455136,0.004144538350505867,0.001819532532068809
6869275,6.519134653352083e-05,0.008486466377937357,0.00030991178886589796,0.0033030788852659167,0.9836752243321518,0.0013444862206428347,0.00012038523443170909,0.002129412295728602,0.0005658435184423583
6871418,0.004479751864325125,0.08341211187514162,0.38722742083358797,0.07948374150836947,0.06403174734871114,0.16920900152567686,0.003381504410301018,0.16993799722011593,0.03883672341377096
6872996,0.3479500831329292,0.017223391593256615,0.003736465717263034,0.0034052731167038197,0.09971982058053863,0.40913618969100357,0.05427108104575505,0.008227744712995415,0.05632995040955453
6873817,0.006446937724246453,0.018750076569965645,0.007789899508520344,0.005326842061236411,0.8874978930830222,0.04190911436865474,0.002270292437483529,0.011360234433122247,0.0186487098137485
6874023,0.0006415677917900755,0.03266928004257759,0.007274496165190097,0.010329762449681921,0.017831749306353447,0.8758969969186632,0.006433681631022604,0.026518150892994995,0.02240431480172619
6875504,0.0006104566251354112,0.016098316828357134,0.03231492840456744,0.005407829112450651,0.007200916474518752,0.35927100730025646,0.014597447441537396,0.02339672628975195,0.5411023715234248
6875899,0.0015929006624282671,0.01631767731058661,0.009180264736706925,0.0028390630487584063,0.0022012823712804597,0.7006454737467772,0.1271275504313435,0.009635147181174471,0.13046064051094422
6877293,0.008340286836855062,0.008986949202049467,0.01101081133840707,0.009796402325882138,0.003262599043511051,0.019748276138962923,0.012353107420932811,0.02376324927206052,0.9027383184213389
6880408,0.0020794774240037164,0.015955599113714677,0.008619373574489862,0.007790587219910181,0.004021332819263459,0.7232116634130596,0.03472219724047982,0.02169141200425439,0.18190835719082427
6880690,0.001089640808299598,0.008257646951924586,0.046380647307346916,0.01027630732448417,0.005708614278012142,0.400837375249078,0.01351614533491534,0.020773399204428444,0.49316022354151096
6880833,0.0014046647908158778,0.001773415710708839,0.009950392076121289,0.0009934685973876822,0.0006333997749858401,0.02521586945474474,0.5807346989059362,0.004479142261080342,0.37481494842821905
6880956,0.00031293478706282616,0.02287268220048644,0.00328975104282877,0.0031277065848449295,0.005446838365357547,0.9153908409670793,0.009955340111464471,0.010365993041970249,0.029237912898905403
6881733,0.0005589955374129616,0.0011376977059068603,0.0008760132402659687,0.0002994530841897391,0.0003673966122616826,0.012580932258688485,0.9674160930487948,0.0011505246363132503,0.015612893876166042
6885154,0.023250705369660018,0.017453402016816364,0.00907396123507307,0.006075818129458838,0.008168761039714471,0.7328802563757368,0.05205728284336816,0.01942644377324807,0.13161336921692426
6887294,0.003978641220057825,0.003416514977917767,0.018635511913416874,0.0021074942000241475,0.002882615215491863,0.2778504096234648,0.010671302078420061,0.011849481804636356,0.6686080289665702
6887586,0.013548917965234967,0.002674387020668647,0.019007194279704768,0.00719126839379311,0.002793811608239726,0.0628806752563579,0.00756708307864854,0.014490209308829377,0.8698464530885229
6887600,0.0032186068740401785,0.0011421547433920454,0.013312395235624644,0.005388453307669313,0.0010419101093980913,0.01348792238747303,0.0037943257558105702,0.010971740504751817,0.9476424910818402
6887637,0.008929274845059735,0.04697466509189854,0.026306608728207052,0.014718356293264847,0.027737090364416832,0.10421828321334664,0.0150309596109543,0.016654930156151108,0.739429831696701
6887702,0.01817354117287106,0.002174535895197136,0.03224441464908769,0.0018750253336414166,0.0009386032211345821,0.041847134145705414,0.05859559136659024,0.013558715010616281,0.8305924392051562
6888243,0.0028102213446047014,0.04410745951512032,0.015550756831091398,0.006209143513364822,0.027780377296528963,0.15139081632138662,0.02047249937243989,0.019237201291131,0.7124415245143323
6888737,0.0012020279175587582,0.0066009944601973704,0.0569142534123625,0.016643834919653152,0.006916674748053529,0.039910288248274785,0.0054326178568850966,0.014340093424804166,0.8520392150122108
6889024,0.009830524237612291,0.0011365511634155835,0.03577881095544656,0.001985368701296076,0.0006757937777950904,0.01496360724124489,0.29194226854708355,0.011549942718267382,0.6321371326578388
6890285,0.003946625061466932,0.03191079202308017,0.008184047826031361,0.0018800118638416402,0.0017827238038320029,0.2076290053954119,0.6755775209924688,0.006866321563887764,0.06222295146997941
6890416,0.0034559830554113497,0.01317773165694966,0.052744458790742146,0.005500882700875748,0.0028844207705592284,0.16630024689234196,0.05260297039426744,0.05256431885084887,0.6507689868880037
6890579,0.0025267302133459672,0.002112796858558789,0.09950839379658896,0.001892996398120285,0.0006509741626200462,0.011833079845665466,0.10021782816939495,0.010347907362715653,0.7709092931929898
6890917,0.0017103508946208963,0.0022090923814743675,0.0253119702167967,0.0018891758105259917,0.0008067569482857499,0.035721113788093596,0.5143098380891373,0.008940190585629072,0.4091015112854363
6891091,0.0024925110205273474,0.0019242518863350632,0.08931575699265747,0.024601724359518816,0.00235461295713789,0.009400719192755393,0.002387951954941617,0.014123041260365166,0.8533994303757613
6891208,0.0007364675766630422,0.0009314397954392556,0.01615176409168632,0.0005633581397746769,0.00032585465985178653,0.013018184183914526,0.031634432731897186,0.0038295235656730696,0.9328089752551001
6891245,0.0010242158849610092,0.0024827432443943094,0.013423932573449707,0.0007777044889695348,0.0008102317839822489,0.06344464444036746,0.3424234555446607,0.0035915024981907563,0.5720215695410242
6891309,0.00045780969236693727,0.0027307432402493767,0.005506504058673658,0.0007746564980549136,0.0006829907960828765,0.02350359946128112,0.04318086993248537,0.004221734816492874,0.9189410915043129
6891366,0.0020236216404470307,0.0007003073862817659,0.002662650663008615,0.0005434686723135038,0.00040069048569092453,0.008255437160665709,0.05456580857212505,0.0020567360842754547,0.9287912793351919
6891473,0.0030262033320032997,0.002383938937695139,0.03675736446984241,0.0038511065323787496,0.002334294610735411,0.0375962718472469,0.0071792075612582265,0.012102714730192626,0.8947688979786471
6891484,0.0006282365029938307,0.0006249046962920757,0.004176968196639584,0.0005628229079544308,0.0002699978395818999,0.007115599147950676,0.01016667299565835,0.0038922323735456972,0.9725625653393833
6891531,0.0023288889880326833,0.006931705483701836,0.037283256885124925,0.002499534321333581,0.0012054334971212629,0.06332218499366604,0.29757702638648226,0.008422438432896725,0.5804295310116409
6891557,0.001903027976890746,0.0028798713228162776,0.11246025321759577,0.00241546611762818,0.0008185530557314695,0.01162543802767303,0.007961228221092036,0.018918091606722302,0.8410180704538501
6891579,0.0008547290241546048,0.002192100711493458,0.06254910972086238,0.0016249786725916612,0.0008958455892864951,0.021594086728253657,0.11550381161443343,0.0072477664246629065,0.7875375715142614
6891867,0.00499890569274621,0.0014690844129279447,0.017087841642048105,0.0011819024765601159,0.0005437085764222558,0.011319931095398276,0.9116703610914547,0.004824241387191891,0.04690402362525036
6891888,0.002117622906751875,0.0013286806051917488,0.014404133728543983,0.0018436266080007087,0.0007272304367457637,0.008806547619459813,0.01672309641024533,0.022668800558535127,0.9313802611265257
6892297,0.007517625329662791,0.0010383617042825507,0.006082650926207158,0.0007511220019771034,0.0006410049789345439,0.01565241356449736,0.38795457978275677,0.004358539249791343,0.5760037024618904
6892562,0.001030885422146111,0.0019314661167159875,0.006027790328565382,0.0010252798013356042,0.0006049649394803641,0.013556607301687094,0.8311108894804685,0.00508387685802533,0.1396282397515757
6892587,0.003762671353038187,0.002920085613916731,0.01975620801399595,0.0017455970898986864,0.0011293789795416205,0.08621705776413705,0.2879044924084935,0.024041927969051358,0.5725225808079271
6894293,0.0032305601371910016,0.4937188534398715,0.029856487290852142,0.0403148126207794,0.041898161595081765,0.28092119696287055,0.0036148449678581043,0.06403483022475612,0.042410252760739585
6895609,0.000721869103605319,0.006004509363225715,0.16032740213221355,0.015727779555143328,0.002212946084415357,0.0164851895203567,0.004198696808392793,0.09296636790768519,0.7013552395249621
6895723,0.002897008878550075,0.0013469440657027142,0.0078626577366573,0.0007535830734201177,0.0008464666592019344,0.8595284223856446,0.08082099880076059,0.005608081540318641,0.040335836859743984
6895905,0.001455547577807848,0.0021379688646648155,0.02288128375063822,0.0007841716549039148,0.0013747049665594185,0.5903499075073639,0.16122978339544122,0.007634908132657364,0.21215172414996333
6895906,0.0028595185254640236,0.0019653772690299428,0.1012083233525323,0.001170698876517814,0.0011867775419250354,0.6368359257103576,0.13751599918905447,0.010201486829022213,0.10705589270609649
6895927,0.005600390273996896,0.003191083363025234,0.03240223988151289,0.002079455322668482,0.0026183361877267722,0.7928393882577126,0.07431821318713605,0.011619218571137124,0.07533167495508403
6895938,0.0016090257266483596,0.0020083368776657486,0.02464086659052473,0.0006487661505045589,0.0016748963021886482,0.5251715819655615,0.32704049717230455,0.00950159589079782,0.10770443332380415
6895939,0.00220828320759286,0.0016961526343737409,0.016811994957090737,0.0006877545802948145,0.0013691343816237267,0.689685953958658,0.048697044736333094,0.011415118926710962,0.22742856261732217
6895948,0.0011016312173876455,0.0017448279317919821,0.010529854830132796,0.0006363324128871529,0.001517207132731423,0.7153453341912571,0.06678546841025548,0.007939980240714475,0.19439936363284196
6895973,0.0034574115434249987,0.0018113365233375265,0.08853621037806969,0.001239562221893506,0.0012684461090266834,0.4223620437232693,0.17936743442063652,0.014087583319057401,0.28786997176128437
6895974,0.0015130347944839078,0.0015045795116392755,0.018308442319645287,0.0005981768836536722,0.0007548911640373315,0.5765009148714239,0.2344459315866031,0.006954847107558786,0.1594191817609546
6896754,0.0008837591546031466,0.0018979312026979084,0.010427000180593574,0.0009975234947756544,0.0005414137973684389,0.08514345950495117,0.09263339351554184,0.005119524893705802,0.8023559942557624
6897915,0.0013755317607813495,0.0435938997898891,0.15828228374083977,0.031698105196850145,0.029132804768672402,0.14228387000030054,0.01428796766889602,0.28132786151926614,0.2980176755545045
6897964,0.024793396679420814,0.011667841083373933,0.07595085878073402,0.016289302476702034,0.047786197630778376,0.0637163639163205,0.010434597153113175,0.028682812366507084,0.7206786299130501
6899282,0.0008786593795260752,0.0017804929683137554,0.002250886550321531,0.0009385003437890459,0.0005626299371435732,0.05140705661744508,0.4288767161491032,0.003997031249181779,0.509308026805176
6899294,0.0034246018731297024,0.0011317929608921048,0.0064044552972544674,0.0012193897187322668,0.0005539541485060072,0.008701061169060808,0.8842755169119231,0.010606378754887562,0.08368284916561404
6899376,0.000990870327685767,0.0055212296439757615,0.027265065687326187,0.0020827182594696917,0.0008240314226765658,0.01408489446732778,0.10897515263039888,0.01615816721194296,0.8240978703491963
6899506,0.002059231614783745,0.0015019463847001722,0.0025201526093251996,0.0008091073990642764,0.0005712909257314047,0.17010460611004766,0.7324664117461562,0.00783665870474554,0.08213059450544587
6899530,0.004921946917292518,0.0015962460682516055,0.007338438990499682,0.007567391807206858,0.0015678741048558412,0.03407014574380678,0.005393861383966789,0.01986171658436082,0.917682378399759
6899560,0.0034717540731212955,0.0019723127361371755,0.008831573779628196,0.004012005421643496,0.0014239766364724305,0.14528422083752246,0.09412476401701725,0.02935285318630284,0.7115265393121548
6899670,0.0014334669237709241,0.0008140929953433479,0.0012744229151533124,0.0006248684505440131,0.0007818192640497243,0.036659116437567994,0.018177037997904485,0.007425073892614914,0.9328101011230513
6899695,0.001022484191736328,0.0011644221382951568,0.0024313721594072975,0.0013289475972062747,0.0008740748973604719,0.046786220598334406,0.00985286863761259,0.005374503123783695,0.9311651066562638
6899730,0.0017801957011589153,0.0020415808824850758,0.00364812320768317,0.0010727120834917688,0.0010545566994562188,0.0696782868770351,0.44391843572611356,0.013863058501123458,0.46294305032145283
6899754,0.004634979167590011,0.001802037491322788,0.032768946394884244,0.026062758994608224,0.002791932018912244,0.045821554087858006,0.006360989778842061,0.03600614036785799,0.8437506616981243
6901206,0.0012020486259577445,0.0067575899265772555,0.030848461675726465,0.0034194886971522296,0.0014339007482340783,0.16424685480080084,0.3252258829886252,0.024642953843551054,0.4422228186933752
6902131,0.0003569417026759537,0.002555209070602081,0.002153710170437766,0.0008369450962096868,0.0017439562578851467,0.7822449821722958,0.184512273477292,0.011205901828435757,0.01439008022416586
6902271,0.0029931858954393336,0.005426301462284979,0.019506163973950972,0.007484059855539288,0.00953278164038135,0.09711800711353974,0.0045223449867296825,0.02341000680769363,0.830007148264441
6904326,0.0017702215374993324,0.0003412080768240681,0.0010741632546309788,0.0006677342589917812,0.0002720539910035395,0.005646802334085673,0.013580429685853017,0.004621224522715479,0.9720261623383961
6908023,0.0005951454770285446,0.014823612121069411,0.00795637078241185,0.08939840713611592,0.024899629761069086,0.8131942650279362,0.004369844906507655,0.036665867844655635,0.0080968569432057
6908625,0.0008994319099386571,0.0020154244745006914,0.008685617854210284,0.0007598218228736134,0.0004859797781841818,0.15303848869981482,0.4605247584352836,0.005795894004006447,0.3677945830211877
6909657,0.001032173331335756,0.0007789110708535809,0.003118044319686194,0.0007295916331867992,0.00027232817210527937,0.00881898944041323,0.08378673536796548,0.00448667445377082,0.8969765522106828
6909786,0.00292143062477892,0.000655565387791674,0.00263760912364681,0.0010933644943292191,0.0004723228882752064,0.010791209972173603,0.027211980783562278,0.01215439350607747,0.9420621232193648
6909952,0.0014159624522865385,0.0005629230063357933,0.002859280120337294,0.0006664221442753789,0.00026141933069140746,0.006841388292563535,0.26761199450491174,0.00468477807966392,0.7150958320689343
6910003,0.001946892667931703,0.0003961586785752053,0.0018887575449505422,0.0005359669608304071,0.00022871318529409798,0.004981434321597188,0.04385675936100059,0.0034819393159525916,0.9426833779638676
6910407,0.00039466969534401354,0.004436025738789683,0.0010810099309658226,0.0017379043228741842,0.0030117812723881995,0.9668727714143734,0.00449142191399579,0.011360685055278286,0.0066137306559906055
6910422,0.006519543101064945,0.0016964316411021286,0.008161286728614594,0.0024215145675698163,0.0006559672987069419,0.03486137026104714,0.47589450550169154,0.02853408002776615,0.4412553008724366
6910425,0.002661435201054911,0.000366820406741628,0.001319668894522426,0.0007495401910708702,0.00023937783681455516,0.006144678151683319,0.050090843801942835,0.004026983429044605,0.9344006520871249
6910560,0.002971673330743453,0.002148368048275021,0.014826685662157287,0.01502399954348865,0.0011711235346118078,0.01624780638366454,0.0061944838562771306,0.12816557666335787,0.8132502829774243
6910590,0.0037004636048945114,0.0005217398580727768,0.0021196589422857004,0.0008551078018275578,0.00027288276060034454,0.008136854400130502,0.09079765831079525,0.004591494263103007,0.8890041400582904
6912744,0.00022726943224362723,0.004182313884048371,0.000735178834396325,0.0015178146245558165,0.0026012267878841922,0.9678358049175773,0.005359382740200891,0.011941320835201585,0.0055996879438920425
6919118,0.0013813779167731696,0.00468719941926091,0.006977653121170723,0.0020611870133680076,0.0007975440345822285,0.49034509303131485,0.14950858419427174,0.0076819123043149395,0.33655944896494355
6920152,0.0013892517333241347,0.004618590510204817,0.026838064094713128,0.0023567001650519922,0.0009322001221824589,0.5415145462543915,0.26612583992861844,0.013365098069836922,0.14285970912167673
6925791,0.00044865456050835283,0.004270604981180542,0.0026766981537776177,0.0017254397659964174,0.001083236739873082,0.8997312922027124,0.0560273839492697,0.00994516495154849,0.02409152469513344
6926246,0.0024827686997980097,0.0015352641983659532,0.0014668327034018144,0.0004677321742652934,0.00041925621990306354,0.494130338228259,0.48336111394234554,0.002963355027260958,0.013173338806400411
6928841,0.0045735126705342246,0.01725823980210884,0.03649607075499555,0.28626613664804024,0.03231404687528687,0.06746752554592789,0.0037199984120330092,0.524652830591092,0.027251638699981495
6928933,0.0020781494019392064,0.007182008269342714,0.002324614011707609,0.0007121319901850767,0.0014347898052844293,0.8493318142913026,0.11863953335199935,0.00488482779543952,0.013412131082799527
6937241,0.0040364366041507746,0.0008677556867969671,0.010358119314293,0.002058172945295961,0.000377589355173428,0.009007447750286939,0.006156602835550664,0.030378732573236318,0.936759142935216
6938426,0.00023220948546989018,0.001066905680934484,0.000690248643690576,0.0003962395763160194,0.00041132217093005005,0.9664714930586308,0.02390321113361874,0.0021753538073879283,0.0046530164430214314
6938530,0.0004235497773798827,0.001711082909712777,0.0009183005024380642,0.0005362508081700342,0.0004475363438682216,0.9338651589375778,0.05284253748131688,0.004158373819682822,0.005097209419853541
6938682,0.0004093084447997807,0.0005713876375089825,0.0013997199958911144,0.00027840485427957996,0.0001799597334233061,0.04159939912380022,0.8239845489033183,0.0023721143401057377,0.129205156966873
6939166,0.00019421980114605087,0.0010958945087066678,0.0004890569214909523,0.00040088012892319373,0.00044070690976092715,0.9545065769967652,0.03555541143537536,0.0025733415040229356,0.004743911793808761
6939222,0.0008265405996626138,0.0005377238031485514,0.0015861786612333488,0.0002523750096449091,0.00024896630622087536,0.033734448287620004,0.9520263040565146,0.0030903826373151412,0.00769708063864012
6944591,0.0031254790816167433,0.0012895467776739833,0.005093756050338627,0.00031017544002061857,0.00026647680504835434,0.09914133623370726,0.8764295155828894,0.003263256673022849,0.011080457355682145
6947293,0.00042790481527624696,0.0031018489222307388,0.008368402153653252,0.0009950441878900113,0.0011766435126962654,0.9387669240404259,0.017392578963250242,0.011528934577682962,0.018241718826894304
6952804,0.002820551152752734,0.004535592187638775,0.3471246906656669,0.002895428688902293,0.0026593978402721305,0.33716127171238225,0.0321233035048551,0.04407266527406836,0.22660709897346148
6975207,0.0004280933255995694,0.0029526989768028995,0.004981043407569965,0.0005930020934678602,0.0005010403470735046,0.9717896577590557,0.005366477521445786,0.007365184973699057,0.006022801595285564
6975472,0.00024834972251623085,0.0015621187698640169,0.001496261029015243,0.0003009773315630426,0.00041624700773004573,0.9694842451630857,0.015910802141945773,0.005145164070995035,0.005435834763284971
6975490,0.0003357725604923792,0.001572279571356798,0.0008733801770619285,0.0003040361338828478,0.0003234702436162272,0.9787988189587137,0.0035875860380434233,0.007600710740488352,0.006603945576344403
6976427,0.00021544747267760012,0.0016078103161312838,0.0006853614954763452,0.000226623418351524,0.0003004150776824074,0.9769863180019313,0.004765473073316034,0.0067092092642533924,0.008503341880180168
10551287,0.0024977812181925037,0.00948511664256646,0.002922440389410781,0.0040727490565889155,0.0057364595412703065,0.9053922396957859,0.028402245892529095,0.006350890412529049,0.03514007715112698
10554874,0.7830125075195735,0.0109364931344812,0.0034556487276248583,0.007046202003019007,0.013223116923987255,0.09027542128915578,0.031772244491514154,0.0061192637869892045,0.054159102123655066
10555071,0.0011173711821563551,0.0036467709397757994,0.003330936741713071,0.0028777957288771134,0.0012421543691810667,0.7286208528554465,0.07844436066253503,0.004944994282712796,0.17577476323760235
10555459,0.0018771927436186707,0.02839956207023359,0.04052200895784303,0.013508174541426764,0.006837234889172673,0.2258123743882302,0.016396730404837283,0.3050279628701084,0.3616187591345294
10555968,0.07458755480164549,0.04879465482346094,0.01001268349220164,0.3403500689881114,0.15213756145657772,0.12428764846018905,0.003774375372085562,0.042979516950816074,0.20307593565491222
10556692,0.008299648968877279,0.01710100251164749,0.007672478406600163,0.006329431545543178,0.0026079227004478646,0.2638598808854458,0.02385515473069079,0.027902038940882924,0.6423724413098646
10557065,0.00026477795191226326,0.011315410602761089,0.0005321001522113132,0.0018120359146080384,0.004304414771814043,0.9499984466786817,0.013048476388433466,0.0037552793419789094,0.014969058197599019
10557235,0.0015703146855016756,0.02566366904104077,0.010228840359247447,0.05196402686336006,0.014815580995282494,0.7738784345830048,0.013976919582648044,0.04151438856593251,0.0663878253239823
10557310,0.007795354396626636,0.11809854090104233,0.006647709716203262,0.013097667902343135,0.09168477458480058,0.3389408574187982,0.003684742475999236,0.01684413375164758,0.40320621885253904
10557603,0.0011781323956891465,0.0265673636065258,0.0020398035034034493,0.004249204506847898,0.0020550573410820453,0.8475309027294576,0.01251323306693101,0.00678369670972859,0.09708260614033457
10557649,0.0007507860289495201,0.02195219460231416,0.006653933296355869,0.004797325156597109,0.018676007600087623,0.8800356987480074,0.007621229378388103,0.01640113228035356,0.04311169290894654
10559369,0.00217353774503061,0.010564397863653107,0.0019183354024366384,0.0015242002980858445,0.0031668934985243165,0.896971064875987,0.04718783928117186,0.0029870118181259337,0.03350671921698485
10559516,0.0004901993987714054,0.011173493568704694,0.0009122264204571057,0.0007802295867178445,0.0019977858969397,0.8087642584231518,0.049049843998421556,0.004079950453440752,0.12275201225339523
10559765,0.0008634816066602223,0.09674435343201723,0.0021839887941487676,0.0038488806363608822,0.004519462333751031,0.7160422806789303,0.05176485130510496,0.034376414983366334,0.08965628622966033
10559904,0.00498007329995609,0.031338396809348155,0.00350827981245486,0.006337316405147371,0.005592121042914701,0.6166537525320265,0.19126134052217347,0.016633963683204675,0.12369475589277419
10561136,0.002805087010400481,0.00906963660514636,0.0015319619906775685,0.0027342813205718103,0.0038172850971164543,0.9156979702302823,0.014643981798409898,0.004195393546852858,0.04550440240054221
10561583,0.008554884243375093,0.008084086178474146,0.0050045467765524095,0.0025203202305841364,0.002917896984245622,0.8048093703118097,0.033256783200143254,0.012207175783125494,0.12264493629169029
10561870,0.0007567272729197605,0.005551439657457514,0.0008016418809446652,0.0007172356874096672,0.0024077627199582657,0.8454188857786349,0.12509948142610175,0.0019738663221273564,0.01727295925444617
10562711,0.005118413938129744,0.26328663238311467,0.015385455931964104,0.0736062545764168,0.13846896152903837,0.2469671130291,0.004178219356727145,0.02311724354933565,0.2298717057061736
10566953,0.0008742737045964399,0.03388673267267548,0.0013560124954300915,0.001837788625640609,0.0017509758359922133,0.5953037141026583,0.3235423105372492,0.012793276106892537,0.0286549159188652
10567563,0.07311446970452334,0.018879689211751226,0.00297995551940206,0.0032474490350587297,0.007283118449955374,0.6563006066526882,0.057186692791470956,0.010216138269218399,0.17079188036593188
10568512,0.0033471741927918394,0.0029433496894525615,0.0023580212584471604,0.004360717379488921,0.0009219017389885745,0.3250790501794414,0.6106469204167615,0.0038945660601888486,0.04644829908443929
10569249,0.0014400958305823398,0.0024534788730141595,0.0015978874432319222,0.0015490295475755072,0.0023036338457891876,0.7521391054565019,0.12093471315878593,0.005954179983102727,0.11162787586141643
10569900,0.004075509008335413,0.12655334287585263,0.008751535321409874,0.11236270491160037,0.5540008987109396,0.03999202943744993,0.028256619657419574,0.030597930377869967,0.09540942969912265
10569996,0.002432866500430016,0.0037937586040105724,0.0035594367004755725,0.009443105869203466,0.0014496893195744714,0.5599747455011612,0.36402307001263057,0.007333065605662664,0.04799026188685137
10570047,0.001213644621025064,0.013856848399216866,0.001860764823664325,0.0028225112456896854,0.004383682740340479,0.8824619889811419,0.05703395271043576,0.009741637244902306,0.026624969233583456
10570186,0.004335252763211411,0.00664912683144606,0.0024485213919908312,0.0073166069585172576,0.004625607026727668,0.6201629065795932,0.24837917038298696,0.010385902599158602,0.09569690546636801
10570190,0.000852622629670346,0.005808802442070386,0.0013155463662752284,0.004770411896398636,0.002579549560863909,0.6121572004993071,0.35011180463955294,0.0045687367643007445,0.01783532520156082
10570281,0.0014546249197728098,0.0060312701216374606,0.0031246328104408173,0.004585108388020202,0.002015885415786138,0.7227208936611861,0.2061037465779948,0.008739685471010894,0.04522415263415082
10570444,0.6409769401976662,0.005630808904976873,0.003456455967993438,0.02619737899918663,0.00740144819078885,0.20687599009946425,0.029838140783093117,0.02063883712663861,0.058983999730192166
10570516,0.006542302247254171,0.0071404625455403405,0.002548233017465403,0.005544807676556416,0.003366575111941716,0.6872243512989319,0.1761124531351817,0.00968458829382125,0.10183622667330722
10570563,0.008875881457977975,0.002168588267012979,0.002032474618624542,0.002061135435674768,0.0012814421698771085,0.21754307844124599,0.6569688377164027,0.0095856881293342,0.09948287376384973
10570908,0.022431242358549822,0.003908561530627614,0.002429278891282512,0.009450509466674886,0.004227027133036491,0.3551848457124041,0.4966337826926622,0.010445581553266723,0.0952891706614957
10570962,0.004565540910662883,0.04568347433548014,0.019370854420855788,0.008521856831070028,0.011103399504083799,0.12494787641172736,0.03602291921238794,0.5157796097689084,0.2340044686048237
10571126,0.02386039398150163,0.002791023302780547,0.004989540607326611,0.0035411938921006453,0.0017144456030136438,0.5485382308599469,0.10572707430021229,0.018360735950826115,0.2904773615022918
10571129,0.16250814650697634,0.008028254165358037,0.0050881837075071904,0.015957833847505442,0.006883946249535108,0.6746248193540835,0.019443818311112266,0.029893296325335203,0.07757170153258691
10571130,0.059644392651434494,0.013543243895345202,0.006989905718476308,0.03196784441234502,0.009873854807774977,0.29203671326178454,0.006162006712113882,0.02459509323828829,0.5551869453024372
10571150,0.007198437650201943,0.007882541116269662,0.0026454839213223653,0.0033632721339909777,0.003102985533971227,0.760656870882843,0.15804826930212695,0.008992398460374964,0.04810974099889898
10571157,0.027069965372730615,0.0028644644363144366,0.0071683203039806746,0.003902336715515448,0.0015270137712991294,0.12322207685131088,0.7253333084030928,0.01983076729328054,0.08908174685247539
10571249,0.00333352683754932,0.004601996925964269,0.0017237505822980065,0.001988885392200195,0.002133747575988298,0.7078466811339555,0.16170235365310157,0.006207241635347222,0.11046181626359565
10571563,0.003093666058035604,0.17770763122610914,0.008592344017287853,0.009034063363406852,0.040791583789273736,0.5237001972361266,0.0658394867355464,0.03264145489454334,0.13859957267967055
10571600,0.005115921071549671,0.004890178007499889,0.001588197259082908,0.00258354764334165,0.003631139892116431,0.8109224769204492,0.08665900386372462,0.005512358995809807,0.07909717634642598
10573894,0.011824990695275107,0.009211093668983004,0.005628418993721852,0.029385610113317202,0.009397773885984154,0.7406257042608326,0.02063660540008435,0.07456917910235454,0.09872062387944719
10574347,0.008189270502897548,0.0042242594648052734,0.0019659706413813556,0.004496212704745523,0.0019029306534268436,0.8806501663861314,0.04901705555691884,0.005329939437705142,0.04422419465198809
10574370,0.012916054186677073,0.0033171265777581253,0.001965058225630934,0.00551962167089412,0.0018106566184836542,0.8294554953735288,0.033660545695998356,0.00857043030781731,0.10278501134321151
10574372,0.005260178180316559,0.0039776784501924,0.003037826526658395,0.0014142162760160766,0.0010496043420074605,0.4401720555232191,0.501183074870646,0.003330104072610103,0.04057526175833397
10574408,0.026833839578991627,0.013568718961057732,0.003351833438777799,0.026077410681778452,0.014941818015630527,0.7887093911217005,0.005774023567916826,0.015862997870450018,0.10487996676369639
10574430,0.003752224206550779,0.0035297781137289706,0.0016856957018501343,0.0028855966629118264,0.0023357600840013784,0.8054440802061168,0.08090593222898282,0.007370275429403125,0.09209065736645417
10574439,0.03680107085289381,0.004215594275589794,0.002109814464217331,0.00499568378396002,0.0028359509352441515,0.8495313047541722,0.021465599322553774,0.0085425860477041,0.06950239556366489
10574456,0.059292064005449105,0.007538148568797744,0.0017711518437953148,0.0036296812461087493,0.0035413706668831983,0.42966069118090766,0.038388856034046695,0.006756048618017819,0.44942198783599363
10576038,0.10524753159316716,0.008625571241114526,0.004139645432537767,0.006876053928554965,0.008757888274358937,0.7427045414775238,0.06521547384578127,0.016183821138768067,0.042249473068193384
10576770,0.0061588185278112755,0.006913240867271659,0.0024421992933586667,0.020592235984436467,0.0027263615582328636,0.8188251224135907,0.017165436540287748,0.014696800104675826,0.11047978471033486
10577118,0.0010053576647340104,0.03623526612162922,0.002115578304505519,0.003710928869916737,0.0036781622548797887,0.7168207670560699,0.06472378017466597,0.01510371812579865,0.15660644142780022
10577354,0.0033297247120642297,0.0031176328482977085,0.0031192979467812637,0.0008917865181237695,0.0010192646196980077,0.40888037690949425,0.5399257927209351,0.004664528525747204,0.03505159519885832
10577622,0.0006910224716976993,0.011325363906722017,0.002656644243862478,0.0029486556322662503,0.0020653971587258346,0.8508714393992973,0.04650420575144333,0.012839368656294195,0.0700979027796908
10577723,0.0011626741734855669,0.002399329993623189,0.0009017011560242614,0.0011783053319773867,0.0010800475226759249,0.9057750156051453,0.06307226288808124,0.002994640428602955,0.021436022900384155
10578130,0.07895910570101489,0.017357888603582637,0.006348911700095536,0.031410616812469754,0.010914030030479813,0.580116067614945,0.11556249326963587,0.021989801696034064,0.13734108457174243
10578295,0.0021681242649408345,0.0034514748771825223,0.0021533768348072206,0.0038362064858382078,0.0017237446548486032,0.39765301274279485,0.5171668988457379,0.007856613137561128,0.06399054815628882
10579132,0.0004675461319389258,0.0010928491696172303,0.0009120352697285887,0.0009243526398647468,0.00045830287254916536,0.3826955927894185,0.592677141229841,0.0021188444607461057,0.018653335436295822
10579372,0.0011362927739461785,0.003269332918564661,0.0027303030460702317,0.0014829499244495246,0.001704543690304065,0.6967394551579135,0.24445020774621964,0.004982888611844756,0.043504026130687636
10579452,0.0019120658355823428,0.03344189297106419,0.007871104375788732,0.02923486498820427,0.09852817533899186,0.6970487586983268,0.03405014370456346,0.026198580102792652,0.07171441398468566
10579754,0.0011206454813896649,0.008647821777297914,0.009303108101367199,0.009813762069602954,0.05621749338886146,0.7759335167339557,0.027672543905848886,0.059237939974790065,0.0520531685668861
10580098,0.0035450956404976964,0.03472762512453972,0.006284286613639587,0.0032440016276701874,0.006291016647993782,0.5337315324454907,0.31275764414715096,0.04937431148006382,0.05004448627295348
10580150,0.0019689578412203797,0.006067117334460187,0.002684465423024655,0.0028477596096622613,0.009227810936084536,0.8722700142927476,0.07487255585090244,0.006587810088571343,0.023473508623326644
10580642,0.0037015726577769225,0.004430880905986313,0.001266112182440028,0.0023204758859480994,0.0021234153362022987,0.8343497073839357,0.025970805442715267,0.005002875809476211,0.12083415439551921
10580740,0.003810359909725739,0.0022858567075534518,0.001930302656410566,0.0020569697840564626,0.0015330755002172702,0.614566618976802,0.3105819026144037,0.007306045246616325,0.055928868604214484
10580745,0.002220519225372602,0.0029161482966442737,0.002431166974285419,0.0022249240815658358,0.0011981485567667603,0.36303269592786536,0.540284871412054,0.01756037878470249,0.06813114674074341
10580771,0.02974493014815481,0.005453027131387051,0.0030420082537995774,0.008637667986659367,0.0037896805242173892,0.6941430198408329,0.05581067805132131,0.025644889131850958,0.17373409893177666
10580995,0.0036497226776660806,0.029399429642672923,0.0034587208206053642,0.00710262558812959,0.0019408526263473907,0.403427738838175,0.08525302761992531,0.02829200746752928,0.437475874718949
10581310,0.0016070152051276313,0.005867553532215588,0.0019297306892939862,0.0029232074320626137,0.0026259477882077478,0.5973318941943013,0.31552731277002394,0.005658579418142644,0.06652875897062446
10581368,0.016697872867315878,0.014896985918172649,0.007471271123475569,0.18214721928765018,0.02984810228746313,0.4985592271453215,0.0047943344861510325,0.07572800719503804,0.16985697968941205
10582173,0.007840662397036837,0.003978550183042268,0.002506656724929962,0.004484238427084578,0.007274283964426434,0.8948716574488632,0.03320853298905001,0.007876374274918316,0.03795904359064847
10582418,0.5247184769854083,0.0047286058391874525,0.0040592555355272245,0.009432105966768727,0.014893959654644795,0.3520931603683343,0.02320212036349437,0.008690338649593173,0.05818197663704174
10583009,0.0013010050965005441,0.0033880359233602404,0.0025427090595418196,0.0012066735306956735,0.0030806812218651504,0.5633353817104604,0.4032034166455694,0.0031757619794835147,0.018766334832523355
10583434,0.0014941632081029036,0.054373940617144435,0.004622298093733745,0.06442540698460253,0.00739339557957042,0.7223231724792492,0.024927668129124458,0.023771319349714003,0.09666863555875833
10583521,0.0006326225390544599,0.001520066665470052,0.001091474254692964,0.0012670956675231303,0.000973750945322,0.17286388753989707,0.7944816955099067,0.0027242494766877884,0.024445157401445903
10584210,0.0008103664109642797,0.0034751720494656645,0.0015809875018620526,0.000901453813990863,0.0006308475106750084,0.42495618971779964,0.4944415935537297,0.004410025127641763,0.068793364313871
10584222,0.002087372600636988,0.003137171480687031,0.0020512531056071743,0.0018279874209330626,0.0013379824091374983,0.767735062133797,0.18478294160901998,0.005635026721097732,0.03140520251908331
10584314,0.01369555720889377,0.0028234855231692823,0.005345741818157307,0.0021429779717641374,0.0009531967807694813,0.0954594184135978,0.1658050048437072,0.03272646003533192,0.6810481574046092
10584430,0.003162762097951014,0.0015661882138728854,0.0009665286756615439,0.0014772743323945702,0.0008674623788842151,0.4029062827148375,0.5328428697748161,0.003614516678376629,0.05259611513320571
10584519,0.0031961075496516876,0.03763931208147061,0.007188064820072472,0.004372444010936086,0.005998127965736416,0.6573115168340745,0.22500999938155514,0.023112829677092606,0.03617159767941054
10584820,0.003232838958757084,0.057237569489608134,0.003850140122071735,0.004334848448743393,0.05655667725971273,0.7052228568420335,0.08240226426465534,0.025709769538490718,0.06145303507592746
10585136,0.0015388375234748428,0.1500203765436,0.007257477862859643,0.09336366116321398,0.011474998837362705,0.5705636478749401,0.05560092935560659,0.07775596251635652,0.03242410832258575
10586849,0.002790500317253694,0.006417253758123468,0.0033865598427377007,0.00797833554885877,0.006269795613175974,0.816089317938718,0.1307896834940398,0.00783794879071667,0.018440604696375804
10587734,0.021131554090443417,0.0089065931640134,0.0038735221192595006,0.0021345997525058866,0.0037275926584243945,0.319029432206198,0.5449079414770833,0.010203659462840856,0.08608510506923132
10587840,0.003725933276559077,0.012916413504510928,0.004555864789834763,0.00652589898407489,0.003267400732505599,0.809768300143353,0.13209789679269382,0.009539000279233257,0.01760329149723468
10588529,0.007158535986630277,0.00036014668801003007,0.0015049086613423473,0.000507414741562753,0.0004453971051656819,0.012111534707292848,0.9114401108009912,0.0025878392788919466,0.06388411203011281
10588664,0.0037039683368534585,0.0005611514029042785,0.0017081286750728086,0.0004564507989980988,0.0006810201367304862,0.03814282711038688,0.8152711755259283,0.0032871389918575303,0.13618813902126795
10588792,0.011855053598415854,0.0007184252004600482,0.0012865788173367402,0.0006348125056934401,0.0006865276780495936,0.01892368050714569,0.3577214314503712,0.0029897501262565206,0.6051837401162709
10589349,0.0012332162418825648,0.0008804628709610544,0.002062101514347376,0.0007511875524585508,0.0005510979487782792,0.10153555073537594,0.111030894083906,0.005008479004009609,0.7769470100482807
10589410,0.24331533652929616,0.0025213509155003464,0.014345578257125517,0.012551919819221536,0.005290431263409699,0.3252756416032342,0.1062917567340958,0.033061121038030154,0.2573468638400867
10589411,0.010605006689792298,0.0011037146224538654,0.002178559003212163,0.0010044712673232712,0.0013061989165891721,0.12022587243921737,0.17820866437970614,0.0032725810378324994,0.6820949316438732
10589472,0.007711589455498624,0.0008780009530994095,0.0023532827063482533,0.000853471232077842,0.0010200170849853603,0.06776571303483968,0.223235038349353,0.004290176184797901,0.691892710999
10589485,0.03809261627020773,0.0016205286771387567,0.004457181759900057,0.0020975483744800133,0.001769587130388658,0.09949602955192426,0.02100233721397567,0.008339527107061524,0.8231246439149233
10589763,0.0010428921858206023,0.18610409201311454,0.007506976208850337,0.05754373738742733,0.006486746893607162,0.6136320588577588,0.058423271136260474,0.048997560363171926,0.020262664953988735
10590733,0.002508094475558409,0.014450842577930487,0.007198900042655381,0.15671842946096926,0.018851858626674607,0.7399159101201771,0.012432986211144838,0.03191252904179568,0.01601044944309421
10592587,0.6100645773751103,0.005507927494551564,0.002663358983384082,0.009229249201988874,0.020558389925624667,0.2526732501266005,0.010722576935431367,0.009664849938777652,0.07891582001853102
10592944,0.0026960564941731,0.014531769441508557,0.014403321453347356,0.03259528354644375,0.07099680544905136,0.7543848841955777,0.04210444577208675,0.01734092951753162,0.05094650413027981
10595034,0.004007801172891256,0.0075324478153804605,0.0015892482762818751,0.004855913255513031,0.007986538693410825,0.8956523217323559,0.016461629124065916,0.013418034640120664,0.04849606528998014
10596119,0.0010465095638829104,0.007333275738323816,0.0011975919402530991,0.0008257193850249355,0.0028017653440427703,0.889705168942826,0.06478768199214062,0.002956168601256069,0.029346118492249808
