track_id,Clutter,Cormorants,Pigeons,Ducks,Geese,Gulls,Birds of Prey,Waders,Songbirds
6868504,0.011446717748968407,0.04863584272606981,0.05465813890930905,0.08609731177712959,0.6983042418859678,0.06786719476358527,0.0028588315835153485,0.0093481858392129,0.020783534766241816
6868536,0.019156335825946377,0.08172051308871228,0.09707883395143643,0.13819514919286124,0.551161082886658,0.0627557006108339,0.00347862767335279,0.01591505637100937,0.030538700399189687
6868565,0.006174114152662073,0.0512532743029347,0.03488856905148274,0.05060812692104422,0.7981744984691806,0.04139985141129171,0.0013622397788179686,0.005052060588597593,0.011087265323988455
6868861,0.0029319997738250555,0.040762537847094604,0.011103621402547885,0.01962119031262037,0.8991109319741988,0.01813148329057547,0.0007119712549959254,0.0031037009864210586,0.004522563157720882
6869275,0.0004266121017865209,0.01778784586302269,0.0004873681590541894,0.0024590610934459847,0.9718883114700652,0.005203315040214602,0.00016404532925704912,0.0009894764322057252,0.0005939645109480083
6871418,0.008535581455114006,0.1238109351487377,0.12010629210225846,0.16064401981659562,0.22565537894648197,0.25954907808599437,0.006955042286962772,0.05254545451603336,0.0421982176418217
6872996,0.2066623389839726,0.007725261184231959,0.007113067895264819,0.0063852385580113235,0.1631261176139259,0.48253693091006516,0.024426083083780397,0.013025745405054683,0.08899921636569329
6873817,0.037312959969340774,0.011246272739171243,0.00848715665570058,0.0074008514925259766,0.5366783515249697,0.35429971596707366,0.005644044022687674,0.01261106618455836,0.02631958144397217
6874023,0.02858001287737086,0.01381115106004297,0.006943589443246173,0.009455574900117367,0.10334035636985382,0.7475866515571563,0.010236523221975961,0.038144558457809154,0.04190158211242732
6875504,0.001740703272756616,0.02244104441082955,0.016226962949927905,0.0034519236556841493,0.008091033985917352,0.2834590174348159,0.016376370852638104,0.02557117348502117,0.6226417699524094
6875899,0.0023772226514063143,0.00743964448885221,0.00919516720949054,0.00350926314853852,0.007625390024416539,0.7100859241897051,0.10598933062370054,0.010515612284579277,0.143262445379311
6877293,0.03545732558318231,0.05025399492714155,0.03431864720314512,0.06140084955260969,0.016363130015418052,0.06666941699328646,0.022665174195996767,0.033111905407960204,0.6797595561212599
6880408,0.0044637812783479575,0.02984143988101046,0.012370534402888227,0.11697943264655915,0.01587001967623033,0.5968974206823308,0.07160815697124968,0.023118104172893787,0.12885111028848956
6880690,0.0019122348589535227,0.009252312536094195,0.02124347762099269,0.029132221877890115,0.006508727810143431,0.6300619602328824,0.10452835492413634,0.012618144981616314,0.18474256515729098
6880833,0.0030332819422297895,0.0031672075126128398,0.01846369707639443,0.005764601564815867,0.0024789472467454617,0.12136701201788765,0.39366448640169455,0.006258227411471691,0.44580253882614757
6880956,0.0007809592592070522,0.0046479090729450185,0.0051104364742853335,0.0023646302640814546,0.013415403907470012,0.9078245416839207,0.016486181255114574,0.015671709899482373,0.033698228183493564
6881733,0.0013011495770745302,0.0018671168471464136,0.00504798116080233,0.003176880804532964,0.0014238637762701307,0.11072380659716008,0.7931739130798519,0.0025479704090749324,0.08073731774808669
6885154,0.04992417000478602,0.02198810900694342,0.01490306951805889,0.01566957057404512,0.02410965435865544,0.7489345489592816,0.032587625694922406,0.029445694437046397,0.0624375574462607
6887294,0.006162468225946633,0.015176093894458047,0.02915384806058017,0.008061924329634288,0.019248825045862283,0.6387790730595977,0.012089151196664708,0.01574942825305595,0.25557918793420037
6887586,0.01972974318656977,0.012507507192953264,0.04056641981770017,0.013389322021582193,0.01721351270808268,0.37939751821051954,0.014112589080040478,0.017479108636807433,0.48560427914574444
6887600,0.006198481192491762,0.010897449360707986,0.04663112062635116,0.011321713277617248,0.015811682296875296,0.17018687608871888,0.011591309879789223,0.0127630245961148,0.7145983426813337
6887637,0.01308349205071893,0.05144147710851072,0.03658937532782728,0.08265639259464702,0.18296050310429535,0.3152450075086779,0.021814683512155524,0.023155958928464802,0.27305310986470244
6887702,0.028050521480100555,0.013056241891350415,0.05740984923786278,0.011991744994357078,0.018403575913421663,0.17713828843369656,0.05494288065220887,0.02504012106824658,0.6139667763287556
6888243,0.010505650300425641,0.04899052757728365,0.03178865832785711,0.017864525634043196,0.05900244080566004,0.3606759852263338,0.03480192407867366,0.021916148621267548,0.4144541394284553
6888737,0.007237364728310879,0.025557273765013124,0.06844773600022933,0.01945270372288434,0.032383370854749745,0.2690127346196093,0.04515482617448577,0.01650712325763623,0.5162468668770812
6889024,0.015744947069126047,0.010881401881462681,0.020940326977088582,0.009941928931869473,0.012191924595518027,0.10435998888334336,0.3122852505146132,0.016633135884414046,0.49702109526256455
6890285,0.007261052732161797,0.0879083048089509,0.027962078377380243,0.008401176600976447,0.006224572511032694,0.3367493756085681,0.3595933148641102,0.018134489157166225,0.14776563533965328
6890416,0.010572817375020784,0.04787239008117353,0.06999132949562435,0.008728027785928405,0.010383107074463166,0.2754772503918203,0.138384905248302,0.04570256395087514,0.39288760859679234
6890579,0.003953638383244202,0.005019654563687057,0.04240728471775573,0.005751565993081542,0.00341889570039377,0.05749048387693009,0.06972540200657351,0.014304831672282699,0.7979282430860515
6890917,0.0030931839335341573,0.004248947670913278,0.024202115541082682,0.004332296228909403,0.0036069420188444075,0.12023186667938515,0.321444345927861,0.01898386375221923,0.4998564382472508
6891091,0.006065163305486742,0.010187663938175344,0.12838095441014677,0.05173838831204866,0.03372945095343993,0.12480194765893853,0.03473644101852854,0.020671879759772215,0.5896881106434634
6891208,0.0011894099178786058,0.0021031494538372745,0.0156433975023681,0.0023604063117351193,0.0020506949100458517,0.04235819768870152,0.03517621243998462,0.005013139666832279,0.8941053921086167
6891245,0.0022627938314346632,0.005552283657155349,0.02048292418620247,0.00330297596818207,0.003320156813842406,0.1649448158751118,0.1363396203830586,0.00882010419146007,0.6549743250935526
6891309,0.0011653365963951892,0.0026190295174128722,0.011285493692342042,0.002234507594317622,0.002181802564963471,0.04439539449665353,0.04501755026515187,0.0052824106211645135,0.8858184746515989
6891366,0.005498737662813253,0.0029748855923005437,0.012778525089362858,0.003312607018119971,0.0025338332445555517,0.071776908390507,0.18457035979295075,0.006763495469236016,0.7097906477401541
6891473,0.004912042537354063,0.006821975859137005,0.05339961238900584,0.005685483969131216,0.006617271415016314,0.1703773861210028,0.050780490568272156,0.012759110077806191,0.6886466270632744
6891484,0.0016908094315282863,0.002107945162002262,0.012757809346342972,0.00242577683424654,0.0017941618050293174,0.03323341111859732,0.04309374290618209,0.005559802756531423,0.8973365406395398
6891531,0.004695980194253221,0.009990724172415227,0.022408877739732377,0.005125648682482589,0.005664630861502575,0.1170913855573861,0.38343242268262817,0.011209766186018232,0.4403805639235816
6891557,0.006165414131498733,0.02472198363984424,0.09354026423777594,0.005486841684340944,0.004509322371838598,0.04995887377528725,0.04441529977038015,0.04228433906648971,0.7289176613225445
6891579,0.002643344281494756,0.004388221603871297,0.037635891001527144,0.004137035512058065,0.0054829904276004005,0.076659700783065,0.19886310786665232,0.00986601678786973,0.6603236917358614
6891867,0.02303116639134332,0.0047993644854081394,0.016976365963484296,0.008917905564242651,0.00349133472600855,0.053286544584251895,0.6758170988190917,0.010566013306965128,0.20311420615920436
6891888,0.009273238530532543,0.00499811967404195,0.022869225587733265,0.010399146434125147,0.0030418942826407514,0.060585323368322334,0.08743827910575908,0.02594334072503281,0.7754514322918122
6892297,0.01265239581898517,0.0018717048157762082,0.006369336591023048,0.0030209528348085096,0.0013994764855078097,0.04226660792048193,0.37414431791536257,0.006646759467774481,0.5516284481502804
6892562,0.004212973831600984,0.0028180534715301357,0.008573144596866766,0.0028467683790865312,0.002499027632975523,0.07074221136280526,0.5211545736629256,0.010395654210449957,0.37675759285175914
6892587,0.00788518481504898,0.0038171371182662913,0.01275181258682772,0.004028704962715402,0.002804717235988945,0.0787188048879598,0.523441634691197,0.015161705233765473,0.35139029846823056
6894293,0.004289563413270874,0.7246456091223209,0.012617863371262441,0.03246290444724761,0.10055823478719161,0.07041577042132281,0.001736631950197027,0.025104628941324786,0.028168793545861784
6895609,0.0024408291936101802,0.008622005864033519,0.058040648529505065,0.05957395618749548,0.01389123382888874,0.19378841309503567,0.029385443399199497,0.056125417783292136,0.5781320521189397
6895723,0.0018115567322402116,0.0031356317350559187,0.013691372340256422,0.0014657910628635645,0.0016932405717373323,0.8532165626439436,0.041443617951753504,0.006916281785279175,0.07662594517687023
6895905,0.0014979225248352758,0.004486796546854516,0.014373613496342648,0.0015742435266073978,0.002386788947125792,0.7748907801122247,0.08576095549188509,0.008366340668773712,0.10666255868535089
6895906,0.0016714599128416939,0.002562045029672144,0.023835079837877873,0.0017359909947137642,0.0018635232905654926,0.7684021113605298,0.06224938186314896,0.009875859536012872,0.12780454817463738
6895927,0.0016515798866613377,0.0034515118379792663,0.01248955530268365,0.001555832599791843,0.002071022751399374,0.8744651863305911,0.028677542510236666,0.009646597823672559,0.06599117095698416
6895938,0.001256785413922696,0.004411754579925646,0.012587723619231592,0.001470852683991136,0.0022665273865420032,0.6550574397260837,0.14913615652162696,0.009566961668799664,0.16424579839987669
6895939,0.0016196402777791782,0.005517785935947141,0.012685844367462866,0.0021125065000863683,0.002945281128651111,0.7832850651762902,0.03253847788775402,0.009033497767260914,0.1502619009587683
6895948,0.001178832916425445,0.0028350799098912052,0.009571399889527004,0.002833966810256461,0.0025763285268309345,0.8332541859734786,0.03833677995571063,0.0087105508254611,0.10070287519241868
6895973,0.001849372443868901,0.003727156669592644,0.024391950502353064,0.001973679408665817,0.0020061218650094604,0.701426414311995,0.050069130536360355,0.01298485658051099,0.20157131768164369
6895974,0.0014280261006181002,0.0027617119953000603,0.01503083001992401,0.0032194937599369744,0.002352032535245774,0.5837029540119967,0.12278391637728954,0.008708654926810014,0.2600123802728788
6896754,0.002001803280995216,0.0026672629772970984,0.011009235045801993,0.001744937634029532,0.0022671427876138762,0.2912102347297518,0.13043088411804693,0.010999400414523025,0.5476690990119405
6897915,0.03257836600381495,0.028849914747187965,0.08300058053163864,0.04132629531578078,0.08011671537840916,0.3180562933528116,0.02370429395959439,0.10387196138567328,0.28849557932508924
6897964,0.1142389936868222,0.025522785240057147,0.09301388308493481,0.02986306260693672,0.14682708121958862,0.25441015399035277,0.022849060922092206,0.07257818384585457,0.2406967954033609
6899282,0.0030289270443915736,0.002346163210417094,0.006139598602149206,0.004408568679025698,0.0014726445160324442,0.10200096222574323,0.4914649073286044,0.010530068945051253,0.3786081594485852
6899294,0.011407504054518403,0.0032385644811131846,0.009988251603858944,0.0062866093412817375,0.0022676427411314473,0.07874418724025234,0.6387201399387159,0.022076321395810394,0.22727077920331779
6899376,0.004333502941727548,0.009244837662348014,0.019917552898429527,0.00579648826242591,0.0028546497677185414,0.08283439914197635,0.126668157019195,0.02321516046177273,0.7251352518444063
6899506,0.0032800479886030145,0.008163198430040305,0.013116752139303165,0.004972516656961297,0.0021166146401332443,0.5477177997708967,0.1833152332603293,0.014556601964948759,0.22276123514878413
6899530,0.009425194530268959,0.006207930205018579,0.031337346229937287,0.021141716480834575,0.0043430280185630275,0.2027581377181382,0.06687364027306238,0.07179093883295316,0.5861220677112238
6899560,0.00866276191011666,0.006357177057919269,0.010587315006179128,0.010808714428654994,0.003717141076883087,0.45483315342453234,0.13478677101312334,0.02768017034668546,0.34256679573590576
6899670,0.00708237951363557,0.0032547336832819663,0.0075232923153158975,0.005460603157086842,0.003048179238524017,0.1714149329877621,0.06732689237535192,0.020865664846309907,0.7140233218827318
6899695,0.004077721037059131,0.003129200923376427,0.005395752911456583,0.005474342335968714,0.0028068834963198056,0.2020120563209402,0.0505620761467965,0.013754145284925317,0.7127878215431573
6899730,0.005822626361097812,0.005638565718040535,0.01072297793300874,0.007001505856933249,0.0043295004536952186,0.337395037075735,0.15897332100816466,0.02933155579438877,0.44078490979893603
6899754,0.021627587340123152,0.014401092072675778,0.03126127176423489,0.0904746113891337,0.011756442315830659,0.18188617511209876,0.051438824131781885,0.04674764537010972,0.5504063505040117
6901206,0.002511337657430886,0.012974337980928228,0.023785335485077108,0.00424111120370594,0.007251652644882176,0.4303784763964948,0.13435832607281278,0.04835609442308026,0.33614332813558784
6902131,0.0008906188034691796,0.0034301896287234415,0.0037130568845015633,0.0017141862950028645,0.006492872753359676,0.6256565016692958,0.32753339730281084,0.014464319061734595,0.016104857601102206
6902271,0.005395917572496125,0.04536440677872499,0.023270682184548672,0.008727917737161242,0.04681467021078509,0.5943683058682488,0.006927348554987229,0.03860918287856387,0.23052156821448402
6904326,0.007845754814107216,0.002246550737978088,0.0038071749758655975,0.0014080924784907775,0.0009249531840229737,0.030186087573124576,0.03233353001657608,0.012228419651806871,0.9090194365680279
6908023,0.0027256384075240907,0.03470052210385444,0.015148700594468966,0.23656221080988502,0.031143702180861293,0.4573880306191916,0.011139414402191804,0.18553597651664416,0.025655804365378607
6908625,0.00119185670438693,0.002665582358592526,0.0057122308773436825,0.0017652517496382848,0.0026195047396550186,0.2903790092052046,0.5793183128487299,0.006920469330245702,0.10942778218620344
6909657,0.002956467759356326,0.001882940507080062,0.003337180659069886,0.0012952810785028155,0.0009849318225987505,0.086645578428083,0.14139068981987446,0.013845097407627193,0.7476618325178075
6909786,0.021731194547902757,0.0041926510341164834,0.009281965890721989,0.00517332156355906,0.002857381757875733,0.10269834755303488,0.08060020095979542,0.07528304874538486,0.6981818879476089
6909952,0.004539841695299512,0.0025296940913999946,0.006497938629136782,0.00424404233509774,0.0017445052447794685,0.05674491033352905,0.13890781677032185,0.0239412446678032,0.7608500062326323
6910003,0.010137626934968178,0.0023975498080643838,0.006327160736372883,0.003808498193994598,0.0013216019595613162,0.05927150715753409,0.058132041544512444,0.031647826927193465,0.8269561867377987
6910407,0.0022879421665703654,0.0015369602325938307,0.001645814516271784,0.0028027828166463753,0.000929106197948964,0.8035433678442967,0.02240265627495371,0.01637999789519647,0.14847137205552186
6910422,0.014784578383486898,0.00359781527907132,0.005965708255259513,0.008826691684603493,0.0038203876346369634,0.1299809362552128,0.27386243049903514,0.06882481446821306,0.4903366375404809
6910425,0.006580614206073155,0.0016058197768810466,0.0038673866471661943,0.004676156422639848,0.0015442255963996488,0.05846284713904315,0.056170611303598385,0.027274094555074693,0.8398182443531238
6910560,0.016443737823954217,0.004822838064865461,0.013471093354190776,0.06784150081904203,0.007135531320030946,0.08206150227788958,0.02661841035402877,0.2736393624422175,0.5079660235437808
6910590,0.005971192101036828,0.0014405593380903347,0.0038224967155196777,0.004796846779986353,0.001486912571161711,0.05534548299401032,0.06680414964183133,0.030495794016997417,0.829836565841366
6912744,0.00010012553806285273,0.0010456955142014277,0.00024182625430431353,0.0002454842363074192,0.0013369706912131798,0.9916048042763366,0.00031905036635983665,0.003868335417851171,0.0012377077053632342
6919118,0.003770026999760563,0.006817084357634542,0.011634080372431906,0.004269605417850752,0.003444901492486766,0.4930366705162158,0.22892181479325158,0.019248046010765064,0.22885777003960311
6920152,0.0062771381920630745,0.01599698300213257,0.0381247867780774,0.006795627913024257,0.006419043809472838,0.476470881357193,0.15889213307167954,0.052383273899536426,0.23864013197682088
6925791,0.0008386189813813506,0.0023704543438543366,0.0010574816846198544,0.0019394164524250336,0.001035754285712625,0.9582802443139354,0.017643718465338326,0.008576311572910084,0.008257999899822923
6926246,0.0043093471404830755,0.002995396666373689,0.0029900556928752656,0.0019782822245348556,0.0018938114588907724,0.8836418870405368,0.05577202019973273,0.005587887781449403,0.040831311795123414
6928841,0.0027964075798534256,0.010218350504248033,0.008830538926465362,0.41926632565678,0.015435129889896907,0.22983237638566006,0.006675055169510201,0.28825346815622915,0.018692347731356834
6928933,0.00184415622922911,0.017439451228668707,0.003934321443671272,0.1062215076211174,0.005962983237014402,0.7393941892368702,0.01898596792104972,0.08124936689140488,0.02496805619097441
6937241,0.0070348420443984445,0.0019228399166910366,0.009540177096014735,0.005320991699716535,0.0010327217053439958,0.21481446691370065,0.0052773309001313915,0.22584258547839714,0.529214044245606
6938426,0.0005845899335230477,0.000613357706801106,0.0011264883552019075,0.0006141588537350604,0.0003415153228686617,0.8957483637813799,0.03677184735288321,0.01772922280301854,0.046470455890588507
6938530,0.0005781251966148844,0.0011491104429105711,0.001107305819112181,0.0006814157548448692,0.00040692452647794633,0.8764453391643579,0.06605210646898657,0.015419384008892773,0.038160288617802296
6938682,0.000778847172569537,0.0016435447569746096,0.004453680008066989,0.0017682229328260294,0.001410564381030645,0.24892162425381237,0.5585072089548543,0.01168750344681891,0.1708288040930467
6939166,0.00016801616416658874,0.0005514641588981225,0.0005646377308601271,0.00031066692222937286,0.0003089256422630465,0.903959496812362,0.07768250593655987,0.0031779079333448266,0.013276378699316093
6939222,0.0007739452335376425,0.0011291488351272453,0.0025159014888967387,0.0007750358811590049,0.0007508106236729432,0.22574076431179224,0.7281165495069524,0.01639478426657731,0.023803059852284356
6944591,0.011429956437567168,0.010142598395427879,0.03428182159500557,0.003895536193977598,0.0039547674210128995,0.4289750279364195,0.38072631154474224,0.03572717297183846,0.09086680750400877
6947293,0.00029326246493765746,0.0017430652857095704,0.0018562137596603713,0.0003719510192715824,0.000896768503872992,0.9793530030577866,0.0031251467002618434,0.006073278624956904,0.006287310583542524
6952804,0.0034203100200654356,0.006181806511432272,0.07116315210672937,0.004833858551213357,0.010682521682292159,0.4727988704195185,0.017247173202906828,0.1492370173452744,0.2644352901605677
6975207,0.00037811633155904574,0.0011484902899494978,0.0021136454587143355,0.0003689549872399238,0.0005539527205820719,0.969977072923778,0.0014412546820486496,0.019470598337022305,0.004547914269106254
6975472,0.0002239746257249925,0.0013999125702747642,0.0006311321352249094,0.0002461541628098009,0.0005204416568959713,0.9825208353680875,0.003187566573916171,0.007530079247733164,0.00373990365933262
6975490,0.0001646955173314577,0.0005373768694427074,0.000512141301228314,0.00015165341534079612,0.00031047600797355,0.9790409309352611,0.0008672154452353284,0.012872018864891605,0.00554349164329517
6976427,0.00011680873589098508,0.00034699493126704264,0.0003389051998690642,0.00010361752332949214,0.0002812847439229674,0.9850101299342564,0.0009417225731138052,0.008572780892083376,0.004287755466266919
10551287,0.0033544631616591416,0.006271911141301919,0.014408485626502248,0.017176115923955775,0.003064367669786898,0.6907942073485086,0.08155467561471297,0.01729459804037426,0.16608117547319826
10554874,0.5531728584821022,0.01630183716528496,0.018209936465126104,0.00574332545773718,0.013081543192057267,0.11468231829069153,0.03840263676179019,0.0068471541856058174,0.23355838999960477
10555071,0.07202215066893312,0.010038005369041448,0.01675879849908943,0.003428717256927268,0.0035341601931847227,0.18821059842952245,0.03387540357788927,0.022228077412608092,0.6499040885928041
10555459,0.0032741698062023275,0.025022870507355813,0.05387034149259164,0.008805165705330442,0.005112786965389041,0.2550803573581779,0.027669069291577697,0.12623420290608037,0.4949310359672948
10555968,0.020749923932739417,0.011671702507439154,0.01668951888009418,0.05207806528730424,0.04886307634907838,0.06364456408347431,0.0019467937067146408,0.017226472660917327,0.7671298825922384
10556692,0.014320656900335002,0.012167766385487624,0.019816720245617637,0.02880079277875255,0.004358187074711436,0.28540428774216897,0.031701986829002035,0.055436846841725625,0.5479927552021991
10557065,0.002388040559232931,0.009453691983435002,0.009060330962517292,0.014407808550511162,0.0041185751230874736,0.8481399137121904,0.009759699090887378,0.012894147228275121,0.08977779278986327
10557235,0.004496390478603648,0.03702310175050633,0.053010068038321916,0.09244878813475522,0.016629377178665666,0.6076723889322421,0.016817961747012587,0.05046943855807636,0.12143248518181618
10557310,0.004903479377182421,0.011694535215538444,0.03397589146442939,0.006250328287470723,0.04952013690595691,0.24116249466426398,0.004532723717048814,0.015587150213379272,0.6323732601547302
10557603,0.0024297424645289213,0.010143790596356958,0.012768102756870119,0.0042658384351571595,0.008914175128975556,0.4685687997610688,0.010364882595591197,0.0141097118584428,0.46843495640300853
10557649,0.0017974355096330593,0.008675912495618762,0.029056247361416206,0.005472856516678523,0.01038760132826701,0.7317705070938861,0.007493413926714501,0.04532401907227601,0.16002200669550995
10559369,0.00207114807733117,0.009089944476645063,0.0029385826851277496,0.0032884984275019327,0.0028974820237348754,0.789365359009723,0.012665943637017299,0.004535621882151095,0.17314741978076786
10559516,0.0020470693881154277,0.03158787165933025,0.0037681444203990135,0.010840309082722452,0.009157603474048984,0.7636230829864308,0.022158985020813857,0.008927618298585915,0.14788931566955335
10559765,0.001843238550057754,0.023022180267306437,0.0035045019313348744,0.006084482029617746,0.0041968927391954425,0.5407178739292424,0.027714617325066162,0.01426186397203914,0.37865434925613994
10559904,0.007172129642054647,0.014490862961362046,0.010434570030848429,0.01241662944017198,0.004172347210502204,0.524790926792251,0.03728373496179028,0.01961090482942321,0.3696278941315962
10561136,0.009155498865730971,0.013918327913863002,0.008694427981518394,0.006114540870058706,0.005318326125438858,0.630189127060079,0.04384066071759512,0.010247685327771526,0.27252140513794454
10561583,0.015217811142648906,0.010058299210776011,0.008987931131717008,0.004545382769016542,0.002516926269593861,0.6805064431771541,0.08858770745806961,0.019105418762944876,0.17047408007807907
10561870,0.004236074445414684,0.006295450403012877,0.004411908990676054,0.003414209052817533,0.002041809042437146,0.6079555656487066,0.2538790934462721,0.006528888561353578,0.11123700040930955
10562711,0.004925177480747044,0.029471791014972368,0.10037580892570255,0.06486867130350156,0.035467471002244684,0.235936792998299,0.011098456899956439,0.011198867762931202,0.5066569626116453
10566953,0.0027394548793741405,0.011753895903482935,0.00785269188457904,0.004973729676652796,0.004401592983894102,0.43230142549232276,0.4617491787313067,0.02422150678636784,0.05000652366201969
10567563,0.033764577166019875,0.01804823143102844,0.009402859958633955,0.003625509011665824,0.012556907183837333,0.33307774390671113,0.014811002777751457,0.012151936173684761,0.5625612323906674
10568512,0.004299306549192829,0.0022882864796380173,0.0038068281220327354,0.0033692445551984644,0.0011651105802119367,0.10225613949397533,0.7161484051249933,0.006899365659780357,0.15976731343497705
10569249,0.0020928506008300904,0.02386827557538453,0.004535164719723925,0.0056021245440540275,0.027748191752147603,0.4597566681380101,0.1851065374750005,0.01671935891454139,0.2745708282803079
10569900,0.006682831978515889,0.2606452609958885,0.021491343174064488,0.0409512202715422,0.318986102997678,0.14789482317527344,0.0513224814040338,0.021570815180830854,0.130455120822173
10569996,0.0196157327273346,0.003887082044877002,0.0053488809627663045,0.007580030115673444,0.001984373477874913,0.33784571307536476,0.48434127809230915,0.01740378661907439,0.12199312288472554
10570047,0.0024051537415927067,0.00444482055054692,0.006625358428821951,0.005606276982503819,0.003299122000828429,0.6953593814032231,0.17857932394164283,0.045866124436956,0.05781443851388425
10570186,0.02729847668352382,0.019666772284388245,0.010546114577272425,0.020021564662067115,0.017601970462415982,0.5634654609100531,0.12304907530915023,0.0379146264038732,0.18043593870725594
10570190,0.0022408241253543807,0.015805168261737678,0.00358582086777519,0.007717132404493011,0.015799066215129824,0.6066858530630324,0.2898279895742995,0.013317455606958151,0.045020689881219926
10570281,0.019631729672819134,0.00424139056204543,0.004591044219091653,0.00908361246402626,0.0021012572558701233,0.42300052731551513,0.43997815853805106,0.01894214682487192,0.07843013314770923
10570444,0.4417771297706801,0.006227783316140247,0.014530878678685017,0.03478748084438177,0.005275338099013268,0.2637535876682142,0.08945290504828561,0.02599017720284021,0.11820471937175957
10570516,0.024640502331778873,0.006495177511693204,0.009384389574964739,0.007819420261297455,0.0028585345989625144,0.5980441660022836,0.08186736270748095,0.03894441998199198,0.2299460270295468
10570563,0.03185668252095405,0.0029958670601198255,0.006943068230430283,0.005409794322376104,0.0016962959310726118,0.2552169980016505,0.501999370771804,0.03364733194370487,0.16023459121788772
10570908,0.040007234372685746,0.004668310195801057,0.007761005207607094,0.009917107766501359,0.0028715277773075647,0.4326440170454038,0.35887437712030307,0.04530646843386118,0.09794995208052915
10570962,0.0236482360839389,0.011219253147253227,0.09643108764456186,0.00908421627789935,0.0061678826174721025,0.24024646874463637,0.056979640216388926,0.23831763081064103,0.31790558445720823
10571126,0.026978453575249795,0.007563395745514756,0.011241066710698014,0.007561553055735191,0.002566434358488153,0.29642829116971936,0.10937579289660038,0.04006942473555962,0.49821558775243485
10571129,0.14929989937168756,0.012809398352264518,0.01431419568831543,0.022133003789668874,0.004688487433750547,0.5062791626994353,0.03086117609790811,0.04819765522084997,0.2114170213461196
10571130,0.032884860580556605,0.009643352478110052,0.056707172378972936,0.024806113150548342,0.00618006783518787,0.23328121115613984,0.0215510202276531,0.05648325769308937,0.558462944499742
10571150,0.016087948089780132,0.010746166657275411,0.012101430234555614,0.011553430400307601,0.003936319004630069,0.727224973329123,0.03405202141624722,0.02019260747740939,0.1641051033906716
10571157,0.0302700198270284,0.0067972402561811045,0.014740641682021806,0.00616271074174102,0.002598882177053326,0.35019787128133306,0.20903438064798532,0.02603668753910695,0.354161565847549
10571249,0.02290202512149359,0.007831471952017246,0.013195373458855107,0.0054702335641064245,0.0028297615208674486,0.6105812896903401,0.11588555078867313,0.05054275549491073,0.17076153840873629
10571563,0.012230614758762024,0.0733758027790919,0.014787911782722906,0.007344037033032192,0.016071990096491445,0.32681772752063065,0.03734363131511231,0.023036290244422584,0.48899199446973407
10571600,0.019221067766397777,0.015089451180745703,0.0072532037675184504,0.007758702590112158,0.0033110650748601187,0.7284488874857883,0.039868300719303536,0.015553071063495755,0.16349625035177817
10573894,0.02111989422565612,0.010033955463197552,0.023206085877284337,0.022709102295291418,0.004632605078020112,0.5533190979313558,0.04840814922537958,0.06630444629835205,0.25026666360546307
10574347,0.04514122399721599,0.013874400510139481,0.013840515332669947,0.015375917234883102,0.003199782269281208,0.622824748748457,0.11125386371143534,0.016638594206314854,0.15785095398960322
10574370,0.01651846910118938,0.006813392417508653,0.00880900345902765,0.011605217870952636,0.002472068752467565,0.6403997391627047,0.056713899330038876,0.03813585443306057,0.21853235547305014
10574372,0.014927182418634763,0.005744361972407177,0.009092422000086833,0.004815954211159628,0.0022673222108056845,0.42750052432305696,0.33782790085882325,0.01234634796191906,0.18547798404310667
10574408,0.015513610546524429,0.01028565267535786,0.018005646983529796,0.024047221594398708,0.014138035142951524,0.622272912089302,0.025249214156852825,0.02340613570188273,0.24708157110920004
10574430,0.009354728042150068,0.005115186026016913,0.005358497220128379,0.005171435674898965,0.0019992083539692902,0.6972267816251273,0.04828072340725646,0.016011639924997104,0.21148179972545555
10574439,0.08569568955745421,0.008074556237166101,0.008755025464292299,0.009455819920592872,0.0024028322184349617,0.6444125993485544,0.0545872158791183,0.036161131691730776,0.150455129682656
10574456,0.0203234439411155,0.00493145659079747,0.007530358229344643,0.00672271482515337,0.003076777696468288,0.5480685075888255,0.028423249814114825,0.014622960367670966,0.3663005309465095
10576038,0.16924033007135478,0.014985248770520484,0.012917832545776628,0.009509766362989688,0.007191881375279609,0.7005626350456865,0.015890990322900443,0.012868163684246016,0.0568331518212459
10576770,0.006559503752806081,0.004572999043182882,0.009867920483516016,0.02729735017057889,0.003259681890840044,0.5043302663122021,0.07784673804204345,0.021651185653291095,0.3446143546515394
10577118,0.0029571500328442004,0.00829579490782057,0.007967365829411112,0.004426215618771114,0.00398411072948128,0.5565657675094345,0.22008491657523685,0.035666983519979906,0.16005169527702057
10577354,0.005999128551458457,0.0036383976755912165,0.005835207360223165,0.005066124865082897,0.00136224686924134,0.5531123884952128,0.24935219471643857,0.00878851807614528,0.1668457933906062
10577622,0.002281197798795325,0.004746770029899172,0.0057484854655222095,0.016327715255763712,0.0019991527375506427,0.6215067877303906,0.15591345734852666,0.01407866914542436,0.17739776448812733
10577723,0.022373878853965856,0.0041596479962207125,0.004791536326947197,0.005754542617279626,0.0023195478767768425,0.6019702541605514,0.12052885707560583,0.009423892815409758,0.2286778422772427
10578130,0.29807687638873764,0.01745162129605394,0.010065119621632528,0.03562827199699973,0.010560567468771683,0.3591070767990718,0.0899735576080248,0.020505920658738682,0.15863098816196924
10578295,0.04140701698322072,0.009094032371298258,0.006420590257678838,0.009712020765076986,0.0033415868517356934,0.36704409663549153,0.4250188775088037,0.016740064150964833,0.12122171447572948
10579132,0.0017240280099044716,0.007248663207654571,0.011929769354883412,0.0069670977985854384,0.0060613497439543935,0.4736753356884165,0.41464511600549736,0.012810281323632496,0.06493835886747147
10579372,0.0023017960170903335,0.004565564916635818,0.015711612618587355,0.005824099933317959,0.0069188810534376,0.5254265073627055,0.3319109745790129,0.015744654009381076,0.09159590950983154
10579452,0.005200156930680525,0.01214407692423762,0.03951441343162278,0.02443449524171407,0.022913189071038398,0.6039956277300896,0.10635848722404694,0.03399020748040629,0.15144934596616377
10579754,0.0035797252466739206,0.007837425674179466,0.08496392528559384,0.01810917154730906,0.045237351749486086,0.5602189656538276,0.0994203572798402,0.09410911216841214,0.0865239653946777
10580098,0.005293225741592237,0.009002115265511734,0.029090014401115707,0.0054130105948114295,0.00400746473174715,0.5666251462344638,0.24063569857869013,0.08898221706709196,0.05095110738497589
10580150,0.002884127995880152,0.004624692312107071,0.03278702107606754,0.00851941877169834,0.01729246373630595,0.6001270838351186,0.23164639710620655,0.04245647561790098,0.05966231954871478
10580642,0.008265453031160145,0.006288275778764918,0.003172503559884907,0.008809405030727684,0.0017702238798612798,0.7366019922203833,0.06894404685635021,0.02308066289079989,0.1430674367520677
10580740,0.011232474015160641,0.003130076313098291,0.004596580304454165,0.013604577787549917,0.0014770193689925108,0.42616510328082097,0.3563069440028692,0.04012581290126711,0.14336141202578714
10580745,0.005068500260305806,0.0027025693316873266,0.0036702983423357372,0.005816316576183961,0.0011869239015878045,0.34556517763428424,0.45217723865585047,0.03427512841810523,0.14953784687965943
10580771,0.04024783136681613,0.005145722824865972,0.007298025134342327,0.050098148782242086,0.002406911359720483,0.3955832804261547,0.1522210977078424,0.11449226053952888,0.23250672185848695
10580995,0.005435928634595458,0.004566834008517906,0.004989567362872608,0.010727863880427041,0.0016590141013856582,0.3195078869049326,0.10013022930356205,0.03736455791896018,0.5156181178847465
10581310,0.005053650196060615,0.0041074705849278486,0.004610131007381009,0.011242871261411451,0.001633192723760082,0.25654820739104855,0.5132395307883754,0.019571565594899296,0.18399338045213587
10581368,0.025596992562833324,0.013860547911606028,0.020728517328770676,0.10467153830691968,0.009346120614420354,0.2549412748797434,0.04749080271333765,0.0730514462482118,0.4503127594341571
10582173,0.05203557379975956,0.007699698929598702,0.006255150088586086,0.014830856743283157,0.0054366872989396854,0.6639445337131673,0.04715131216766221,0.026398695342097725,0.17624749191690567
10582418,0.4713279394199191,0.0037516328708555786,0.0045637601820193475,0.0056003599634819705,0.009837336715991787,0.2778585429292532,0.06181039238114382,0.009735432870406008,0.15551460266692926
10583009,0.06261574382981355,0.003111379568030534,0.0042240061140444264,0.004210264755686195,0.004542171486012429,0.43717662631302046,0.42816623368931395,0.012340182416108922,0.04361339182796954
10583434,0.004041433856748712,0.033877301647980695,0.015232219419673398,0.06069830350022583,0.004328509491864167,0.46029379932015446,0.1832459019159353,0.05164128641255485,0.18664124443486252
10583521,0.0017235367555188603,0.009774946725786894,0.004831898161288699,0.017422446434044125,0.0019944965953301638,0.3881563191945445,0.4995035054840844,0.0185809995814659,0.058011851067936514
10584210,0.002289730168433501,0.00265211138616905,0.0037295227472147066,0.0020172418498455255,0.0011744113206657984,0.3647383983617186,0.41607785002183606,0.011708370085564548,0.19561236405855228
10584222,0.0026107993596366647,0.0032511889803010763,0.002525247670653566,0.002303035825880996,0.001045132652864968,0.6768796407565104,0.1830622111118887,0.019519091871170607,0.10880365177109312
10584314,0.0066376397237742305,0.004703191699978891,0.0037213101672557104,0.004735898799981418,0.0009670006156483928,0.14093642344534366,0.1759300520881408,0.033111488733007545,0.6292569947268694
10584430,0.004561319690718911,0.004756094989183048,0.0028054650332391576,0.0058793171433866665,0.0011641802791536073,0.1775918507732743,0.5801020444388592,0.015077577664776323,0.20806214998740885
10584519,0.005218577637075025,0.015289277233712284,0.005954745576461253,0.005248475939782902,0.006384717210760676,0.5108270642534044,0.12422290592924509,0.15286053767833613,0.1739936985412221
10584820,0.005741204715052088,0.04509252281995667,0.0052605919028675474,0.00477663307006422,0.026326604663485652,0.6644890571096678,0.06604328987640842,0.0577194800613738,0.12455061578112395
10585136,0.0039509505481747885,0.052734180787870434,0.0113196226726418,0.04912112614783842,0.005095912102253812,0.5750249479101711,0.11594737740422811,0.03950295274769315,0.14730292967912845
10586849,0.00433620615305939,0.015422842531320195,0.006890951755549351,0.06770878368601453,0.005942299167431485,0.6552298435683258,0.19873897962079198,0.012974285843334451,0.03275580767417282
10587734,0.06602212874820379,0.006637693543520071,0.007271475747991928,0.009758742688223186,0.0038844068184887962,0.5003954686600575,0.2536215410763064,0.11704807489972485,0.03536046781748353
10587840,0.010639577257662704,0.005030829947722248,0.004202560290661293,0.010463338398192792,0.001360359427781399,0.6469842936674461,0.26984910565254705,0.022505810271514888,0.0289641250864717
10588529,0.007216150159966052,0.0008597101976940001,0.0012235306937842878,0.0015835112779871063,0.0004634774722237715,0.06605596595235304,0.8292663915749937,0.003720469197195196,0.0896107934738029
10588664,0.0047230833626417,0.0011128792869531973,0.0019807281813845165,0.000900938109787047,0.0007040458433033162,0.026951677604960853,0.710391928654126,0.004294248994735575,0.2489404699621078
10588792,0.007171887002067804,0.0007130183697212278,0.001357886014308848,0.0008533749500684052,0.0006723378965719877,0.02231340205456439,0.6663154740201558,0.004081119308165871,0.29652150038437564
10589349,0.018028915396076633,0.005047195484760761,0.007577370406896439,0.002338281775996237,0.0019271769093151382,0.07945565151141076,0.30351656901499496,0.008559652322460908,0.5735491871780882
10589410,0.14529000791671282,0.0024093107294563794,0.015875565280218613,0.013746994454701674,0.0029444468393793025,0.21747478001648662,0.1272595868366872,0.028754778631640856,0.4462445292947164
10589411,0.05383552182679744,0.0032810640280827117,0.004835000566790893,0.004440317591662674,0.0031467931854679164,0.23052375728029476,0.07973969504830339,0.009687395387838983,0.6105104550847612
10589472,0.07132810287507049,0.003156603143721273,0.00676088000412645,0.0035095928412254484,0.002555785826431165,0.09243233084094551,0.09089812084605216,0.013156806784565685,0.7162017768378619
10589485,0.0859328878209458,0.002218066215089918,0.006091614788218642,0.005552880191158404,0.0031487889059979993,0.1274350111618853,0.05395845548051091,0.00869166772275884,0.7069706277134342
10589763,0.0028301136692710743,0.023134958600085725,0.01443043571948616,0.06572286411511875,0.008335508102155435,0.663854831195256,0.15252485426378282,0.037859445834563105,0.03130698850028096
10590733,0.005199642284033752,0.027844971735629612,0.020894560586157417,0.2954832037180401,0.009340919615498098,0.461450260429376,0.03197525733221506,0.0968904587615964,0.05092072553745359
10592587,0.3780251625666897,0.013430829597683826,0.015185129576944675,0.02114759133659861,0.02407048686495897,0.34738507634719895,0.02520839810309447,0.022267286258213476,0.15328003934861736
10592944,0.09876022940177939,0.018236950142890652,0.02596853905367814,0.026404090870702637,0.022225901157459003,0.6364067226658803,0.04361194854450359,0.017606917006200658,0.11077870115690562
10595034,0.004570318919076408,0.04142026555453803,0.004746297909272972,0.004705957455834731,0.007936468759464837,0.833744072659561,0.01073823440377964,0.014773113117276054,0.07736527122119644
10596119,0.0013576323855491797,0.006338668720973182,0.0013441560709791425,0.0013948538827561778,0.0013804621388298455,0.9018383178884808,0.049377964524690024,0.006103834975105843,0.03086410941263602
10599481,0.004075050550614065,0.004536692991552103,0.0028101115679734193,0.0039987609074112,0.0014783459547079777,0.6499782810901852,0.2731468677295573,0.007867253719144417,0.05210863548885428
10599552,0.3670505813451628,0.00511623288536808,0.007933522697473692,0.006626902451410762,0.002497690894297385,0.3711832718662121,0.09070075207011097,0.018931715477031437,0.1299593303129328
