track_id,Clutter,Cormorants,Pigeons,Ducks,Geese,Gulls,Birds of Prey,Waders,Songbirds
6868504,0.01545148945579171,0.04488999140758861,0.036953473525587206,0.34030872919381483,0.43952594108030907,0.06362117754834914,0.00442557734118202,0.013033747099118437,0.04178987334825892
6868536,0.01630807522177235,0.05693755964512837,0.045808019581425836,0.3537376395993434,0.39631176077976127,0.0583780575759141,0.004594738873696275,0.01575146965709584,0.05217267906586265
6868565,0.008439773704736411,0.06717387531565133,0.030698131890694053,0.2601489746954627,0.5222492763768697,0.06351866295619403,0.004039010307821735,0.011138502927772001,0.032593791824798046
6868861,0.004999021055935544,0.07243854695552325,0.009754645167382378,0.08169203253403624,0.7883835727806401,0.02199607897118613,0.0022661643830856762,0.0066728663089602016,0.011797071843250573
6869275,0.001262021451613746,0.04901087196811374,0.002093100465669968,0.02458690018080139,0.906714584790229,0.008160286758063899,0.001014235548657152,0.0038965543036279925,0.0032614445332230266
6871418,0.010071695721131325,0.09507040127297871,0.07416723648705105,0.3704699851073226,0.15427775278511277,0.168117857863452,0.011066100028957226,0.043259347260686865,0.07349962347330752
6872996,0.26194558018727143,0.015212850197517003,0.011848546529160774,0.013580709054902308,0.13790977352878164,0.28243467668674693,0.03575371875116018,0.021471642854582855,0.21984250220987683
6873817,0.05835714758578877,0.029575905653902047,0.019490815384548554,0.018683924690331206,0.3832532142490876,0.3732077635330372,0.012870166565935554,0.0267118555059628,0.07784920683140614
6874023,0.038720065990455396,0.030954493109184987,0.014638042065675937,0.01127490518377195,0.07157098561754367,0.7294453545906877,0.020214143072730974,0.026681868978069147,0.05650014139188029
6875504,0.004065569487260198,0.040873673347384704,0.027244108176384146,0.009228889187143346,0.013202552127710022,0.40658270276618524,0.03406969602978648,0.03468027147773688,0.430052537400409
6875899,0.003929258725052012,0.017091054443473797,0.010000451240448115,0.007084721730056291,0.007060985793378812,0.536413310926448,0.23660456500890473,0.021484173693851687,0.16033147843838672
6877293,0.01906128614609622,0.024040914535383755,0.018735103633048488,0.02692101001959056,0.011386319858663094,0.04043607059902636,0.015176891133381273,0.021349528309351013,0.8228928757654592
6880408,0.007380479424675492,0.05013013605773702,0.015376733130536982,0.0630295386580223,0.011586497064388754,0.5390215336826825,0.09460350620650759,0.031131229049741093,0.18774034672570816
6880690,0.004356674279449349,0.018103119098696552,0.025103769212017662,0.031806242050501615,0.007542264868459235,0.5310141829364072,0.10851045375193154,0.019207162511173003,0.25435613129136375
6880833,0.008605735578361839,0.007902429481857034,0.0217896162345237,0.009016033043429196,0.004554407135935978,0.11664090538005041,0.3704735768874482,0.0138400318617626,0.4471772643966309
6880956,0.0029616941273148682,0.02211348513260564,0.01224615537450873,0.007508361045784869,0.012927951468869863,0.8309228809506792,0.03889089792687568,0.023696872391439274,0.048731701581921985
6881733,0.006550753705992913,0.00525950892669568,0.007840891643234765,0.005489206948707527,0.003003218564023725,0.12155565559973874,0.7409567578002634,0.006027967972677323,0.10331603883866605
6885154,0.07394788538491741,0.032628060411040334,0.021780578011806467,0.02964707398810467,0.022778792572866146,0.5903765191115153,0.0434131681067408,0.04394723963646272,0.14148068277654618
6887294,0.010055113301249412,0.022579021753331298,0.02043019755413098,0.01119975718533527,0.019558937132659573,0.5655539474205338,0.022814341893771815,0.02387514397601255,0.3039335397829753
6887586,0.02714196079955396,0.016508439873798193,0.023796895189534033,0.018690563230945853,0.01684064211158332,0.27627184457260245,0.022986307406297025,0.026729668719634597,0.5710336780960505
6887600,0.0071215730615620644,0.011359565667088933,0.01751418204543845,0.013090770934546149,0.011311390038774233,0.11181725400614057,0.01689339431835708,0.017714946869424746,0.7931769230586677
6887637,0.01598741724636921,0.07343032318321893,0.021998283599690933,0.07108943088317558,0.10556674805972474,0.3025103984987943,0.03580756237179182,0.03295384533074762,0.3406559908264868
6887702,0.03849294627365521,0.01692331501379647,0.033367636431306275,0.014865405832822889,0.016145143222541965,0.16963686813489745,0.08956432720541795,0.03235780805107129,0.5886465498344905
6888243,0.009250793806724568,0.03534556951216571,0.017225295257658143,0.01757570575216938,0.03220413535128647,0.22392996229686807,0.03254230235977669,0.024105024615447994,0.6078212110479029
6888737,0.009544685002191522,0.025724936149808014,0.03800000682358516,0.025360498863830547,0.02672325682363832,0.15747070026281226,0.04611990041779622,0.026718018526426395,0.6443379971299116
6889024,0.021851302404020848,0.01014234768777347,0.01589176037626058,0.012495639637546838,0.009416396617715716,0.06895477040610912,0.2319552960483004,0.020120300128987464,0.6091721866932855
6890285,0.01062252429453907,0.10919192424005929,0.02611998069399305,0.018228225552374303,0.008775923639465354,0.26229371974065807,0.3392874933332197,0.02698435094288435,0.1984958575628067
6890416,0.009803619932457265,0.05049576013690487,0.047335145958280575,0.014841861209007287,0.009233300706733668,0.22492012862519525,0.13213951594840012,0.045254506729496484,0.46597616075352455
6890579,0.004650502438230113,0.0060311980427318074,0.030433581050694825,0.011479010058280892,0.0038444002854491855,0.046011996169475884,0.13341098686890562,0.015310929752160708,0.7488273953340709
6890917,0.006598670628723903,0.007856210706136717,0.024765763871755237,0.0104979091129076,0.00584510831471721,0.12239551653493083,0.3908642221802728,0.03021226316288691,0.40096433548766874
6891091,0.007692269240987815,0.012038812278853462,0.042695438847660666,0.12600133111955333,0.021234628668911012,0.09700175942207392,0.04490111961375329,0.026345412585271705,0.6220892282229349
6891208,0.0028784816066328386,0.0038788430500403368,0.01687917122890677,0.005973158122938875,0.0034863241780268136,0.0602199011773904,0.06667020068219454,0.010158867090693266,0.8298550528631762
6891245,0.004583294027157916,0.007830555378487218,0.02362281303475811,0.00732814469473892,0.0054839730105609085,0.12942096932271244,0.2216868592681826,0.015309481749152528,0.5847339095142493
6891309,0.003067618476510378,0.006884146064810868,0.012919412300333288,0.006570329270824096,0.004439948047024505,0.05810693005043632,0.11279899646754157,0.012440219045251086,0.7827724002772679
6891366,0.01730194287899262,0.005185304209540868,0.014269990568603305,0.007530782778373346,0.004109885621749752,0.06428445687432066,0.2003151429911291,0.016360457534473304,0.6706420365428171
6891473,0.009241906682249583,0.014544634536908137,0.03308899520408898,0.014179892886928612,0.013671446395697832,0.1848720855546303,0.06238274466517183,0.023593958879793514,0.6444243351945312
6891484,0.003636713757942992,0.004047116859165349,0.013159540044339946,0.006397756088129867,0.0031839235240037683,0.04259025951194283,0.05827205274138818,0.015115656936734168,0.853596980536353
6891531,0.006422531075525004,0.011248756592083818,0.0172915220029234,0.010549682306899533,0.006368378447958594,0.09031682271752743,0.33389337125891433,0.017412726446310554,0.5064962091518573
6891557,0.006013216952788463,0.00964695991376055,0.058181840619156794,0.008718115647695805,0.004212655635377903,0.03856577655153406,0.048731183377859186,0.02745104602381911,0.7984792052780082
6891579,0.0053214556769278845,0.009270220635773476,0.033745926060683586,0.010330885923173034,0.007097945437577945,0.08736062513909532,0.1711934110737543,0.019223874288103775,0.6564556557649107
6891867,0.03296473525181787,0.007228382807931669,0.015563419065992231,0.014544177602450333,0.004988877383269945,0.06161459357456534,0.6237873938416943,0.016029092230966137,0.22327932824131216
6891888,0.01672942397296931,0.008069760893298446,0.021093147185574465,0.01986060627222499,0.005316873146163433,0.054018520483817584,0.0876828035253473,0.03212531490057024,0.7551035496200343
6892297,0.03960804043840251,0.00402594355854236,0.009485462436676664,0.005533531945094903,0.0029891929373106105,0.04606637706906267,0.4230706705633239,0.012931025363889508,0.4562897556876969
6892562,0.011000525445758936,0.006937139023636696,0.015536626054784553,0.00586517285559145,0.004869313515955677,0.07377983296064426,0.5438375907444847,0.023737571151241733,0.31443622824790207
6892587,0.013277015255684713,0.006931972138431679,0.01764219674951139,0.006820143036988402,0.0049379391188961895,0.09880163636859055,0.509489323958013,0.024917732474408014,0.31718204089947616
6894293,0.006392993588128584,0.6758751886948857,0.01317918169326247,0.09965077509064714,0.03919207346344432,0.07820706058967407,0.006651152587279138,0.049463459182107435,0.03138811511057114
6895609,0.004738614477540768,0.011793265276869629,0.054137655482642585,0.1073947005124736,0.00959716782902973,0.1662515860978838,0.05411191826682474,0.06758696595822285,0.5243881260985124
6895723,0.006553716301309826,0.012591338669829647,0.02072500053764831,0.005725506814545883,0.0071141323269767135,0.7189154321524369,0.1120248922890406,0.026220995629522036,0.09012898527869019
6895905,0.00470645079556495,0.011041481494618319,0.0230209149827714,0.005331254760775745,0.007466379835503263,0.5723292183261589,0.18258940237726828,0.023851951744466502,0.16966294568287268
6895906,0.00602328357717643,0.008815240468649663,0.026618879467665096,0.0059015090402611365,0.006373430691475863,0.6333612617123052,0.13361707485657318,0.027155254904687894,0.15213406528120557
6895927,0.007656630838588404,0.015631648454167524,0.02124328575106013,0.006956244862725047,0.007817669387376477,0.6815127231412793,0.10118828667349897,0.035244993909729565,0.1227485169815746
6895938,0.00423719061925823,0.012546051468978322,0.018945982108062948,0.004534338173878463,0.006846750793069611,0.5432022267015798,0.2283095506456562,0.02489648864641689,0.15648142084309954
6895939,0.005092521085023031,0.014490828778516146,0.017164807007137014,0.005933667680298099,0.007878575301988683,0.623387949783265,0.09040871536019882,0.0273561231396251,0.2082868118639482
6895948,0.004687651705215851,0.009840567235270388,0.019715213867298437,0.008121328709136824,0.009334591300675007,0.6641927659774431,0.09093975020252183,0.03433295264138299,0.15883517836105543
6895973,0.00617400448496629,0.011199284689758499,0.024517920039812742,0.0063270647276015,0.006930083271018035,0.5497008907059832,0.11219567339439084,0.03127749390275641,0.25167758478371244
6895974,0.004712406877596156,0.0081692298683783,0.021927902786422093,0.008028512482363867,0.006319096304264577,0.4565404339349021,0.1768217600256407,0.024147660581895717,0.2933329971385365
6896754,0.004227744249752442,0.005652603033536237,0.016322120646164957,0.004699093935944099,0.004558001249455058,0.21478723234944574,0.11098004775797132,0.021150235858129654,0.6176229209196004
6897915,0.016934489473427454,0.03986473750535026,0.06592257140830295,0.09888749114113936,0.05972353204962387,0.2537344660086819,0.05173539740796928,0.12246365096842297,0.29073366403708206
6897964,0.03918763275639821,0.03351519431431879,0.05875651262947915,0.04895413033178951,0.12184161185089012,0.27083954761522566,0.043871254453085734,0.08283132245768186,0.300202793591131
6899282,0.008486282080454082,0.005314954663539847,0.008486110611187321,0.009610507947737624,0.0032092960822335285,0.08795599611173362,0.47016956455272796,0.015618768978757497,0.3911485189716285
6899294,0.019584032839573638,0.005617524648385991,0.011748090529391596,0.011051008648568146,0.003488058064540446,0.06321558378557521,0.5771918191680242,0.02021895308994331,0.2878849292259974
6899376,0.007595262532697154,0.012134911001452317,0.019401259102118065,0.012163418628983657,0.004242473634255086,0.0738074959785319,0.14580211449682565,0.027465558707256376,0.6973875059178798
6899506,0.008497177953450012,0.012821709886631368,0.013025216795875559,0.010519978479268331,0.004409934991805762,0.41859510615346357,0.22231973189887055,0.023332988531305447,0.28647815530932946
6899530,0.01785174188168424,0.007388201409514467,0.01931516518262292,0.031967262046126724,0.0057459240664907455,0.12310842614604668,0.06476170758151807,0.05334464773092347,0.6765169239550728
6899560,0.023527479116428822,0.012709846325296202,0.014141579181081127,0.01816511945286637,0.005831681294422157,0.23727959878293325,0.15247105070653433,0.0408654325981975,0.4950082125422403
6899670,0.020314888026604278,0.006565415504455871,0.011668927125915265,0.011487836565475478,0.005783986974557187,0.17073957724331498,0.07630859716758222,0.02928871106717829,0.6678420603249163
6899695,0.01018223535923604,0.007084194460261581,0.008648945680176734,0.010901059175235456,0.004242936777897773,0.12994088583405194,0.05724495871077962,0.02144942159227836,0.7503053624100825
6899730,0.018891383495374,0.014524690078845083,0.01612444301934915,0.015200237686687617,0.00828788843646496,0.302993641725933,0.19326219223044036,0.03724950265729972,0.39346602066960606
6899754,0.04529104586438591,0.015083567684579897,0.022386082913705144,0.18131557514683797,0.010462190525047925,0.12165801728943466,0.054680397327885134,0.05023017241239833,0.4988929508357249
6901206,0.004365191319092121,0.013586638095798837,0.02711473263932413,0.007953731219942266,0.006280759176692877,0.23248604279605042,0.27527283284664794,0.036191597263082305,0.396748474643369
6902131,0.002458603593654999,0.011553332534794482,0.0069219856958689235,0.0035987180088027254,0.006848433639676164,0.6940094913993049,0.22838637747386553,0.017130347598798428,0.029092710055233954
6902271,0.008422767697415186,0.0421643263800224,0.019269136828571305,0.01893420969303486,0.04075351718649055,0.420427939969119,0.013360928916073784,0.06202755542333572,0.37463961790593725
6904326,0.025290517086362346,0.003494902985868248,0.007409730273486706,0.0044539497201484726,0.0025680727827341898,0.03433625295866854,0.03554504670066723,0.019275493023703846,0.8676260344683603
6908023,0.006421792735414412,0.04295636181915644,0.020986617983572035,0.27858907549864,0.030168353118924345,0.4280563071085984,0.023899415566878655,0.13117929123081623,0.03774278493799953
6908625,0.0031242719230390884,0.008078410491463253,0.011154106971262765,0.004826861384561281,0.005691170937271128,0.22491078453443814,0.5636312645406256,0.013753400717011775,0.16482972850032698
6909657,0.00605071016147051,0.0049442919932302255,0.008292595531999456,0.003842466423666575,0.0028665285530777894,0.10234517508930426,0.13080064901189986,0.021132876522702366,0.719724706712649
6909786,0.03241711885066263,0.008530683174894093,0.013061176090291117,0.008162010810446454,0.0052262996851497896,0.12772857782905386,0.1098699091097012,0.04940700077218898,0.645597223677612
6909952,0.008585213865106443,0.005314622145447988,0.011490479436510886,0.007009444417940202,0.003739594618877793,0.07046819198400459,0.22709538689040248,0.026095555396148377,0.6402015112455611
6910003,0.016227325548831256,0.004386997596238082,0.009751362213787487,0.006491544924721828,0.002893112198045718,0.058533707733398006,0.07455891528298658,0.02834097637457185,0.7988160581274193
6910407,0.004018455651740748,0.004526269417717786,0.003405492021472386,0.004547403435547591,0.002893995029588788,0.7902728394360496,0.02887917464463441,0.014651163843706853,0.1468052065195418
6910422,0.016580002147691557,0.005702073416269446,0.012109381393551376,0.01334074340994201,0.005362408062663666,0.11241498841179522,0.2413281418884262,0.040054854564004115,0.5531074067056565
6910425,0.01792204149292652,0.0035416086130169284,0.007373281593704024,0.008037397598315617,0.003269662012185222,0.06503753728067747,0.07585900806905123,0.026492953298420663,0.7924665100417024
6910560,0.018241819048584008,0.0075720993010745296,0.017075091581494718,0.08008045271464727,0.01074015922297042,0.08863814260876596,0.03521701068635393,0.12222470946783132,0.6202105153682779
6910590,0.015217911843169896,0.003196477171592336,0.007214971025280497,0.008296022637235069,0.0030700902038407595,0.06315087689188442,0.11437586529450779,0.022797639473452685,0.7626801454590366
6912744,0.001372474090272366,0.007433047009760904,0.0025042384386827175,0.002891519731911921,0.007262700800124861,0.9437861820180139,0.0046288862824003145,0.020426828167806995,0.009694123461026063
6919118,0.006152511786196786,0.01493780332446669,0.019464505693209656,0.009514347384617308,0.006810556142484845,0.429287452797229,0.21694393998056855,0.02449298833816473,0.27239589455306235
6920152,0.006263014238772411,0.014456762384989219,0.033320849507930045,0.010571136633727532,0.007323405691841298,0.4135419251449636,0.16660581715367964,0.043205173782075786,0.3047119154620206
6925791,0.002639784824021382,0.009922495512791616,0.0046103491013913854,0.005008027610011676,0.003732135280722652,0.8932939420491713,0.03862250419708239,0.016868157993183055,0.025302603431624472
6926246,0.00826429451124985,0.0076245754520037215,0.007927349551905737,0.0072045815768865965,0.006069612028349066,0.777157549823177,0.09820787686240925,0.018761891858339184,0.06878226833567966
6928841,0.006910707540157437,0.021376117572142077,0.017838184124977983,0.3112927721920506,0.02977676225411762,0.2539433091827111,0.017043599579364323,0.30974265598996864,0.03207589156451027
6928933,0.005285317527244495,0.02225008729907268,0.009551929915774358,0.08286198733490167,0.012741343855240993,0.6884234890950028,0.04673117279111423,0.09949831915449756,0.03265635302715123
6937241,0.01966533236166591,0.004876916979619202,0.019367037240696047,0.015539521506012526,0.0030542269510686116,0.21930232579217365,0.01899873264157832,0.168711017305328,0.5304848892218577
6938426,0.002138396680110231,0.0030454550120442396,0.003715388386522987,0.0025819211517624776,0.0019039078210495032,0.8528127043797231,0.060355930022487084,0.02119754083112803,0.05224875571517231
6938530,0.0021754771570291352,0.005761103103509832,0.0035186968751058927,0.0028979269106741653,0.001970492560726512,0.815325913631439,0.10264042555789678,0.02187785412804505,0.04383211007557364
6938682,0.002393879983939202,0.004713085310381139,0.010039894661700648,0.004893914004315343,0.0038143454198053075,0.2559095379752683,0.49072175417172276,0.027888689368648547,0.19962489910421882
6939166,0.0009863837792711795,0.003430845585920219,0.002398142680226783,0.0017904970357789424,0.0017479395530105822,0.8620594853426568,0.09658969579181516,0.009861596479594167,0.021135413751726322
6939222,0.002447475156520351,0.003835560401045178,0.006605987531517635,0.002741168271416952,0.002634574925840934,0.21712840456501215,0.7027229596439454,0.021462184490289783,0.04042168501441163
6944591,0.02794700319097079,0.015348966495960318,0.032463196705476156,0.007481453752720712,0.006887951250520723,0.34904403370454185,0.427987728991666,0.03392443558241661,0.09891523032572679
6947293,0.0019655616370647714,0.011205512698683218,0.007330255149848181,0.002914764213531608,0.006260373024775984,0.9060832306251434,0.014202263187394207,0.023524227747071292,0.02651381171648742
6952804,0.007071767252653652,0.014656089540828908,0.07982081496582587,0.010667522015572395,0.021556161357626807,0.43893073347316,0.03317439568463937,0.08654329300501727,0.3075792227046759
6975207,0.001850191031635392,0.005765380453368676,0.01008965737317102,0.0021887483038550266,0.0034857067010496683,0.9205267527026079,0.007184041243938757,0.03484161721523449,0.014067904975139158
6975472,0.0015537367627289826,0.0075699917515495456,0.004458287360462259,0.0018674561073346173,0.004140232223723092,0.9276947635913438,0.012977230079458389,0.023774947741327306,0.015963354382071984
6975490,0.001107688523004819,0.0032693414252840825,0.0029540677690861462,0.0011854452312817546,0.0021694337334515184,0.9406073737692583,0.004222027218977652,0.02945486880198883,0.015029753527666837
6976427,0.000966985890240821,0.0026690665758000763,0.0024987030100285506,0.0011154096525534379,0.0021974630777800595,0.9405990061401146,0.004992966967180756,0.027899948674925224,0.017060450011376557
10551287,0.007261285486433821,0.01631956223750802,0.015722679971118963,0.03541220106207685,0.013485716369502748,0.6627553202042329,0.1465135033425736,0.032416519063232285,0.07011321226332076
10554874,0.6168277210564237,0.028276206283757568,0.019915276167874533,0.008519534197122324,0.01983708489874881,0.11056219323743277,0.0532452848879771,0.010894738082853626,0.13192196118780966
10555071,0.08752046998959563,0.02157416270082465,0.03584077956227806,0.012264960287925,0.011179771654408106,0.32266289014928745,0.12471999423011974,0.03347093436897729,0.3507660370565842
10555459,0.009897311322342808,0.03781750578798876,0.07911494605950961,0.023819208232507934,0.015461504421710381,0.3886410134907107,0.07308500172774446,0.12304329078908757,0.24912021816839772
10555968,0.06776914067325064,0.05278731151732158,0.05213445844618428,0.21469400808488057,0.14296555103213424,0.22382381623309924,0.010715980306536557,0.0466233606930771,0.18848637301351578
10556692,0.026543311976912697,0.02864489907183129,0.03487601827731801,0.029057995017855585,0.01040018472943113,0.35984928275388783,0.09864046924632962,0.04730202679016028,0.3646858121362736
10557065,0.005507305461070414,0.025554849671432366,0.012939924891947417,0.015970765550034207,0.011419949957171735,0.8061301876378908,0.03157675481340903,0.017196519680755553,0.07370374233628851
10557235,0.008555112298844795,0.057612786375364364,0.04166091573576263,0.07118051190884243,0.022241922282507043,0.6372187441638796,0.03156114552447384,0.037457919833334796,0.09251094187699059
10557310,0.021742486341543785,0.062152853242675554,0.06378102346068355,0.03297049715248956,0.1285739959490138,0.34996803257785386,0.024696228482981766,0.04236802019863414,0.273746862594124
10557603,0.009988909542486227,0.03792378996843187,0.03120686998746914,0.016245711881792198,0.030216742232025823,0.5606862806619972,0.035229120544222836,0.031665837238742355,0.2468367379428322
10557649,0.006071747524199333,0.02629158565563727,0.028523477539265596,0.013532570809389015,0.028766109621164066,0.7582465158855737,0.018278544230394968,0.034843847236081506,0.08544560149829439
10559369,0.009452952876373034,0.028489574260164335,0.01269276763313183,0.010886930792709259,0.01179067560213256,0.7603811200042719,0.0431758460189529,0.017814207760400325,0.10531592505186389
10559516,0.00626473820625284,0.054059109302260155,0.00954961511713576,0.016196749859564118,0.017696019166690172,0.7111392559842462,0.0488239212399308,0.02209915490573414,0.11417143621818589
10559765,0.005456464271647022,0.04492538849714341,0.010155644021204899,0.01425862670176511,0.010156089538012194,0.7205688085010019,0.07318412724453373,0.029899288190518448,0.09139556303417326
10559904,0.018481534777492446,0.038133075623092975,0.024476915627567788,0.024438740498771525,0.023025343644250205,0.5666389118236573,0.08502090226913013,0.03618474030712728,0.18359983542891034
10561136,0.021335305832374314,0.03162080040246404,0.019515928466851035,0.015877249337710505,0.02103561362823741,0.632676735407148,0.06678220645009328,0.024889524739261502,0.16626663573586004
10561583,0.050609135737250385,0.030555124446821607,0.020226354408023325,0.015055019048029292,0.011486517452130262,0.5113165297445046,0.15013746369846573,0.047113292388721334,0.16350056307605348
10561870,0.010996716665275784,0.015539633298410769,0.009287755518347093,0.00963164297768946,0.008730407172141358,0.5845190251989866,0.27218627850946286,0.01622453036248851,0.07288401029719749
10562711,0.01302704594333938,0.06206597076550222,0.08606542723057167,0.11729551123074881,0.10737958149936408,0.29465723286985757,0.019309050126401252,0.037045768990672204,0.2631544113435429
10566953,0.004404007737733387,0.024650651765594254,0.010719641593098279,0.005346823919605151,0.0067635210803156974,0.4434349210688301,0.4328871850684836,0.028833395504414765,0.04295985226192476
10567563,0.08027384502124983,0.06631169862951136,0.027507207315134747,0.012292217706288714,0.04607639413492955,0.4762097223977104,0.04593463275865087,0.02844169121712383,0.2169525908194007
10568512,0.009245280070387602,0.008538680120161296,0.010409796406324617,0.006911264544177336,0.004198188068730171,0.18085913098805784,0.6576389743976808,0.012997608600515569,0.10920107680396474
10569249,0.005179844507872626,0.03296873675433897,0.009222947341488305,0.009052693247562311,0.03421711342144945,0.4876495664355623,0.2056327496688795,0.03042974740695775,0.18564660121588888
10569900,0.007302509404337397,0.3036341674151485,0.018175330734248218,0.0253134217204092,0.3417057894976359,0.1548781391093681,0.056390621549897164,0.027748728610557386,0.0648512919583982
10569996,0.0227592067900564,0.012241271440728995,0.012612149617454714,0.0112856461109463,0.007326191829586493,0.34934822635051305,0.45587614958466033,0.020809443885322132,0.10774171439073167
10570047,0.005636130953568084,0.02077815192948867,0.014172089617508755,0.011640729764776259,0.01224638103801082,0.6926692876144376,0.14840460324199709,0.03572775877953873,0.05872486706067394
10570186,0.0336987426354883,0.026788139185662262,0.01907797827634521,0.02128105865645274,0.029888494080608768,0.5465271093989081,0.13243404336837386,0.04246717333387201,0.14783726106428885
10570190,0.004557843872748554,0.024039947576805935,0.007962246863472472,0.010026149130432666,0.02135850846798667,0.5427829521505749,0.32440416598082866,0.01791725115777674,0.04695093479937335
10570281,0.022550100230759023,0.013001187052727115,0.01058973854519944,0.01157426884953673,0.008169768107416887,0.4612349248195301,0.3692285174114559,0.020428743950233693,0.08322275103314104
10570444,0.4252382682699488,0.0178847298072508,0.019438470676481582,0.03934817345075464,0.01732593378022072,0.2591072214529327,0.08683399826385096,0.03526943845150005,0.09955376584705973
10570516,0.033981873179632874,0.027434866081687284,0.019436534686187407,0.015294570535138257,0.013142460708559303,0.5622797795669774,0.11047752150167459,0.05402027333648369,0.16393212040365931
10570563,0.040294193621758345,0.011017544136746786,0.009899573493183463,0.007880314909519603,0.005959451101944744,0.25559099272129165,0.4695071738319377,0.03243090842226741,0.16741984776135038
10570908,0.057200558012230306,0.011479836205940092,0.011591349716948189,0.012922868762731599,0.009335616285496715,0.42875235101148484,0.35373918139893357,0.04124387255349432,0.07373436605274049
10570962,0.03302892644058919,0.03787061135564385,0.05539325697127494,0.014299606622253777,0.013383413008080658,0.3800609828377428,0.06830841210933011,0.2534987554954514,0.14415603515963313
10571126,0.05945220701702253,0.018973210169370633,0.02141819791847107,0.014379747298969856,0.008408208299954617,0.3239438089112758,0.15274651752410157,0.04948967179864794,0.351188431062186
10571129,0.25061548570806824,0.02991799543470288,0.022007530062537244,0.034252309269559286,0.018176437745057603,0.4113579237423069,0.04218078982981949,0.05888318541009646,0.13260834279785183
10571130,0.08746563436054818,0.031239773225186125,0.059079539627293384,0.06852313946510857,0.028852420615098736,0.3448522658512597,0.03479481786205648,0.07536096120796729,0.26983144778548146
10571150,0.03691285601968142,0.030344213725367563,0.022291646096842054,0.021312788678377395,0.018790208427791628,0.6207694336838685,0.05990633245634726,0.03536872717069867,0.1543037937410255
10571157,0.06167300497931176,0.019290063934179237,0.023446711070349718,0.013232771665633303,0.008864797628508395,0.3313275614601038,0.2647967845727688,0.04334168033088299,0.23402662435826205
10571249,0.035036349562975,0.021963933043400777,0.02138959378767121,0.011340943139698535,0.01158074668758585,0.5701275385139449,0.1597942449484669,0.044878221047252115,0.12388842926900465
10571563,0.024181431909599666,0.14552049265392736,0.025648270459520884,0.015907601592868827,0.037684728165121216,0.43345233454899895,0.06027247805221948,0.04506742272629671,0.21226523989144694
10571600,0.03913157691451223,0.03785877834376353,0.016227786233494624,0.016278989700424018,0.016310856296024506,0.6223521142273131,0.06778221574198169,0.0314082115688909,0.15264947097359555
10573894,0.03645234345470371,0.030888410746756845,0.03733695783534514,0.024951180564097966,0.015013969016103195,0.572625983411735,0.07101914428327992,0.0935091273379506,0.11820288335002768
10574347,0.05264630327112975,0.029799337608156517,0.02082064713427523,0.019633586873573517,0.011912703311971215,0.5705824845907308,0.11842406857340167,0.0293180632685439,0.1468628053682175
10574370,0.029768470850819958,0.020256349568782906,0.017455772244229537,0.01903260985181632,0.011011048300605652,0.57859191900644,0.11255488063778638,0.04324525041245042,0.16808369912706894
10574372,0.024470756110091117,0.015068172521003688,0.016097021645772917,0.008910042586989596,0.007284226390539747,0.44500499579297853,0.31183972198331594,0.01953767880071006,0.1517873841685983
10574408,0.03288708654257641,0.030826955930887898,0.03355042006727969,0.042920181757063545,0.043287807538644314,0.55036343791622,0.03640293337241537,0.0420766531697632,0.18768452370514968
10574430,0.021611992665899176,0.02167256513448598,0.015560104503085145,0.01398251254938631,0.011578264356738017,0.614060243918126,0.08798062365912737,0.03746915255130796,0.176084540661844
10574439,0.09312686318668083,0.02468333645355322,0.017772499594599978,0.017495276640721306,0.01025125892336507,0.574133692393554,0.07443891357174853,0.046693642392892566,0.14140451684288452
10574456,0.05356002911633035,0.01965843476974832,0.019754874117519257,0.01633053649022213,0.012903619570307511,0.5833859857586077,0.04457033649982505,0.03324415010261809,0.2165920335748217
10576038,0.2447967709241896,0.029841270200412388,0.023108276855676218,0.01901105467430349,0.027566891742852893,0.5085988917433447,0.0398018633905358,0.037342972236107115,0.0699320082325778
10576770,0.015729951109900882,0.021139439754048323,0.019235193048979943,0.03131626590542569,0.010112560745153994,0.5806869607601494,0.10215136717119319,0.031886602823496875,0.18774165868165182
10577118,0.0064295648184926986,0.02580939515657033,0.014909384323935414,0.008686619879190682,0.010282404223875465,0.6744560626307479,0.11484370096658596,0.05481833820162362,0.08976452979897781
10577354,0.011991831808237275,0.013808093749476946,0.014162977738092292,0.008345370514971709,0.005484114918354793,0.5294679373291105,0.2663205793748464,0.020952908291883024,0.12946618627502707
10577622,0.006303158123581614,0.02486313533631242,0.01388212477741828,0.0167809288178278,0.006545586026076716,0.6132738212065076,0.18229225927556145,0.02808714928079254,0.10797183715592162
10577723,0.024879181529076744,0.015621390399882347,0.014188093638024915,0.009562349609941768,0.00802945653941251,0.6118716814168975,0.1469635359908698,0.021881396392152804,0.14700291448374153
10578130,0.2318095386510679,0.04451171987708277,0.02383423450452901,0.03028820554443504,0.026573164275379334,0.359754695985595,0.10984193081838221,0.03235329406601066,0.14103321627751805
10578295,0.03539312731954306,0.017306685980538177,0.013212309594961245,0.011399944022078567,0.009221589277669208,0.3567088991882981,0.43412200032729775,0.02523735131324758,0.09739809297636633
10579132,0.002947614376170963,0.010042753796110849,0.008678831105369994,0.006759328324617668,0.008583848387457143,0.4300107317315947,0.4680855069789823,0.013069042148914752,0.05182234315078156
10579372,0.004124192433679243,0.010887036462445295,0.015295692924055878,0.006849602937281051,0.010547214072150665,0.5093554899439617,0.3561413492132786,0.017194240123446215,0.06960518188970141
10579452,0.0058453902574332785,0.02104471964188601,0.02542985873650728,0.023780217933007396,0.0330732782670126,0.6996550287225628,0.08945753336160235,0.03436850087824745,0.06734547220174089
10579754,0.00537665652886941,0.013773734168126129,0.03482669265682042,0.015927223806176175,0.050181160100912496,0.6860410803762913,0.08146977995527782,0.0518648680983822,0.06053880430914406
10580098,0.011021307184081171,0.031934768994305876,0.03290778974994083,0.008113209263879692,0.00966356727546215,0.6215903261625374,0.19093714517694976,0.0559704470407192,0.03786143915212403
10580150,0.006144639734025378,0.012016855244961072,0.025204941254254633,0.012830311918348361,0.0302581093337018,0.6915172612230936,0.11539610533469111,0.034532818263257874,0.07209895769366619
10580642,0.02203751696814147,0.027281353645954267,0.011263033311660826,0.01687919537886444,0.010044361713969089,0.6754746674416082,0.08969444442821936,0.03439850873264399,0.11292691837893847
10580740,0.027579531603248,0.013404146888501844,0.011699247276863035,0.015510834032475327,0.006079852343783517,0.3953881963725957,0.3692993239756836,0.03360489443926914,0.12743397306757995
10580745,0.01116514282716872,0.010836357991301981,0.009114620743881948,0.008026653711341179,0.004746820260965806,0.31884884182391615,0.45807716859459113,0.02666440835156907,0.1525199856952641
10580771,0.07483469524162722,0.021681846517654098,0.016133550472930847,0.047246749563248924,0.011076040471556862,0.4406403558908303,0.14865027437497239,0.06858187389659681,0.17115461357058245
10580995,0.013445312399642239,0.0239546054039706,0.013674931115024195,0.014672572263879262,0.006863575155107865,0.43905013891312294,0.17164538474993252,0.04388924565067236,0.2728042343486479
10581310,0.011855940632219867,0.014549176812865439,0.011304878671643924,0.014634686688919683,0.00757397226985154,0.33988083882695486,0.451461616535762,0.02609939428281471,0.12263949527896796
10581368,0.05888521902432732,0.04456717026764433,0.03422845322415881,0.1071089937811323,0.032636661232096256,0.3950294849382619,0.058484343861059045,0.07620611348707633,0.19285356018424377
10582173,0.07845262190344797,0.027519447875522483,0.019591445194285982,0.0283083587034178,0.023374177504160144,0.578264309276235,0.06734608465515288,0.062014386112632866,0.11512916877514494
10582418,0.5853566226833208,0.01482976863040852,0.009895557289186934,0.009440079398883836,0.019472459777010887,0.19973378777188652,0.06678323812722273,0.020372843359241253,0.07411564296283847
10583009,0.07996614178788006,0.011708115702393461,0.008302031314412615,0.00731651646735864,0.010242072473608688,0.45019747599712295,0.36869126159075205,0.022698097957467446,0.04087828670900421
10583434,0.007378088634875824,0.0760287340207938,0.02319718003188156,0.03902220562617361,0.010170801929131824,0.46929799039582404,0.19575103934705465,0.07504973385721658,0.10410422615704815
10583521,0.004165234880275687,0.022767455794419522,0.009349048958427883,0.013527898841737081,0.005880690503400696,0.2852627957944003,0.5780599079511711,0.028694425293493468,0.05229254198267434
10584210,0.00586801653456946,0.011316362729711676,0.00883501526013254,0.00430991507766611,0.0033594937177877835,0.39229709337840424,0.4275957811778754,0.02099391869022243,0.12542440343363026
10584222,0.007713996559088913,0.011837901060821738,0.00908151044596686,0.00680020405801022,0.004455648495798268,0.5554653787586751,0.2919881751262605,0.033511443750989786,0.07914574174438867
10584314,0.022395885958163417,0.013296907515683054,0.015939760155444814,0.007196347012271029,0.0042026570404055125,0.2020225874394787,0.25298509406652975,0.04634706631933317,0.43561369449269055
10584430,0.012249347472358623,0.013238005550329082,0.007662779767103282,0.007674854286685706,0.003989540137441794,0.20176370569212648,0.6025523084459816,0.02755195509125066,0.12331750355672288
10584519,0.009088476612368798,0.042241310585163706,0.01306565999356647,0.010578730751586447,0.014220801389012582,0.6082592633696228,0.14288859579441793,0.07718914398985292,0.0824680175144083
10584820,0.010011271434069234,0.07092611882908675,0.012726120270100755,0.010519742099205597,0.05310283739274724,0.6475615027215913,0.06357285149452069,0.052473041754070665,0.07910651400460784
10585136,0.008598909443748817,0.09521263836286456,0.01898956098045017,0.030186162661063463,0.008643629782738287,0.539290355690072,0.12204885702409593,0.0820288138223609,0.09500107223260591
10586849,0.0097519033978395,0.03221259760267813,0.015508157376544011,0.07224014465571367,0.019385366273634273,0.6256636370247125,0.1348157860315644,0.02847539907628892,0.06194700856102465
10587734,0.06916871423108012,0.022006866753691734,0.013949508448163773,0.017658153820457247,0.013395334508776405,0.46626096235352243,0.26487711989997414,0.08362224427748789,0.04906109570684624
10587840,0.01612862328660141,0.0150982643780492,0.00950142776809664,0.01680958670505637,0.005847620210170867,0.5430935264784597,0.3220083275654815,0.02750025387750904,0.04401236973057548
10588529,0.03003600029708311,0.0025120431272158852,0.0038703498418512245,0.003500329768672284,0.00246782474459891,0.06522706450782272,0.7832143533195742,0.009579626417639167,0.0995924079755425
10588664,0.018821396134365762,0.003194722023464709,0.0056514611694721845,0.0032677791895939384,0.00410490741263164,0.05235047755479465,0.6640199997023017,0.01277951237844504,0.2358097444349303
10588792,0.03732933959309258,0.0027804893428431503,0.004742301420679002,0.0033440313274346765,0.003672026776581478,0.04220955059906481,0.6489227425436154,0.013015410926980657,0.2439841074697083
10589349,0.028639559863957376,0.01183695318380179,0.014044610269295342,0.006634675233954715,0.006417217455354953,0.12085247423155958,0.28823124257577687,0.0270265940143962,0.4963166731719032
10589410,0.18559970097220072,0.007404073585239275,0.026978343508366736,0.023493948771007016,0.009885134393957983,0.3165270005058165,0.12124107048312434,0.07052691969168261,0.2383438080886047
10589411,0.08593020178432657,0.008099275866292,0.011537641434783585,0.011882442496610461,0.009952366650010943,0.21859559661757805,0.08791152342105148,0.032371591203867164,0.5337193605254796
10589472,0.14015542203179432,0.008014081337321819,0.014396830985904059,0.011025418979992496,0.009083651017176864,0.14460726395854215,0.10405035509628949,0.04115518351507822,0.5275117930779006
10589485,0.12542589683606195,0.006631805352922493,0.01508196983985033,0.015636956897784292,0.009753719006533544,0.1893485987908836,0.05650460923550275,0.03061086911275216,0.5510055749277089
10589763,0.006692963259882961,0.05817847595610152,0.019857957889537068,0.044698415267384564,0.013641346039852169,0.6674371566385615,0.07436072279674415,0.067290153143094,0.04784280900884231
10590733,0.008484102390614206,0.047704085131475976,0.025884768352923086,0.12508786824721008,0.017540802215261,0.6452833721045564,0.02451823354434586,0.07249657653176542,0.033000191481847914
10592587,0.4888402881509346,0.01952542346476607,0.017996861272965074,0.019881532805684807,0.03373372598715456,0.2535179471935659,0.0271446111926978,0.028622480950153094,0.11073712898207813
10592944,0.12807047603650226,0.021014898116926545,0.026983288232254755,0.035251379773501984,0.03569951226134213,0.5879525526768932,0.04041556370273173,0.03450610872207782,0.09010622047776956
10595034,0.013836330473201455,0.07524292924371796,0.016092720656058362,0.012878472447444039,0.026062506545291724,0.6596454105896579,0.03662230586984518,0.044939547214166084,0.1146797769606173
10596119,0.005843637491390869,0.02850336866987417,0.007449337325002064,0.007112172077751777,0.009584847703445658,0.7651092610617237,0.08755311351914392,0.02731667586355275,0.06152758628811504
10599481,0.006860105635751361,0.01535170301778633,0.005152202972863509,0.006907202982541468,0.004856766919545474,0.5069065370060959,0.3781930121047473,0.020139267728401387,0.05563320163226738
10599552,0.29100565025256625,0.010051432773507174,0.016123591293464717,0.011655199142263975,0.008802253499580904,0.35775694021990806,0.10978907887065514,0.04248865030243699,0.15232720364561686
10599609,0.041689313382004774,0.00707669433920981,0.023750283707688974,0.008446272842083954,0.005226582713527259,0.20174548522728383,0.2276789167948229,0.03498566158447407,0.4494007894089045
10599643,0.02266949306403841,0.006523963093477528,0.008539790953976936,0.006462899905936697,0.003944424866228598,0.4342895682730509,0.4117090236933728,0.018839307319940123,0.08702152882997786
