track_id,Clutter,Cormorants,Pigeons,Ducks,Geese,Gulls,Birds of Prey,Waders,Songbirds
6868504,0.07453217182424876,0.036675048552039465,0.07435893247667225,0.1619361789272469,0.4697418860588803,0.06158372585450759,0.0070946886573473285,0.04437046905613301,0.06970689859292453
6868536,0.10270127250336442,0.03914285807254121,0.08949081446996215,0.15255939331004037,0.404685472368816,0.06009882262627458,0.007169491547583713,0.05059430341954574,0.09355757168187179
6868565,0.06418639482272964,0.04307575823978684,0.07292553829168674,0.09063117604003995,0.545234621153201,0.06862002998610353,0.005848617211355731,0.0398681933883934,0.06960967086670328
6868861,0.007516733753770062,0.05211710664982676,0.008527060873065963,0.03877552014848655,0.8476665566734214,0.019163408979900383,0.0029287421578690657,0.014182178826740999,0.009122691936918783
6869275,0.0027680079481682547,0.036101909223604706,0.00335699817371717,0.02195923645417636,0.90881115406068,0.010064135252190739,0.0016240259424971611,0.011640786649359683,0.0036737462956060105
6871418,0.020925559672392662,0.10354844881997563,0.1455907695000123,0.2603931262114551,0.17037863854678587,0.12897198724568676,0.01079216131193144,0.099624801865948,0.05977450682581218
6872996,0.23468816922992297,0.04199053367208956,0.019319582900741705,0.01242086534076207,0.09434378793878105,0.4394559111504441,0.06841992793860659,0.03055218257702981,0.05880903925162211
6873817,0.050157447335414274,0.06821869635625313,0.03450541503092956,0.02270364813256158,0.4756683399416661,0.22070655548845838,0.012992542972650336,0.058767265708751515,0.05628008903331525
6874023,0.0023594243532735243,0.07915734711560948,0.011846357551838299,0.021051163867924348,0.027857864295395798,0.8043220450675574,0.009136994399815206,0.029546126280631167,0.014722677067954543
6875504,0.0035526959185742907,0.050713348129550855,0.03001925826612324,0.023276211856110996,0.011122062928112414,0.6444448174009174,0.028984764765199747,0.04462900973452408,0.16325783100088687
6875899,0.008702650862234424,0.030704640604459633,0.011127165330245997,0.01557237738943843,0.010032180306449043,0.4711082809057948,0.2775864899334491,0.021365355343877138,0.1538008593240515
6877293,0.01784947448299054,0.023005010795990224,0.02125181033403621,0.03826739792484184,0.008374103214021511,0.05975101725411031,0.035332199624596605,0.044361914867482935,0.7518070715019299
6880408,0.0056862037461630635,0.029809782364499063,0.00953472462015028,0.02570442981808611,0.008696909334519595,0.6142748253126735,0.07152479320936386,0.03649836359994631,0.19826996799459826
6880690,0.00479205942904692,0.03333083101787334,0.03514291626985143,0.05547078833784974,0.012393468771536093,0.6185043687172981,0.018691226185234455,0.05283269248653731,0.1688416487847726
6880833,0.007705326558823698,0.006707295247293541,0.013868657878636663,0.006137742342017698,0.003943248463110669,0.0703968763287088,0.3213548248032316,0.014645558057537669,0.5552404703206398
6880956,0.00212985719129185,0.02723797119850021,0.007347514394562058,0.01235149928549465,0.00847727331516202,0.8915023322259883,0.014048059899883647,0.01889801141546625,0.01800748107365111
6881733,0.0037775853140033506,0.0036295149558340546,0.0038792623280386605,0.002623328943832736,0.0023091527510345927,0.06034581199957462,0.8775349069085814,0.005405141274681542,0.04049529552441919
6885154,0.04882927867382408,0.04449809125136544,0.019582596872306315,0.03339846951342759,0.021078902413938783,0.3596282819480371,0.06440731346283121,0.06966679201380388,0.3389102738504655
6887294,0.022818543454004095,0.015867992020897462,0.02784336990720085,0.014772813552098541,0.011282448987300594,0.5331032595949098,0.0461842667580576,0.04205094420349487,0.28607636152203614
6887586,0.036389690325706124,0.01154827348581222,0.02508799701954192,0.03909439062977444,0.008242919958480473,0.14290520962234568,0.024665361462482795,0.04733194495998312,0.6647342125358733
6887600,0.017285423041662473,0.006103652143762618,0.01882459661557458,0.02632605924013846,0.004957920660085453,0.07239180545818709,0.019875378678559177,0.03247538954322375,0.8017597746188065
6887637,0.03670799713123488,0.07767988129954166,0.040962493767051224,0.06266598772107215,0.060890991226377714,0.21863272712497112,0.042707435657913295,0.05823946548938194,0.401513020582456
6887702,0.02404989881298865,0.009504858823577626,0.018693887498719922,0.011926301564057601,0.005052100804655793,0.09562146252825499,0.20553696992151624,0.03152133726091678,0.5980931827853123
6888243,0.014483177878338145,0.06939803542000658,0.021923665651864484,0.03352328740436479,0.03813406920685592,0.277390144237493,0.04754095674944141,0.041368203448411425,0.4562384600032244
6888737,0.008512605253339798,0.040520616436569144,0.04641754629561576,0.1974835090855713,0.015254369364500411,0.20503540400520612,0.021157377746270512,0.04168534536629433,0.42393322644663267
6889024,0.011378438377490545,0.004703164765825466,0.01082667549198859,0.006463919071336801,0.0034025995734080533,0.0373601990294062,0.6431987704747592,0.01561276383970295,0.26705346937608226
6890285,0.008441844798890406,0.025587151502363334,0.007279152915934159,0.008491334288064,0.004961355250381215,0.14403574149298387,0.7376572707576181,0.015636348783819618,0.047909800209945244
6890416,0.009315303843389473,0.018903421854969443,0.01678542217383654,0.015884343140995755,0.006438589930250471,0.197358714133368,0.154696574492992,0.05746406137119933,0.5231535690589991
6890579,0.008017159958680261,0.00648261181944818,0.015077647915828598,0.008933789891861268,0.0034478010119146844,0.0423255063728891,0.1844796170107833,0.020123165232696603,0.711112700785898
6890917,0.007961175292871953,0.00672377171550317,0.013922095351170737,0.007409025844968031,0.004566552054919265,0.07037236031829947,0.7252106421513568,0.020303806650733,0.14353057062017743
6891091,0.017771638412466043,0.010192100242590344,0.04493167453127562,0.20485042422206173,0.010168665010764908,0.04972482366299302,0.00885067323042487,0.04238683275818825,0.611123167929235
6891208,0.005610687186960786,0.0054358526913330625,0.010977028224135994,0.0056949214246765426,0.003065024872778317,0.07012613682403339,0.18876517709719667,0.015093686255243186,0.695231485423642
6891245,0.010159645331494048,0.012380840156213059,0.02042253898879565,0.009567405623816368,0.006669964138967489,0.15175770266717137,0.4245847371185454,0.02093520477554588,0.3435219611994509
6891309,0.004899665270827288,0.012946864161351818,0.01232398513780983,0.007524705185124206,0.004957474156057701,0.09220954281803537,0.1624576776678395,0.018686103034187784,0.6839939825687664
6891366,0.00933090317785987,0.004491707984356187,0.007899897048269567,0.004535388177225671,0.0032950264891420393,0.03436384929083602,0.20444066677982428,0.012307618871788502,0.7193349421806979
6891473,0.015409854994726075,0.01189083228503173,0.032119382171967574,0.03368429392944425,0.007862953782188835,0.1504715377890128,0.02508853564902425,0.047994519918028444,0.6754780894805761
6891484,0.003768349627275038,0.003923073935015852,0.007642313520061224,0.004425349828398467,0.002514663063481806,0.02858036343007633,0.041844557052619136,0.013052652594619999,0.8942486769484522
6891531,0.007905927497837015,0.01667000526921806,0.012322730204412446,0.009890958584493346,0.004582464962691085,0.08424595336720024,0.721024202398585,0.014569540590428373,0.12878821712513439
6891557,0.006454833343906297,0.007412449990101245,0.02386603576779773,0.013227455188947192,0.0035738757905656184,0.042491326679722885,0.028951043327495395,0.038538848517570466,0.835484131393893
6891579,0.00766956745271837,0.011674737879201853,0.017787865553799544,0.012574993489634742,0.0058848183015040795,0.056628928480714505,0.37199760534767096,0.01902265926342556,0.4967588242313305
6891867,0.01192584826239823,0.005996182526921856,0.007580627213439419,0.005370142944531697,0.0026450092956145487,0.029296689517898003,0.8696828998250997,0.010143018524290367,0.057359581889805965
6891888,0.009340769981296326,0.006893375788495587,0.015356220989837206,0.014037921272001475,0.004516103274435196,0.03448829796876387,0.07832040257925167,0.036395118807560314,0.8006517893383583
6892297,0.0092359982185928,0.003638383679440509,0.006958837270023534,0.0037287711032957327,0.00311381211987673,0.036597918214042936,0.6874770243411246,0.010824812937286127,0.2384244421163171
6892562,0.006265401251744249,0.006272346955430241,0.01079065721769372,0.00768185353725282,0.0037284300340411003,0.0425802676098685,0.7175211513895151,0.01499731944558239,0.19016257255887192
6892587,0.009344389064823985,0.00841778731958805,0.010682097198463534,0.007371123784618066,0.0037463511797251638,0.08621402262702588,0.6184911436361584,0.018707782026302838,0.23702530316329412
6894293,0.012345049914927849,0.245273721758019,0.027089021296594393,0.1426099531030032,0.14852759236325108,0.21284446684994027,0.010451364883381527,0.13172759342644302,0.06913123640443959
6895609,0.007438359196601508,0.0239108415662643,0.04907074439019339,0.0982466662123856,0.009671558778304496,0.05305638927319562,0.015519383404556698,0.08305088901506266,0.6600351681634355
6895723,0.019427242479759636,0.00722589725295386,0.014291776150952652,0.005910326894366976,0.006011679139847942,0.5712086112820551,0.29744740451510704,0.026396411770233646,0.052080650514723145
6895905,0.009547096179076776,0.007842519523050174,0.015228569399252753,0.005700628929752936,0.005832992660281161,0.39443024925053866,0.4814780517820682,0.02032969615659181,0.05961019611938758
6895906,0.015688962596253866,0.0064966230949215775,0.017234995593189507,0.005449866179585014,0.004900997163575636,0.40369800634946484,0.4715546478920394,0.0197496368114482,0.055226264319522086
6895927,0.028403175511955557,0.013553378280221212,0.019689400306745267,0.009649997789255224,0.009928658052870442,0.6645308101675647,0.16023598564559935,0.03751235868977861,0.056496235556009765
6895938,0.009728728371041348,0.00709051566510923,0.012325391324677899,0.005006783641432811,0.005528090472489868,0.36218130772242685,0.5393714246728735,0.01808628637833943,0.0406814717516091
6895939,0.014823590683643379,0.007812594545348332,0.014599640317462841,0.005837732476810953,0.006519921899948676,0.5736430608597408,0.2507917057090018,0.028150803001232603,0.0978209505068106
6895948,0.009008960697925058,0.009366385613415908,0.015069292679236552,0.006477697754102967,0.006421034497345186,0.566791357712375,0.28481520580743436,0.02525935628748475,0.07679070895068019
6895973,0.019168111353772582,0.007169938823319901,0.019866422441886075,0.006725556583658843,0.0061318691181310985,0.42409877286904085,0.35439706485061945,0.033757952245078285,0.12868431171449304
6895974,0.008513918955100966,0.005085330696069695,0.010578905515073584,0.0035782206273062304,0.0038716217820225327,0.2689393640035821,0.6286470540218643,0.015650327539979657,0.05513525685900085
6896754,0.00876008046406929,0.008718954247265162,0.016152805920515975,0.00927837149619896,0.0051380739657748715,0.1586941835098578,0.4366435254637077,0.020114927706679452,0.3364990772259307
6897915,0.009033976045805674,0.15182163435674972,0.08204592544917608,0.1412299941111133,0.033777074805926496,0.2601887156487761,0.02615450039993581,0.16382609951852617,0.1319220796639908
6897964,0.14291675922974845,0.04066297850994781,0.06342370091242376,0.05055326765974789,0.09768685394599069,0.1699527647073771,0.02433530069681028,0.0779300414117171,0.332538332926237
6899282,0.005021477220478735,0.004834076964818923,0.006650607446045399,0.004652018145022986,0.003029893598843632,0.06357938241074972,0.6928072701391746,0.010975763122615076,0.20844951095225098
6899294,0.007927125367234344,0.004333028536788311,0.006545221681536543,0.004589580238180912,0.0027208281884234784,0.02758953612603729,0.8200435177050298,0.01095559080408966,0.11529557135267958
6899376,0.006830451547947029,0.01548072255784242,0.01808216465817198,0.012265397965283096,0.0053593870806408735,0.0587264088719599,0.23149323749844045,0.03540724422355113,0.6163549855961631
6899506,0.00687219466228894,0.004300678040195174,0.003871274977059441,0.003340481644281673,0.0024466630662686017,0.11973427053507066,0.7616791355651501,0.011935578701494925,0.08581972280819032
6899530,0.020412132291434314,0.007513689187546336,0.018122109279592635,0.05781164158229782,0.006617238145609884,0.08089381462655962,0.020306386962176876,0.06996325877087856,0.718359729153904
6899560,0.00998409494688656,0.006633079588795631,0.00992906979517504,0.014433360622691665,0.004931769748523548,0.12638751508584312,0.09403286074131458,0.05861142862532636,0.6750568208454436
6899670,0.017877077931478143,0.007663959406447804,0.011975997711689237,0.006276047410691169,0.007894740257925805,0.24748016939459735,0.08600486487328196,0.05229758998329965,0.5625295530305888
6899695,0.011018410400080959,0.0070408069268875694,0.012348850399216835,0.008806797550975277,0.006945366367871737,0.1219777277476787,0.037825238363798044,0.03062764419333103,0.7634091580501599
6899730,0.016359996757270925,0.017629592230451768,0.015574875560269008,0.009664510072593193,0.011245572684968091,0.3163322296536579,0.21437306851280552,0.036327426575906374,0.36249272795207726
6899754,0.03575981038315523,0.011125809157912918,0.039628213775219634,0.11304783350320745,0.01898223924112224,0.0923708759168949,0.010153871337052027,0.11038666606513671,0.5685446806202988
6901206,0.008529252526723466,0.020869280842518288,0.02115539202731778,0.02090831908646562,0.008124411375655616,0.2128997398551302,0.3928850818366185,0.04249513012671946,0.27213339232285105
6902131,0.0025883130053310616,0.006768991045743131,0.005302401043688761,0.004018999674988885,0.005161829202064441,0.8253919124088074,0.11254762305569327,0.017188139122885006,0.021031791440798107
6902271,0.017336277827971987,0.02586066773505524,0.026803040433470864,0.07777379091141028,0.02727101288079877,0.24520299710518187,0.015074633582918297,0.09340207408406803,0.4712755054391248
6904326,0.0063879704223768685,0.002581290396823742,0.005026578667674131,0.005454209107634311,0.0019059851100896405,0.03179207373138293,0.05456468105043179,0.02073063831611715,0.8715565731974695
6908023,0.003893716698292959,0.059340452015788935,0.014361252159958662,0.14396420095307255,0.035268429466172244,0.6168850545540773,0.011375366125567835,0.0926097894098973,0.02230173861717217
6908625,0.004312653325110189,0.0038003024556219297,0.006930119010771956,0.0036561388099125166,0.0024871542191138326,0.061393239373370635,0.8545605419800797,0.009411057168992466,0.053448793657026865
6909657,0.004374500065039936,0.003199924834183821,0.006272847124159658,0.0046882413226977185,0.0022572957746341132,0.034159555383378164,0.17068099341253978,0.016872907717338154,0.7574937343660286
6909786,0.009488441932889632,0.0042110506359532346,0.006660663898430521,0.006431951194079048,0.0025171758198845613,0.0633038323298287,0.11806429644131346,0.03577614904678814,0.7535464387008328
6909952,0.006823874758558693,0.0033872395769970398,0.00672426753799774,0.0049656598235280885,0.0026476663003712395,0.02348302688861407,0.6571195197146215,0.01153405005518136,0.28331469534413045
6910003,0.005579127087118102,0.0026782334648660817,0.005042049481859324,0.003955041701590598,0.0018430924381170923,0.01996448198424587,0.11735354276808607,0.011915089345884929,0.831669341728232
6910407,0.0018728491085781825,0.011639001378370838,0.002695579225627847,0.004293400843122999,0.004750195894873394,0.9392060155932134,0.008668379616332792,0.01864693965068702,0.00822763868919367
6910422,0.013242623237556823,0.0066249761332351316,0.012681868316484225,0.011318438976417768,0.003658616905140828,0.06770272431896704,0.5404116169191578,0.03343538884624554,0.31092374634679476
6910425,0.007214409542083805,0.002658310474651839,0.005028751745211308,0.00438976347936594,0.002098850598767455,0.023708342043333164,0.1451894647824787,0.014566676214362818,0.795145431119745
6910560,0.011347672615794776,0.0067143488880829555,0.02293595152669953,0.08041815593998881,0.005137036397063199,0.051719960248911685,0.016604629385901144,0.12758880739986853,0.6775334375976894
6910590,0.007159021544705411,0.002708909100586745,0.005562066113392338,0.004584491635155658,0.0021662161596746644,0.027164800342959095,0.18649329724578773,0.014212436729285764,0.7499487611284527
6912744,0.0010862147692892723,0.008306713229634288,0.001979672069081075,0.002840168018465647,0.0035725238542606867,0.9381298411689042,0.014457542214966012,0.023772323142684168,0.00585500153271474
6919118,0.01019421188590806,0.020013243347937863,0.016381212562211027,0.0192067393630038,0.0063537772544430965,0.43217828169022393,0.2756185030851992,0.034472063312781714,0.18558196749829126
6920152,0.00997296190921146,0.012122446007552254,0.018547522558883055,0.013433658594648307,0.006276431594148569,0.3332604207209693,0.3567444701145764,0.03963967143982764,0.21000241706018308
6925791,0.0020554514738151514,0.008965840115564297,0.004930572650395108,0.00554833447440846,0.0031448162310739897,0.8255996907285984,0.08529200447214386,0.027524554544416154,0.036938735309584664
6926246,0.02430557008343268,0.010411753323206516,0.01239547432277301,0.007405797467351087,0.0061560543230469635,0.4465588746669718,0.4348704133818935,0.021653670912874456,0.036242391518450164
6928841,0.017053212906572787,0.07924266615463543,0.04294152318898138,0.11801044372356177,0.0806259033598315,0.15818993831355732,0.01193294782124797,0.46698224933155735,0.02502111520005441
6928933,0.010549423322515858,0.014400145574843686,0.009088741107486219,0.005422273628718557,0.0064623415846269405,0.7936680771148293,0.10844554756723868,0.022206808583617597,0.029756641516123228
6937241,0.01252247580452537,0.004355469583768377,0.01806607744241738,0.01301303351808252,0.002603123650660483,0.03099584635187174,0.019700761857614484,0.06845915960751917,0.8302840521835405
6938426,0.0010745026201747457,0.003989276391695879,0.002307694917967884,0.0015433623983411408,0.0014324005719860574,0.9413190198601034,0.03714357532092776,0.007181458088316009,0.004008709830487191
6938530,0.002261081364899807,0.005753913195872606,0.003366084972652428,0.0025962117137411094,0.0017979727615708167,0.8363792532370421,0.12623800310375108,0.014556845257162884,0.007050634393307235
6938682,0.0023963587079507504,0.0025782905823866762,0.004108588534767322,0.002678067366891703,0.0016255796490067863,0.0416033357271986,0.8534567517768533,0.00641765616193558,0.0851353714930093
6939166,0.000991407077127381,0.003566550580229795,0.0020783997253354287,0.0016006999441754992,0.0014252775315401075,0.9152466903490001,0.06224620486308529,0.007998897992355055,0.004845871937151435
6939222,0.004690100475046738,0.0031064751657132713,0.005180320921841926,0.003142279793999091,0.0025268754177181813,0.05569015868968713,0.8885895890703892,0.011912889511295457,0.02516131095430914
6944591,0.010622076436683081,0.0049466712086082745,0.0076695417910387685,0.0033276030420555302,0.003087281375158961,0.11496879302646636,0.8126651788378971,0.013747991880726023,0.028964862401365768
6947293,0.0020224863338092207,0.007138143779679825,0.009038228554447058,0.0033244448149171847,0.002516969263349386,0.8773987469629122,0.0393645343677488,0.0360791566742491,0.023117289248887236
6952804,0.014478513838354266,0.011714054952989593,0.07189295702815168,0.016966535961900713,0.007858443058668554,0.5295030165425222,0.08207916564884922,0.10194937712209752,0.16355793584646633
6975207,0.0022989749873579385,0.009961058649611717,0.00840278620779482,0.0023779825445284044,0.002121848203235116,0.9176276651092533,0.012413112651711753,0.03276514511631414,0.012031426530192653
6975472,0.0014388006739911611,0.0039706654598187395,0.002968847950074113,0.0013069481278841588,0.001337076805770479,0.941076669993926,0.023627159175687,0.015780844540320194,0.00849298727252829
6975490,0.001838080430512062,0.004468676263582962,0.0022354303022318013,0.0011272848640533843,0.0014005410920363527,0.9371731813014638,0.008719926534681854,0.029415002963940784,0.013621876247497186
6976427,0.0016126141148168772,0.00358998676854096,0.001928089954468528,0.001029281985581212,0.0014909171078504942,0.9406301734709636,0.010652080802358075,0.02445168426906073,0.014615171526359601
10551287,0.01953276969214771,0.021629578059483606,0.011669568158629108,0.025297975294807224,0.01047914394002027,0.5998402695548779,0.2139040818199802,0.021615974179017925,0.07603063930103611
10554874,0.36027186245243287,0.04941788807588844,0.03159312861921132,0.03421028267063383,0.03151524086952792,0.23577370320788602,0.10584367950184796,0.02627341610274781,0.1251007984998239
10555071,0.008101771820730649,0.014605588578495279,0.009837786788643332,0.02174394295279034,0.0058360345532265274,0.2803717994096497,0.35647823178958393,0.019493285736281046,0.28353155837059923
10555459,0.014463563829849027,0.06867375046321926,0.04624970975424129,0.045516339573303734,0.023257292255704685,0.25946031358222615,0.07596661635187871,0.2267299359468761,0.2396824782427011
10555968,0.07889598504081292,0.05345202501530307,0.02166215682268219,0.440864827286483,0.10074682391673061,0.07732458252908331,0.007669351463484579,0.0391355850314415,0.1802486628939788
10556692,0.01563507547617611,0.03539519006964894,0.013468221784478086,0.03059391778140076,0.007390949386778392,0.25247663281157473,0.10259251024921452,0.03304507804580623,0.5094024243949222
10557065,0.002583227877919114,0.0460855732494826,0.004348708624537975,0.013459626269543756,0.008116414383264688,0.844466998646773,0.03322248377832978,0.016260325348103642,0.03145664182204554
10557235,0.007123794134428664,0.05588784725267762,0.022457911631693576,0.16735434936680724,0.03018453172027276,0.598117863188815,0.020176157075594593,0.05566419532589903,0.04303335030381152
10557310,0.030728206048544347,0.13670570302097476,0.018666164334376973,0.13997320863362267,0.12936641122894235,0.13494743835099557,0.014255080687535013,0.04790955248876393,0.34744823520624446
10557603,0.009680743804373221,0.09025800203838023,0.012094364151134013,0.03838397605360827,0.009485413885405634,0.43089489553258503,0.10981914329392925,0.03026421950325245,0.26911924173733204
10557649,0.006112988530751103,0.04340050249348088,0.02021082373453848,0.0303249427390207,0.03067597229826038,0.7590987243271936,0.018189642202009516,0.05166818159150498,0.04031822208324034
10559369,0.016906805434250844,0.04197012520397012,0.011278637810242251,0.015109982724173767,0.011554179051687749,0.46401660026771957,0.3069912036727419,0.018110472828578514,0.11406199300663512
10559516,0.006242473437771941,0.046406458031448945,0.005488150661876348,0.009035940343033663,0.011522455763676796,0.7269670952708612,0.07869149350945157,0.017132552053544657,0.09851338092833485
10559765,0.004882987816042811,0.08496380817581448,0.008695555537975385,0.02681035330111031,0.01101325155669642,0.5359948549757572,0.1343439334201636,0.03443576040119337,0.1588594948152464
10559904,0.028402625829954432,0.06085936564343353,0.01839236154133145,0.035908023875308795,0.016446670536924474,0.40296910351852,0.21547694095533157,0.036394619531082584,0.18515028856811303
10561136,0.033676002987816395,0.057486203310145034,0.014817938020020995,0.03815046882952061,0.019391552329235267,0.4847674954500711,0.09759771251824274,0.025868869796720873,0.228243756758227
10561583,0.03233766256525378,0.02288278622334815,0.013783300411169182,0.017726454711088,0.009277934425263853,0.4873138940209942,0.15308567820523147,0.04340796065528015,0.22018432878237118
10561870,0.005563454718556747,0.013646742435124443,0.004484599891959916,0.006656594339360618,0.004869972472173439,0.5493290825897327,0.363963353230488,0.009995905412480664,0.041490294910123536
10562711,0.020839081088048793,0.3014504272795866,0.020088148841547682,0.24956242345723215,0.0559734993557963,0.12245605414742305,0.014251419108570541,0.02837664415658887,0.187002302565206
10566953,0.006557301799791994,0.035315535267406065,0.007619859012851351,0.012593312776355323,0.008847084886099742,0.43933069130567287,0.3827993147164064,0.04652854710662874,0.06040835312878757
10567563,0.08072511635139683,0.053734198438771544,0.01651995421233402,0.030400313834278,0.04131363482565701,0.4223478117562241,0.10418259636918152,0.03859518530876754,0.21218118890338944
10568512,0.0066034783453079735,0.009091080423569011,0.0053639616173357255,0.010804017290109498,0.003597027363919542,0.1220635898078335,0.7876559912760661,0.010949121913599718,0.043871731962258985
10569249,0.008543123238181204,0.011031966216348346,0.006061377499123066,0.01217906759778676,0.00527841057184426,0.42848360845200134,0.3627505436871249,0.01815014424065996,0.14752175849693017
10569900,0.027346453536800815,0.21605807303923952,0.0216351384863589,0.21633668837601178,0.2637362650281947,0.11024515829359019,0.02729698810999124,0.07119585876212899,0.0461493763676839
10569996,0.007892313973013286,0.011921350001509087,0.006924248164697768,0.017590259674773224,0.004629550734121524,0.21776947747891884,0.6564271883618993,0.01578614038310502,0.061059471227961966
10570047,0.00897877295674191,0.035276756507892956,0.007067048377328957,0.021957069913623815,0.009786576318057561,0.7017028252069758,0.12139135583955932,0.03326321951718968,0.06057637536263003
10570186,0.03062986591024227,0.023462078674248207,0.014504780863571001,0.037608500101521156,0.01596773468467415,0.37986193444349675,0.283178188909714,0.03616437352497455,0.17862254288755788
10570190,0.005233793304629643,0.022434689647612763,0.006286051224220231,0.01634488090571956,0.007046994786301494,0.42604214987634476,0.4463670415178436,0.017575803221135104,0.05266859551619285
10570281,0.006884993364620226,0.016450153116742562,0.008260847616027083,0.019117554248632113,0.006021734061911003,0.33813676630468076,0.48677098881795655,0.020842424920166296,0.09751453754926351
10570444,0.445407205689768,0.020566228002516125,0.020121569520956388,0.101401282874703,0.022933336038800642,0.22765471072811194,0.03416166203843846,0.04028918843720208,0.08746481666950348
10570516,0.03542779417263455,0.02742722446597852,0.014995503943956214,0.03345309942996641,0.012128291928405697,0.4416698088647162,0.23584999113555932,0.03686490516866576,0.1621833808901175
10570563,0.020347244242096656,0.00786233265578518,0.006371564130788099,0.009922668450119779,0.004200007345261028,0.17173098687917912,0.6489659700184406,0.01660325153331425,0.11399597474501541
10570908,0.02749565487876287,0.012953258545600728,0.008254811406485757,0.029030689254180637,0.008220991522603367,0.3355570932166378,0.4247558625364443,0.02915774919646718,0.12457388944281739
10570962,0.015235202213906163,0.06637511375212901,0.017214273055825163,0.023250675742372245,0.020490445787112937,0.2940183501889792,0.0807076763226225,0.39993023317860454,0.08277802975844831
10571126,0.02215863024988934,0.010973826055440145,0.009279087940767993,0.01887169654813396,0.00583604531436302,0.3513412345548129,0.2864933838814982,0.030776489388195546,0.2642696060668988
10571129,0.18685342489297366,0.02740985448515798,0.016221566307880967,0.1084384154206004,0.018912895861109415,0.3843413752412097,0.024514157284166036,0.06034601947318307,0.17296229103371882
10571130,0.08865770733814186,0.04715491920783914,0.018793065847467535,0.2422702128464185,0.02241120929384736,0.24015035461111145,0.018350896050846457,0.059698034161085684,0.26251360064324214
10571150,0.05033835253961289,0.031152122650662365,0.013553770453786912,0.033433270419920794,0.013439805225366544,0.5527376366838614,0.10875642195393795,0.03279851329419986,0.16379010677865113
10571157,0.022630563853849237,0.008203410896889583,0.007190408863368832,0.01205938127074447,0.00446296298879524,0.15720661166998626,0.6637973322297023,0.0213322288789664,0.10311709934769785
10571249,0.01797727172421304,0.01811535731917751,0.0070097174268196945,0.013611988201758612,0.006349079742389111,0.40457152947684033,0.33277103958600285,0.022791149103732943,0.17680286741906592
10571563,0.016539594751305432,0.1915974043261601,0.01607996146987085,0.05033918832563469,0.052118971362772236,0.39304871679156667,0.0990912537185156,0.0636120485613783,0.11757286069279609
10571600,0.04352898332524138,0.022742342174809704,0.01224414089195329,0.026292278155871273,0.012407892810372207,0.44226244166902373,0.2130974695701212,0.02880639077213709,0.1986180606304701
10573894,0.018679001964096668,0.03736124731458624,0.011889234702565055,0.11123328327041385,0.013496718030533098,0.4384508601429812,0.056180281552284925,0.08638410419552275,0.22632526882701628
10574347,0.03922591752195526,0.030321952040400273,0.01170629325540581,0.03929516990493521,0.008373737120546093,0.5457929331626896,0.14899593645129797,0.030481312102866524,0.1458067484399032
10574370,0.032727070006957966,0.01888563566788683,0.009675704466952253,0.03487208314760652,0.008026635499633023,0.5105389165307409,0.13799955945033338,0.03256314849561098,0.21471124673427827
10574372,0.01397202619866596,0.01330666482394176,0.006039181726988396,0.00994140081152054,0.004069129710854992,0.2361235080882196,0.6362745208438674,0.013282407351126232,0.06699116044481519
10574408,0.09629160328176543,0.04928067244040915,0.014980948053423296,0.16482536041203982,0.02764095259936665,0.37171255164688716,0.019762549510281037,0.044281048150595685,0.21122431390523178
10574430,0.017674676462976054,0.02208525724830414,0.008325585996162418,0.030821083016769012,0.007970385959424502,0.5721588536491815,0.12986550865788446,0.030483585032806,0.18061506397649202
10574439,0.05976455610231892,0.02592539017452871,0.009421196428645508,0.04819281193237914,0.008545112726132113,0.5609352458925068,0.061065215285206365,0.03534295026253317,0.1908075211957493
10574456,0.06938202118310333,0.03053005645980639,0.008685659177133568,0.03325421841193348,0.009357018375612279,0.5054975299448488,0.04997225384026018,0.033569624468544,0.25975161813875797
10576038,0.25102089183464826,0.03166051332184568,0.014836641858857368,0.034379560892474584,0.024875037513663774,0.43610351829161936,0.08081958314243501,0.04658148504054058,0.07972276810391546
10576770,0.023707673764028513,0.026926456309856253,0.010245609827409448,0.09265108678071717,0.00816283916998986,0.5864719099757643,0.05317333309597238,0.03486527182005625,0.16379581925620598
10577118,0.00789818082320576,0.06329919547976291,0.011055928633753872,0.036116228966417877,0.013558115546932372,0.4606659255057448,0.11944592842543698,0.06070460116750216,0.22725589545124336
10577354,0.012927615086286443,0.008341234591876814,0.006106607430954965,0.0066851790411386405,0.003900282741842372,0.24642044894849024,0.6608311958178952,0.016228124263171634,0.03855931207834363
10577622,0.005885224400128977,0.03957861276983593,0.010064966724128259,0.02300165209768268,0.008079999359253978,0.44484186760745353,0.18278678953687505,0.0420967652649352,0.24366412223970646
10577723,0.009093800115963046,0.014603358327237758,0.00627721876308238,0.013992342440414121,0.005346822318842211,0.6667245802114711,0.20148275622416337,0.01742596615053449,0.06505315544829157
10578130,0.34372973683412283,0.03493341690107413,0.02851292969489725,0.05421830882159031,0.026446534141468143,0.25548881399282974,0.10200582750668691,0.04203658875754866,0.11262784334978193
10578295,0.007600505634987549,0.008719243477777834,0.006557053832857624,0.01650798177133786,0.00427429179066903,0.19749532774633632,0.6339208946975837,0.01755970254363846,0.10736499850481153
10579132,0.0032710055955029143,0.00613155965558088,0.003439971456629918,0.0068730247324376515,0.0025519355001229933,0.1916933694159752,0.7394052439323533,0.008295468116306135,0.03833842159509107
10579372,0.006008890856900858,0.012414458652591071,0.006907490704999681,0.008281588389700632,0.004927072592801224,0.31525416969021236,0.5964688552269721,0.016856056569680047,0.03288141731614207
10579452,0.0066866255075211985,0.07490382846812788,0.01551715424432954,0.1350861042665502,0.030100337889924226,0.5884128153618708,0.04307728712312565,0.043031516654060194,0.06318433048449028
10579754,0.007268283427694852,0.02477913729418121,0.02373519294744346,0.03528386658640424,0.04169564700033124,0.7046088646931449,0.03360330147834646,0.09569319234982412,0.03333251422262957
10580098,0.009722760298863856,0.02969041449987237,0.007889314420074466,0.010442234715724252,0.00901790443514739,0.6083935612495028,0.224164315132331,0.05674272000764092,0.043936775240842905
10580150,0.011629324883290834,0.01613183082785366,0.00794812230488544,0.019850503769626167,0.00931885431760052,0.7596230166728858,0.10840859194875027,0.025476140915634517,0.04161361435947277
10580642,0.03474357295276417,0.020543239898924495,0.00863818296182392,0.02818008220473267,0.009924594974311338,0.6282309746413124,0.09129032540910471,0.03253255371554198,0.14591647324148446
10580740,0.01672195467774238,0.009814811087316884,0.006210476912277323,0.010344320718353728,0.004564543780700637,0.24586140500202205,0.6170968986524099,0.01942131102500809,0.06996427814416907
10580745,0.006265778530892289,0.0071921596852530375,0.004907798752827785,0.0077323275542054435,0.0033079057151042504,0.22183834758679938,0.6584096310654417,0.014355429985671936,0.07599062112380425
10580771,0.05114147227788034,0.0167075162511062,0.011722256334936104,0.046338037827284614,0.009020888187671256,0.42393182588097594,0.1080498877575815,0.060166189330557576,0.27292192615200656
10580995,0.011090825559995745,0.02567045894537066,0.011539178337346027,0.03427082797305641,0.008297075969491375,0.3451332074797571,0.20077768860218992,0.0465394344164117,0.3166813027163811
10581310,0.007876868357837356,0.02275423715058441,0.006804568156104885,0.0164893761862483,0.006833622393752113,0.3707541504302052,0.47301758780904984,0.02064461355730282,0.07482497595891509
10581368,0.0917968722554348,0.062428199656946765,0.01860168028172865,0.31409665254701896,0.036887929927989484,0.22134851994994076,0.016014714365640975,0.06549520937853642,0.1733302216367633
10582173,0.0885751934950528,0.022475226476597845,0.017408006693715384,0.03652677437639433,0.0222233265764447,0.5129871543103565,0.12452242900612469,0.04273106979131829,0.1325508192739956
10582418,0.5045702566715805,0.021235313337353987,0.019541098049742318,0.021839402012789333,0.02598045247165962,0.2549840100022162,0.04674889110454963,0.02673578735888037,0.07836478899122805
10583009,0.0048964005332056346,0.007065552419270165,0.003958328565147044,0.005879392321542518,0.0036993090953172224,0.32594794841679453,0.6160468210202369,0.011661916975684895,0.020844330652801196
10583434,0.007170432502840309,0.16384947741540296,0.015015894970702721,0.22117826804881333,0.0166131110861157,0.2843416491918843,0.04922667448588696,0.07316025245889189,0.1694442398394619
10583521,0.0033868369748267886,0.005611118754831981,0.0038425432432359612,0.007804681264207896,0.0029534914266092114,0.17139673270538755,0.7413401783470865,0.010059459395884596,0.05360495788792954
10584210,0.005933520208329099,0.017896676114577674,0.007223309663842934,0.012816581704792003,0.005038769413040196,0.289368181760609,0.4997564076726179,0.020483122889145323,0.1414834305730459
10584222,0.010238115615928417,0.011613125653375035,0.006683942090369173,0.014428141462305418,0.005134967234184194,0.33635434309901313,0.5187950021927403,0.023917976699669996,0.0728343859524142
10584314,0.019763648091100223,0.010476071399464717,0.010166681337921205,0.013067695899332495,0.005462499769495887,0.16357285581361322,0.32293748938132577,0.03079633858215296,0.42375671972559353
10584430,0.010723798116204417,0.009821542660106479,0.005091589862272449,0.009221689981764595,0.004033070288618817,0.24604728815722524,0.6327196522584728,0.01521295160179864,0.06712841707353669
10584519,0.014643012549017256,0.06409372201726286,0.013134626206127991,0.021673554366802707,0.013271984264511746,0.4897104231699154,0.23792842016842947,0.07522856662893423,0.07031569062899834
10584820,0.01614593872965091,0.09113454154896694,0.011787009118800878,0.030854379039367944,0.04774830835659834,0.556714651413154,0.10775152107777976,0.04784734832666767,0.09001630238901359
10585136,0.007854650221773476,0.2326369621125211,0.014025650212436716,0.16246750599130025,0.022333874022090198,0.3351507441801707,0.04157706474243162,0.1111991147402771,0.07275443377699888
10586849,0.01861766618883863,0.017393457963174735,0.009370857620824223,0.03774840842932843,0.010763891584808612,0.6339308554265625,0.1897732819106582,0.03089503796365236,0.051506542912152266
10587734,0.13428746146598705,0.027680542190668678,0.014341121266704589,0.01818840344509218,0.016934633245012286,0.4007248917924165,0.30465206153620517,0.04110694142822894,0.042083943629684505
10587840,0.026881573889659623,0.02181057871314706,0.012311332700131272,0.030217777070764274,0.008735318105059434,0.5812252029367116,0.25623608663798664,0.026588032558522108,0.03599409738801781
10588529,0.009213407652902851,0.002280634181142302,0.003076090961795796,0.003836396359938272,0.0017927236541078846,0.03126810180811986,0.8776191500175021,0.006790058521926112,0.06412343684256479
10588664,0.0074875576392769705,0.0028058467426435338,0.0035204399422109683,0.0035372493203883405,0.0021899494916751134,0.07210809908489729,0.78254570272423,0.008008472886157034,0.11779668216852078
10588792,0.021175652392202246,0.0049779666416301495,0.006531565063764518,0.006395270567106531,0.004134269550544946,0.047030767029507814,0.5695892174805387,0.01635072278759663,0.3238145684871086
10589349,0.006707535456398312,0.005148993553452472,0.0069501979935018875,0.009177036336687826,0.0037611399406024745,0.11394894964109295,0.4764803873221799,0.017872636635835822,0.3599531231202485
10589410,0.13122869715098448,0.011443195047336284,0.018299080108282257,0.07982792124948286,0.010358256750845129,0.33916716817397063,0.08165177406178428,0.0741458499630036,0.2538780574943105
10589411,0.08587828227220617,0.010881860526398767,0.011507854588004372,0.014336946839416142,0.011449502132310458,0.37321347809197025,0.23881178719159435,0.024622989893849933,0.2292972984642496
10589472,0.056487928290792,0.010298744365130046,0.0132285916986371,0.014629561277530805,0.010809510945185627,0.192493843893293,0.430282813862872,0.03246899073919263,0.2393000149273669
10589485,0.10412771740526074,0.012472538978232917,0.016294795061324665,0.030682508766893598,0.01201507521615271,0.2531088854934293,0.0564352405556122,0.04058294785375484,0.47428029066933897
10589763,0.007117166307755001,0.18513105163519814,0.016439254914135053,0.12314860719606475,0.019619987663744128,0.4803960327294031,0.051947574959099276,0.0657723762972122,0.05042794829738831
10590733,0.01261176010599459,0.050912952274958255,0.011829616103090903,0.2701447344893397,0.03711110094874038,0.5138156092269829,0.01635619806473361,0.06137046224122927,0.025847566544930433
10592587,0.46361732086140695,0.021783203708228387,0.0180684067881838,0.030347551796401213,0.023749326703702358,0.260826121543635,0.032997427799840696,0.03225313823994662,0.11635750255865514
10592944,0.010789796477853712,0.04556044262993002,0.01732009407912419,0.11543917858599646,0.028987442671389668,0.6252948111552084,0.05355761523143075,0.04625334784905694,0.056797271320009904
10595034,0.07657845062542167,0.039008035759334,0.017050197218279477,0.04849700584611371,0.027367376138622772,0.5506156681076965,0.06759856553515609,0.046854089275436696,0.1264306114939392
10596119,0.01640572257357214,0.035289644304474746,0.00851178405894261,0.014485158432059015,0.011724607056677813,0.654745853134895,0.1795087096842152,0.022820350341145657,0.05650817041401794
10599481,0.003405997026738309,0.008935996763992522,0.003012382033407698,0.006756794127838511,0.005225533794235478,0.5951768158277697,0.3398281929786408,0.014628350662321285,0.023029936785055653
10599552,0.12766634870463656,0.011373825518085402,0.015388165146023494,0.026247281525518338,0.00928689475959214,0.3235644849735106,0.26943205255893427,0.02994201540785196,0.18709893140584732
10599609,0.021615931176760386,0.004094414175562749,0.008381127694751198,0.00785303011412471,0.0035117224530503035,0.08748766665068215,0.6299509791908318,0.01415052720917949,0.2229546013350573
10599643,0.0055296051078258125,0.006587080760370793,0.005271959188825364,0.008226177807571107,0.0036682158587920326,0.4434396242289462,0.45018086369299964,0.013534580026982388,0.06356189332768664
