track_id,Clutter,Cormorants,Pigeons,Ducks,Geese,Gulls,Birds of Prey,Waders,Songbirds
6868504,0.051873443342739155,0.09105733192456975,0.12549478365493122,0.16949533516863607,0.3545101465239615,0.07744261519758862,0.015842611468365506,0.053766088270568696,0.06051764444863951
6868536,0.06237573647432058,0.0860288617687131,0.14860994890313503,0.1314434309788534,0.32787276253185654,0.09185521147815201,0.017841577938319534,0.056667205644898244,0.07730526428175168
6868565,0.027082701050986733,0.13554527696016397,0.12201058566755382,0.0940983429630689,0.43237715710764746,0.08402813561580139,0.013395183562603143,0.037288478389858846,0.05417413868231573
6868861,0.015527696638135483,0.1527639543562056,0.013185782153876521,0.027758617296133974,0.7223697870269857,0.02819086971937062,0.006876328381611723,0.01681589717422237,0.01651106725345811
6869275,0.004822235754787602,0.03851175111512431,0.004910222847447271,0.02389408889197476,0.8949172111599228,0.013171412100970704,0.003148070825789924,0.009431544021167077,0.007193463282815646
6871418,0.020330796716117212,0.12767535084857964,0.1838100761810321,0.10006275175506261,0.1512350327169495,0.13596351022662925,0.020742180190038085,0.19067180191061145,0.06950849945498026
6872996,0.41139107571012623,0.06317968001817773,0.016448626269199285,0.01497131674009699,0.14466167944886163,0.18721967990509483,0.049061129128670264,0.024573030817571635,0.08849378196220141
6873817,0.05807117668067474,0.10051448369406414,0.040014826496811776,0.02072257880849921,0.5543217735568606,0.11784809301869527,0.014124290118903659,0.044283747457371174,0.05009903016811946
6874023,0.006512261563193567,0.05322119223534498,0.021449333532405065,0.016369295714687617,0.017982314509287948,0.7894657812041892,0.021145969691978506,0.04414992537412609,0.02970392617478686
6875504,0.007466352811779576,0.0369111590968383,0.06241945144906087,0.01573928991613203,0.015007914210423336,0.5322322074948883,0.03864714201184819,0.05504171174737304,0.23653477126165637
6875899,0.009206320516730345,0.05032837539245932,0.028440210222680132,0.020229539661020837,0.010739406060531077,0.4599706254395565,0.2421610449656853,0.03527164241544987,0.1436528353258866
6877293,0.045798199806726926,0.06273508089777666,0.03697890405522852,0.028630839901814475,0.012443603777275504,0.07288892976942239,0.03092535820372263,0.04647577604214128,0.6631233075458917
6880408,0.008007499328637027,0.03535334116077747,0.018982343978533413,0.016036577444707913,0.010351323173406876,0.6054589093176621,0.07441858558782947,0.040328512626193136,0.19106290738225257
6880690,0.007645310958439518,0.021147501334781566,0.06515519719910547,0.029061118569704097,0.015463645892948468,0.58451414695509,0.02681261999567541,0.03415589011359101,0.21604456898066454
6880833,0.013180498743732425,0.010562165812000727,0.03715551461639302,0.010649120670367038,0.008778090823380534,0.0768136867458805,0.3718999859581688,0.023012749405042998,0.4479481872250341
6880956,0.00553068518412617,0.05366801393646358,0.016955303277117473,0.0099417487133692,0.012560552819390834,0.7894213171081204,0.03624090688074782,0.024318840164400394,0.05136263191626419
6881733,0.009673719158016741,0.004959388866640426,0.005929459538020742,0.0048458261573421325,0.0033977144087776424,0.06429309641572846,0.8472177755067901,0.006620276370887784,0.05306274357779589
6885154,0.11247044913772579,0.04345676739655614,0.0351288040064724,0.02503577552923381,0.023381430717508814,0.4677288958207485,0.042641465165514716,0.05155325192037157,0.1986031603058683
6887294,0.01574004192067491,0.024423750275975608,0.05086312588474143,0.014846388217269973,0.02182082150084698,0.43910151929816044,0.030177204869469888,0.049966902133894896,0.35306024589896584
6887586,0.045673872594834096,0.0169514411653759,0.048082162304042435,0.023729631597046167,0.014390138026518786,0.1513859068213119,0.026865808765740778,0.04049618028023566,0.6324248584448943
6887600,0.010660233658418694,0.008297909501308392,0.03315953188221703,0.02037553679457343,0.0064104026453022135,0.06420457898000567,0.01493766173655966,0.026497233727878038,0.815456911073737
6887637,0.018869839062962152,0.14838414783784093,0.05328689611356406,0.04635585649054467,0.11730493046512944,0.2397397466173525,0.03506177029576929,0.03519227771354933,0.3058045354032875
6887702,0.0772153617636014,0.01517782785876953,0.06781657521205212,0.015397040788884589,0.010557980243401736,0.09810519602349399,0.14535144894098895,0.038735075978827846,0.5316434931899798
6888243,0.012556252319629453,0.07182111795589628,0.031473911259481534,0.01887077349837602,0.09754437632189834,0.258728572792139,0.031639042677925416,0.03824630603715031,0.4391196471375037
6888737,0.010502442063242861,0.022639932517286583,0.1211320194589861,0.033845760465117565,0.02848571420715762,0.1982133976303509,0.02577910577001119,0.04021903278076118,0.519182595107086
6889024,0.0418478743711321,0.0068905197921207695,0.029327190530146808,0.012049743316220444,0.005838833474633402,0.04409919517009076,0.3577135989063355,0.028673031354693228,0.47356001308462703
6890285,0.012090609809718326,0.03781503495987214,0.028594872336005214,0.012047257901282582,0.009942476344330776,0.1720917143839503,0.6228967911419003,0.017805540658361093,0.08671570246457934
6890416,0.01777180086909793,0.03742497499142805,0.0723921039895485,0.026532799231750476,0.014632333160610694,0.18486755812613798,0.09491488769113723,0.06994780348181232,0.4815157384584767
6890579,0.013643793489674443,0.010821917672061436,0.07438442532376907,0.014555211388013828,0.006975738839706662,0.04251226730645867,0.1651184808710608,0.03003071850654935,0.6419574466027058
6890917,0.013672816067990555,0.017706694053174585,0.053862115771236126,0.025316762333347866,0.012905959485527101,0.1140371996359055,0.460741478030952,0.0616794576496655,0.24007751697220076
6891091,0.016429482199706507,0.010945515371966419,0.08780368992443613,0.0676834748978866,0.019392577885717664,0.06875386742084884,0.011755188227961086,0.04265534326275261,0.6745808608087241
6891208,0.006408158755122768,0.007473914886351032,0.04192264080423026,0.007409075852820676,0.005876809106695445,0.0639618887262389,0.08286445711925937,0.022676574714693774,0.7614064800345879
6891245,0.012435509728744446,0.02188278234084624,0.05674534212188632,0.013088414034539265,0.014386558683057124,0.17247989368990052,0.3821317065576192,0.02956217574016653,0.2972876171032405
6891309,0.00844823436532498,0.01786811032849726,0.029222041051362654,0.011117750631314828,0.010259362046394164,0.10227551240111743,0.18451054681896958,0.024432590705761,0.6118658516512581
6891366,0.030858247914532892,0.008227977779639632,0.01949333560353033,0.008350577464897424,0.007056540891012776,0.05420363672572055,0.175353262621034,0.022601520942628437,0.673854900057004
6891473,0.012321561443669094,0.015279680036351748,0.06944646216572546,0.01725482799826198,0.01507016372757618,0.13591670376041343,0.028109532057525328,0.04002511897140419,0.6665759498390725
6891484,0.0054544871113145115,0.006043549489332917,0.023294222809779958,0.0064114180242695225,0.004845567745602681,0.033318759651027624,0.04233325120622199,0.022173208391370672,0.85612553557108
6891531,0.01249229576426197,0.024793129938163953,0.04927147065268166,0.016189622020751127,0.009573081227964329,0.10740141921758924,0.47929225488909294,0.027106036462477143,0.27388068982701774
6891557,0.008890332012967886,0.013370266715562741,0.09058447965750371,0.014130666464315354,0.006689749169312448,0.041405021763690215,0.020413126057733638,0.04816940731967133,0.7563469508392427
6891579,0.009249970071128714,0.014783474976130752,0.0756371123560174,0.01763886132071082,0.00978902396060325,0.08099713257092857,0.32453874886758116,0.03342176364228262,0.4339439122346166
6891867,0.044585373753127065,0.008861069809091014,0.03500447720601495,0.010291184576224788,0.005255500830550675,0.0424615993741931,0.7487667625704412,0.021123800322396007,0.0836502315579612
6891888,0.020611620248979726,0.012230604058020407,0.04782506034430523,0.025398014416830934,0.008586789457939305,0.049814089837654944,0.05652067663478341,0.06370035547164021,0.7153127895298459
6892297,0.044563507374868305,0.007161375843212999,0.015142659695747056,0.007418773693565986,0.006031612601173958,0.04621850156106116,0.45414905813951206,0.01850573658455411,0.40080877450630437
6892562,0.013411900174446654,0.013242902778188683,0.030461080823151646,0.01938187671702769,0.010949415321766392,0.07484477415309111,0.6028598640699707,0.037851916101164715,0.19699626986119248
6892587,0.021600577326245964,0.015459354698260265,0.04034699012495115,0.016588878556471655,0.011663715280582828,0.11440189947424974,0.4359844357303032,0.0408084212013183,0.3031457276076169
6894293,0.013525525666351845,0.4864890054942765,0.04158888759215533,0.06706719913492329,0.0558873587933648,0.1338982127269985,0.014512535208524323,0.11573670319687328,0.07129457218653219
6895609,0.008559331444883198,0.021251599398764514,0.20797257053312976,0.07192512217568268,0.011807923668336698,0.0888636065981706,0.027585676973173472,0.16832466310272212,0.39370950610513705
6895723,0.015974028853131275,0.014111237778940371,0.04034009827389431,0.01216337041299421,0.012447563337419016,0.5730568436214688,0.20993717361656627,0.042469565887191724,0.07950011821839408
6895905,0.009824973906946526,0.013259333403972482,0.04952361459670409,0.010828454695248067,0.011742215048819726,0.40340043609322945,0.35508675934946315,0.03311472593006193,0.11321948697555465
6895906,0.013921606151213678,0.013877216465868937,0.09018135152278907,0.012726343472433085,0.01129973316994505,0.4588815186351174,0.2620965366292789,0.038557932071980626,0.09845776188137313
6895927,0.018038484501554836,0.01962091342834,0.07031301843201586,0.016080358525917934,0.014326204076931987,0.5242193464378629,0.17105167184317646,0.058881695952713066,0.10746830680148704
6895938,0.010305411460669945,0.012560068349757035,0.04775611303117249,0.010454736842691952,0.01174463464055648,0.3555804148409955,0.42684041644681764,0.034580008530887225,0.0901781958564518
6895939,0.010004947002811862,0.011949216785145916,0.041682696939703764,0.010692912476630475,0.011181062696742891,0.5805770782481006,0.13373520539100503,0.045378929756443864,0.15479795070341548
6895948,0.010233539978393767,0.014306183766441806,0.03867537627899927,0.011193200913044874,0.013653340064567686,0.5452608991890009,0.19623142461624335,0.038735444858020135,0.13171059033528829
6895973,0.014236598559658547,0.014499357015997376,0.08962598621340959,0.013963418593201058,0.012666286918305427,0.3857693218091747,0.24700752518276015,0.054321434390540754,0.1679100713169525
6895974,0.009713786549215266,0.01132408156604257,0.04529099423346761,0.00975371807623823,0.009439378950791291,0.3588184671732425,0.4157157552795912,0.03131746451839656,0.10862635365301473
6896754,0.011524957464772584,0.012487843943119064,0.038990348836923636,0.012560852403581476,0.009396223848380427,0.18877957632579434,0.20593567820528463,0.0314052465051866,0.4889192724669574
6897915,0.015414525842054919,0.06861938266636877,0.1302836868865845,0.057520883898568624,0.03912103725638406,0.20347850131907635,0.05137946491661507,0.2445757683945867,0.18960674881976106
6897964,0.038486288482844924,0.034375700754649546,0.07853269069122548,0.03656227050359651,0.11792700402075917,0.1759029619444935,0.028060615779857353,0.05721158036896363,0.43294088745361
6899282,0.009806622534072322,0.00815040294890698,0.012844611381373761,0.008003446632321297,0.0063328420690264885,0.08142394993541636,0.5177977249064852,0.017003246386466088,0.33863715320593163
6899294,0.03069042930814031,0.008699352668179804,0.020120112568480182,0.010816618337198483,0.006312700595944388,0.03733560922777419,0.6974968593373299,0.028654444096736866,0.159873873860216
6899376,0.011016346501101067,0.027880967768557627,0.06505507079316454,0.02079272912331294,0.009679094598315077,0.06678629876965055,0.19124721528565064,0.05026874351226057,0.5572735336479872
6899506,0.008391912549110743,0.006447679750075108,0.012874038984585097,0.006440187089273712,0.005433939148995093,0.15080693501906958,0.6083121707310777,0.024399488469176493,0.17689364825863654
6899530,0.02677879784840356,0.007455820404408807,0.02546846777780416,0.026200513215759953,0.00781362870148562,0.08681994683819343,0.018194248042901994,0.0533731520516084,0.7478954251194341
6899560,0.02095480153867803,0.008473925368162544,0.01937265428004835,0.013415694034729624,0.006504049166046211,0.17044368598816376,0.1192315580283381,0.07493716468554823,0.5666664669102851
6899670,0.02098190929713907,0.010070692829239829,0.012341529941252224,0.007729841384581501,0.010668061038074867,0.16728977535693226,0.024091699322235018,0.03374128842703308,0.7130852024035121
6899695,0.015599254135995184,0.01135782536106164,0.014311237961711288,0.008703621340849602,0.008025873062241163,0.11830369183954777,0.01776042535851578,0.02719038169093582,0.7787476892491417
6899730,0.032195412082642504,0.022906100800981138,0.02829119549000647,0.018145159542745204,0.01837539041042307,0.24928382182437078,0.15114942541732934,0.05637964616305292,0.4232738482684484
6899754,0.029975248273261965,0.014258074830715868,0.052997535474297586,0.10295110544047797,0.01774865235722858,0.14984391641098446,0.012665827122263502,0.10234561101150806,0.5172140290792621
6901206,0.009778190330554421,0.020512934126105383,0.05389243363812899,0.02615609154876047,0.010828426411258555,0.222955674973872,0.3404168922689876,0.048561456257885396,0.2668979004444472
6902131,0.004836134992134579,0.011581944606044954,0.009948984836796933,0.007157300148566999,0.008150909885574039,0.7372507973608403,0.16130601491238633,0.02134043489524474,0.03842747836241123
6902271,0.012821093218182627,0.03026365557680291,0.03615120995473966,0.02254415678845086,0.029436323166262563,0.3218845014183906,0.014899234224721883,0.1055086742138507,0.4264911514385982
6904326,0.02232229959022787,0.004456350581025083,0.008504025929882014,0.006830377072263478,0.0036463640913239797,0.030518422503019626,0.04044833921027763,0.024830659407006607,0.8584431616149738
6908023,0.008373111516859424,0.030661453470928624,0.024582871599513192,0.16177001543088174,0.026859023071730912,0.6009860708447265,0.01655330656342055,0.09663724381404318,0.033576903687895954
6908625,0.007823990330751093,0.012640512249258638,0.01985847486709408,0.010084629543421306,0.007947905577874602,0.13694976715933602,0.6182845013363704,0.024659986143456797,0.16175023279243703
6909657,0.008387828199873984,0.006637009523242048,0.011118506911168701,0.006076255333102446,0.00454996779375911,0.040109677885505186,0.15391725599791112,0.021900959400361783,0.7473025389550757
6909786,0.02790942047439171,0.007846971808021644,0.01407287444339542,0.008093637461081379,0.00602762056051736,0.0494240192116842,0.06100314187171041,0.04573653280740716,0.7798857813617908
6909952,0.015581861778694132,0.007291570572171639,0.013225498191025005,0.008428421995571601,0.005084535173419499,0.03631541440376204,0.4165433778374131,0.02412496856511276,0.4734043514828302
6910003,0.026319327754100855,0.005249018270663671,0.010640895064699578,0.006000105764657178,0.003986908080697642,0.02599976219090357,0.1056288137256142,0.022854375016101713,0.7933207941325616
6910407,0.0021725546898464536,0.008700220580618446,0.0037950988476550505,0.0031084728183669624,0.004923956018309325,0.9259952874776495,0.007790602543548687,0.03193947936694229,0.011574327657063403
6910422,0.03843323672163647,0.010670186379537807,0.016941328950778517,0.013170333436099206,0.006919853866355293,0.07865858632369908,0.45986909801703696,0.04715318527619727,0.3281841910286594
6910425,0.023011602323846858,0.004641523246545519,0.008720050238244804,0.0052076295606808005,0.0038606426063731497,0.026751089305419008,0.13669485479072632,0.02142187429224548,0.7696907336359181
6910560,0.018753128623445095,0.010124522412391753,0.03161402587024029,0.03898431744020088,0.007077855455806963,0.05403029834464463,0.013265272465832397,0.1801908813019445,0.6459596980854935
6910590,0.021134056758117022,0.004655680231912118,0.009014742961307592,0.005105016565622181,0.0037910811963510534,0.028700857726393917,0.1797779007461228,0.018548711018462827,0.7292719527957106
6912744,0.002909853596044489,0.010874107196656916,0.004555771449176035,0.003728923177378452,0.007822598766478582,0.9056594565417947,0.011352603956167145,0.036968777505132576,0.016127907811171092
6919118,0.012172550190735591,0.01941011601364354,0.03715107263702173,0.01186306526664921,0.010500126378187268,0.4020260244443568,0.24457310940859653,0.03337431340514506,0.2289296222556643
6920152,0.01384089945318183,0.022176490270055024,0.058577739615985176,0.013293998472076178,0.011785427145907981,0.3956659181777772,0.2904636893607276,0.040622952784880303,0.15357288471940872
6925791,0.003913083739877086,0.010564409382911283,0.010396094480106763,0.004995416197918745,0.005217485062491091,0.809689082721048,0.08587097219505899,0.021384150885306437,0.047969305335281424
6926246,0.029457948530976715,0.022221997520399193,0.028455207326228794,0.01588111223203528,0.015157899363496548,0.6076555896461996,0.1573014014299753,0.03312191647869114,0.09074692747199749
6928841,0.017950466880252005,0.044486009177112054,0.04742111995299531,0.1377267004371427,0.05774965252977662,0.12368394894655081,0.02225185276786331,0.49279853693973347,0.055931712368573826
6928933,0.007264380329331838,0.053319682687075605,0.010537173615703043,0.008331760429552816,0.008029741432119156,0.8054761267856079,0.05810596875759277,0.019879361934627852,0.02905580402838916
6937241,0.038351346641330074,0.007333190318286732,0.028909118738479917,0.015779599398571167,0.004943472600234098,0.048968281612600376,0.015279213156526597,0.09389306083540365,0.7465427166985674
6938426,0.0018573898068290399,0.004763406737052898,0.003733505668122535,0.0024921449445063286,0.0023978215141256237,0.9028768480915199,0.0666592658314676,0.007211821058441628,0.008007796347934557
6938530,0.002863889190069089,0.006724586530284781,0.004687347133950133,0.004400940808023942,0.003209783799574144,0.8161009071483406,0.1377680271191558,0.013175803957924248,0.011068714312677337
6938682,0.004622839707421023,0.006767866977654773,0.009186466293241179,0.004916883337642287,0.004390477061427291,0.07530090767480803,0.6829244458655502,0.010519188353727194,0.20137092472852802
6939166,0.0017856074705684434,0.005323051366014752,0.0031192081583616927,0.0025316857487391966,0.002358363242300312,0.8863401049325803,0.082718598902664,0.006358601407147779,0.009464778771623614
6939222,0.004652186573012417,0.005665183072818426,0.01001448596194387,0.004337969143492543,0.0051362181372556215,0.06309723146998462,0.8602902437468377,0.014138473079678852,0.03266800881497594
6944591,0.04282858139755884,0.01561092103772166,0.023432171703239853,0.009496956501662003,0.009012289880805106,0.19108574446520402,0.6307761498405765,0.024078235047005576,0.05367895012622642
6947293,0.004004177896904036,0.009275462971209734,0.01674477513318393,0.004252665465698302,0.005344189342373493,0.8620523737798969,0.0385971052007495,0.03188629817797555,0.027842952032008737
6952804,0.016637274701772665,0.020533556240633584,0.2321554530610632,0.015764555108272703,0.021920965952305596,0.34465152386440645,0.07973183048092106,0.08464488778984114,0.1839599528007837
6975207,0.0036806024201707917,0.00850015678654045,0.024540907819615744,0.003350205466283188,0.006031696092464809,0.8976578635727506,0.015496728435591854,0.025538960298271123,0.015202879108311376
6975472,0.0030902372802371503,0.0063495516740866955,0.007490306049313351,0.003172879326377997,0.005429113474714604,0.8802971152853576,0.05648802436647992,0.02064246432288287,0.017040308220549832
6975490,0.0019328176698160953,0.003638410967245484,0.0036564778374728706,0.0018353906434768793,0.0026671005827437156,0.9411813665593909,0.006941232101484201,0.022037130740702064,0.01611007289766791
6976427,0.0022525446712200006,0.004787223624274568,0.003937513361891496,0.0022810039586763724,0.0037574095976490663,0.9196926171836287,0.00948929842942673,0.025151973317065573,0.028650415856167566
10551287,0.011216400762205014,0.034998297066215565,0.016113879967375358,0.032712954743593536,0.015141034743182184,0.6314963884870152,0.1549529552453641,0.030292550578757814,0.07307553840629133
10554874,0.7264681122797272,0.024299053624799973,0.015024917658504113,0.015440826358986063,0.03790601040032007,0.07106058453078265,0.02990105537079116,0.016496837680094748,0.06340260209599406
10555071,0.018220654914678672,0.024579482566117198,0.028077165978885595,0.03109979688381377,0.015390967719788914,0.37424682449033736,0.20905438102453963,0.041034633589847214,0.2582960928319917
10555459,0.01594071176273032,0.049612716334663194,0.07561883639426505,0.04958001143317366,0.021654807675777633,0.27139116981393085,0.0519508033299101,0.22824992912725148,0.23600101412829766
10555968,0.1551336012587872,0.06672450903781431,0.03298825264344269,0.21766235880050958,0.1813195976087428,0.10123685227537815,0.0178361653151525,0.05664538002185651,0.1704532830383162
10556692,0.028211618503145866,0.048128293773706164,0.029944767067160604,0.029990820274156966,0.015973234442172624,0.2921006733937075,0.08879966023007853,0.0629795049357928,0.4038714273800789
10557065,0.005949371026213274,0.03661646812698782,0.007806129440186141,0.015613665133098602,0.013828576642983465,0.8057379880231424,0.040128389530679466,0.022728353087728605,0.05159105898897999
10557235,0.012848191461179865,0.050930099188921385,0.060704500312181824,0.1541396995699626,0.03811970942275321,0.4830623280838576,0.033935671523841214,0.07512255623669065,0.09113724420061171
10557310,0.03293051416720201,0.12277156719606667,0.027025486961928205,0.05216929506981037,0.2248799253044965,0.17519055104506837,0.023696641629387075,0.04879406781267349,0.2925419508133674
10557603,0.015429928165885743,0.1279950492714944,0.02357192750913171,0.02911789928262301,0.019444141592969488,0.47980251071647934,0.0756452538848334,0.04770740515812142,0.18128588441846147
10557649,0.009466832108724017,0.04950280032420258,0.032296252360004996,0.021775012810791652,0.03919116148576613,0.6848579453812663,0.028649569266472368,0.0546969338706145,0.07956349239215754
10559369,0.018551242812143275,0.0451720301126661,0.017422777144053263,0.020891267627156526,0.020073277112475744,0.6490348811074269,0.07748107746643561,0.029351683672189162,0.12202176294545343
10559516,0.007822960628493414,0.04867546209335537,0.008906311465110612,0.012796577513715737,0.013424657685640317,0.7233210296449033,0.040352344148112805,0.020417624215164513,0.1242830326055041
10559765,0.008704211644514992,0.15127026199516,0.012779063309610487,0.020270232369963056,0.013256782357380037,0.48470043692331866,0.14379537459980027,0.066113772196574,0.09910986460367854
10559904,0.027077442763389404,0.09996603882947291,0.029491097207972307,0.041650925438242864,0.033542337714103074,0.4564208239286381,0.10019011164240677,0.06275259263288414,0.14890862984289033
10561136,0.024886914953197635,0.049068664970586505,0.022070917365208928,0.03189350359230251,0.035810874705922764,0.594300621125995,0.035642245635176636,0.034263982302823584,0.17206227534878635
10561583,0.05327704413476182,0.022592921083495105,0.024842875679008614,0.021985914710612633,0.014706996844286899,0.46867099759958125,0.11807801816288223,0.0697337498171065,0.20611148196826498
10561870,0.005863528326643144,0.024772484546662105,0.007707771843454889,0.008661553311970533,0.010262540677970526,0.5480233528957694,0.33915030271537927,0.013531846238061855,0.04202661944408836
10562711,0.019403104845350974,0.26218642545853404,0.0504971073943113,0.1321673661302673,0.16038099102547962,0.12714967474086192,0.02134230102225203,0.04446108924612269,0.1824119401368203
10566953,0.010032903954730502,0.0813515546756519,0.014967941099052582,0.01556023687715909,0.012147522505506762,0.38045655889897506,0.34437161955515144,0.053226498703463944,0.08788516373030868
10567563,0.13939679788217704,0.05760901202989548,0.02092683933371223,0.02209339057716222,0.045752487471984155,0.36888964568808746,0.05386287637953926,0.037862329781836596,0.2536066208556057
10568512,0.016787228647254043,0.01565725887264754,0.015414322463081387,0.02274175448001675,0.009634369059351012,0.18845868255041798,0.6264986843118346,0.024516527994371158,0.0802911716210256
10569249,0.011752255860406464,0.01528028178149233,0.011820393678193236,0.01739636562926564,0.01216053766442372,0.4183128933134857,0.2832653517557455,0.032906891514050414,0.19710502880293693
10569900,0.012476977971008392,0.21701650936085515,0.022426642113503942,0.08722187606813295,0.4470345910098879,0.07782391759087001,0.03810593814857098,0.04676387596002439,0.05112967177714628
10569996,0.010946517918856273,0.01927678926212683,0.017181328277656577,0.03386100757805116,0.010848272356822947,0.24116244579676846,0.5599916194132396,0.029549087461522783,0.07718293193495547
10570047,0.00981841253356518,0.06206686219096075,0.013144097246609537,0.020658670044963173,0.017080229171824456,0.6041417383549248,0.16444799991547204,0.039082776254972654,0.06955921428670739
10570186,0.036638156997499685,0.03576232009428288,0.025605372650550004,0.044220941221795866,0.03215143582971778,0.45861175072725496,0.12927977893733275,0.061873122943940664,0.1758571205976253
10570190,0.00751677182380486,0.035371260228055174,0.010376823382422492,0.019431331703930632,0.009696486570095987,0.37859091567555286,0.46329928531225995,0.02180350502717264,0.05391362027670547
10570281,0.010699036604823528,0.02555390645708984,0.016972692225766046,0.021434299436022115,0.014148371271404296,0.3100367193796263,0.4704892510525702,0.032361601613397475,0.09830412195930027
10570444,0.5971164632611482,0.01722965037555705,0.014032778243621714,0.07535114097757302,0.018690083876625005,0.15143397712819115,0.026088162756693786,0.030852776430793965,0.06920496694979614
10570516,0.04048648400536041,0.037321234076082066,0.023378979247825483,0.03928800673230092,0.020473033574295342,0.5160949214576496,0.09724852284544087,0.05510406331023823,0.17060475475080727
10570563,0.06059238246440679,0.00997749623593028,0.009979146964368035,0.012622195700042478,0.006981514198279693,0.1357491107879377,0.6164809486996099,0.028458143526337142,0.11915906142308795
10570908,0.08566987371849709,0.016505998646607234,0.012123024508999202,0.033534604946145845,0.011776368743668117,0.24674719275398618,0.4654549123918949,0.03297999438203616,0.09520802990816529
10570962,0.017082432476578924,0.07265669940393389,0.03618120685403678,0.03407278938702324,0.025381169286876705,0.24208811618059006,0.0842310019711302,0.36249382214562026,0.12581276229420993
10571126,0.0522696161289686,0.016234628056877424,0.019567592764461503,0.025604295290135335,0.012157102335778356,0.34133222755264614,0.16995001378215444,0.0571351942845121,0.305749329804466
10571129,0.3588880539345691,0.030679659545880374,0.021102757120367237,0.06255632699447698,0.026917616879005637,0.2757436932224133,0.032370810245454636,0.06939490479378543,0.12234617726404741
10571130,0.12357294428515453,0.050932308480546314,0.03308702926677517,0.11635936057116371,0.04718529118762777,0.20961614775700974,0.03014132371501678,0.10090537486466596,0.2882002198720401
10571150,0.04185588142649578,0.05027108815299847,0.024592254328440834,0.04181045624428502,0.02681028351007654,0.5467870455757525,0.0640933018556905,0.04874830087174869,0.15503138803451158
10571157,0.08713414887637523,0.011783541732864914,0.020470130537773076,0.025018804447364717,0.009480187275476927,0.1465086664827258,0.5195433928454023,0.05032780749597082,0.12973332030604642
10571249,0.02454157679256583,0.02522805429262739,0.014737212803578453,0.017692660026137726,0.013289897217096766,0.41362634065053594,0.2584424879612828,0.03795900535204097,0.1944827649041342
10571563,0.015199421553102657,0.18721597158823108,0.022675280385248263,0.0303304688725535,0.13097966173270106,0.34003063653582294,0.07083801174983123,0.06787757186843112,0.13485297571407823
10571600,0.0662718631633994,0.03808783979463844,0.017470711108368932,0.030777047824010965,0.0277680565709077,0.5235630510900491,0.0729064891592542,0.04476434135946975,0.1783905999299015
10573894,0.0355430837431951,0.032008740110391516,0.01890755658056225,0.08152709206000833,0.02247621508960719,0.45668427643843024,0.062392493563507415,0.13623169137939237,0.15422885103490555
10574347,0.08192579194124086,0.0449200511323648,0.02230193809841511,0.04159524305109707,0.01600673362984606,0.46776422319279226,0.1518674709091091,0.036866171407736514,0.1367523766373981
10574370,0.052361264329379514,0.02533137065865488,0.018516354849488232,0.0387854564414867,0.014877190345957742,0.4635421700044344,0.1441444211284776,0.04576369317747139,0.1966780790646495
10574372,0.030668407062206447,0.02846984701682806,0.018275728588025814,0.017823308601997562,0.009318554046512871,0.24628062861377042,0.5139221458995608,0.026300631337371514,0.10894074883372666
10574408,0.08002657575156996,0.05323083456685512,0.024618671461213104,0.08117288679128534,0.05742388814946466,0.39680618875407886,0.0312528752272362,0.04898552378195658,0.22648255551634025
10574430,0.02815888113721692,0.027172356155488225,0.017812355602309735,0.03268167368889801,0.01877595197583074,0.4604192794483783,0.18483852510901688,0.04584249115949133,0.1842984857233699
10574439,0.1529575972481159,0.02834144401167868,0.01852163701987517,0.034464367829268615,0.012771728344904388,0.4672910830680645,0.07971468208093196,0.0359879212955869,0.16994953910157395
10574456,0.165803946623986,0.03202274244157144,0.015676414468357065,0.036012032898397904,0.017750274276277962,0.4001591245918783,0.051585388843374186,0.04303737357690385,0.23795270227925333
10576038,0.3187238588955188,0.03808113757875317,0.018982927575697108,0.04746186813554991,0.032700532077669285,0.34998286221017355,0.04487673922071546,0.04608573063455871,0.1031043436713642
10576770,0.02426542013713309,0.033289710947282294,0.024157577583467572,0.06131983465727739,0.016639856020619632,0.48102911879825777,0.1261551042799753,0.05305312153093746,0.18009025604504947
10577118,0.010758172091548668,0.07719018660251585,0.014980664800930228,0.018353343603954186,0.014094078373937526,0.4335981880566851,0.13887303667448436,0.07098445489323439,0.22116787490270978
10577354,0.018929510922291382,0.014064683787850196,0.015197318379490591,0.01184611966344317,0.00897572382451619,0.32102268354272606,0.5042059135197009,0.028872438772338773,0.07688560758764276
10577622,0.008386468486972635,0.0482164816916907,0.014010662416700948,0.01563492398530833,0.010553276014741144,0.4779160356710188,0.1864021118027074,0.055626358014951645,0.18325368191590838
10577723,0.011689227741491687,0.016405077391126142,0.011203166761426036,0.016301306315125257,0.011280075407652131,0.5998226318019884,0.22201776451281624,0.024602113402032763,0.08667863666634149
10578130,0.2927321513944273,0.05644849318321744,0.03204769254450195,0.07143483635218362,0.038222562781413054,0.2521623531181171,0.06389787320750318,0.04261967844007802,0.15043435897855825
10578295,0.008831576778616573,0.016469169974103998,0.013218652863914482,0.01825120154561023,0.008302546841994475,0.18670380164705294,0.6315441362993276,0.02847714697415142,0.08820176707522838
10579132,0.00547432138123279,0.009878512238937296,0.007505679370881057,0.013365979195872645,0.005998704333033254,0.3013500454934834,0.5826771615326541,0.015845489224079006,0.057904107229826585
10579372,0.011599648017825634,0.019732789931882686,0.016509121178224367,0.015324932756563074,0.013478821901818342,0.3915063539055012,0.4260783310195283,0.030590657537769194,0.07517934375088715
10579452,0.01633632319671233,0.0731869585779705,0.03940815845362212,0.07283250817194593,0.07099003003895799,0.4633002647026514,0.06422391112338555,0.07674658811419995,0.12297525762055415
10579754,0.011572859170012802,0.02809155720495933,0.047106791980042494,0.03186460234456987,0.057982133317019256,0.5772405672983724,0.05464209854912898,0.11131207337958769,0.08018731675630732
10580098,0.02141114212467025,0.06535970523406967,0.02250929711742794,0.017362608316848223,0.01777207798633029,0.42629632130907774,0.2519022820187258,0.09434050465651987,0.08304606123633033
10580150,0.009653705172275557,0.02308396372291413,0.017364452726217568,0.021075195114215663,0.021410264095989954,0.5941751504419289,0.22177820537588738,0.027950425739479996,0.06350863761109066
10580642,0.030152770132789657,0.02669739338354406,0.014155402238214888,0.03841698194137654,0.018219802433035764,0.6227517388759505,0.05460578324020543,0.04347009579236128,0.15153003196252182
10580740,0.043198677256257506,0.016151275633691037,0.013904754906664573,0.015328904306650596,0.009409579039059077,0.27593315320818346,0.4691057141580516,0.03508813142197535,0.12187981006946681
10580745,0.010118392188739937,0.014400184772907415,0.013221589802295328,0.013802278040529994,0.00803686014219514,0.2125608342821401,0.5871949983091719,0.034523622073739,0.1061412403882813
10580771,0.13357189759059668,0.028392199614219515,0.020103081808149893,0.04379330090562241,0.016745646285320586,0.3332677304259414,0.13589610237401512,0.07355483093406154,0.21467521006207294
10580995,0.016488471513660584,0.04834611550488939,0.016907885401446367,0.03562775809426358,0.011582875593022034,0.297059067808655,0.20766893746920925,0.060533830360683175,0.3057850582541707
10581310,0.01199626272138883,0.03576260073130481,0.012982240174874189,0.02109571562734133,0.0177369061091567,0.3582911003462255,0.36696193474911726,0.03402777728447506,0.14114546225611635
10581368,0.08521098044766603,0.06424385157407786,0.02943151896680737,0.17046543900190658,0.051000712636291884,0.22633498654617135,0.026072593858194514,0.09328383767831755,0.2539560792905669
10582173,0.04277019599986163,0.027177491143584292,0.0212037318327526,0.05038232698194017,0.033269378672043826,0.5474102872412492,0.06147186565533812,0.052779412322215336,0.16353531015101475
10582418,0.7389581161581625,0.012310572216249257,0.010705041374456641,0.016124247685639356,0.019430861295370166,0.08988873542793335,0.02546160533664688,0.016184440835715297,0.07093637966982651
10583009,0.011880169181721564,0.02195132307397024,0.01840120691720284,0.012717435535222752,0.012632147054163425,0.4094272938302742,0.43351798087853466,0.024463317715276725,0.05500912581363359
10583434,0.012156224327495867,0.1357637117174217,0.01952435794671446,0.17959101400678104,0.01667484089063383,0.34227076764224074,0.09117399196375665,0.08696626823851568,0.11587882326644007
10583521,0.005611977981325611,0.00907692082053413,0.007322909803192209,0.008896004115638297,0.0055886559766703,0.16456179936362134,0.7177040405693881,0.013207613608162642,0.06803007776146745
10584210,0.011665638366881313,0.02280203309440822,0.013521479127942685,0.014684893140423365,0.009111036969648724,0.31606852282597103,0.44608590246465857,0.027572263161483503,0.13848823084858256
10584222,0.013271439537259124,0.016723107737061232,0.01220665922324067,0.022102283281136524,0.009280021622643212,0.4398955426999784,0.3748433528522793,0.036760404864700724,0.07491718818170084
10584314,0.07273356777407944,0.014526391817918366,0.023048951960554395,0.018282060052144666,0.01046092012358655,0.13021288302397588,0.2787233276549514,0.05167778689111543,0.40033411070167396
10584430,0.01462255300493738,0.0100726730348638,0.008547587777884941,0.011611354142793547,0.007409215159685728,0.24693149542848422,0.5933553140033327,0.021360969204325054,0.08608883824369255
10584519,0.023083978270271838,0.10469203980652335,0.022768442920860197,0.01587032247683481,0.014347634783221208,0.4301708871876508,0.2425332732484466,0.06298899682703678,0.08354442447915453
10584820,0.029904876969256238,0.1383671789913175,0.021293442941038535,0.023439191378172488,0.131797010666658,0.4223707479386485,0.06647992909582019,0.05969519849313746,0.10665242352595117
10585136,0.012676991697903161,0.19293015272599262,0.02727544036359581,0.11906110721088724,0.019518904628816888,0.2883229770331529,0.08173674801954213,0.18601756061016764,0.07246011770994157
10586849,0.020319425155170982,0.02753970865201163,0.018267830491332755,0.04455079383418425,0.01429103490490395,0.48722485135858284,0.2924092520339997,0.02368090700174958,0.07171619656806444
10587734,0.12056611325024573,0.03613317054976287,0.02639370126898456,0.028024177390791098,0.024937548496055388,0.3957122539160407,0.23802192897884564,0.05697158483922991,0.0732395213100441
10587840,0.013800619760094626,0.032609354613132045,0.018983412723099787,0.033906426576274684,0.011247889528368915,0.4411313445379595,0.3739063235277139,0.02970385827975626,0.04471077045360036
10588529,0.055467354368897236,0.004587068930199965,0.009920035297185234,0.008765269580341574,0.0049839915194117125,0.04327147664754854,0.7460102247527839,0.0133798197297186,0.1136147591739133
10588664,0.025010686841294708,0.006532848671481411,0.01319281044466327,0.007672288212613333,0.006835607298183554,0.07713871502528745,0.6421295623464092,0.017219226150141764,0.20426825500992538
10588792,0.09777701832498518,0.008434489335076064,0.014773666204500954,0.00946585640799639,0.00825706681772933,0.06385020765156327,0.45399628011066856,0.021736235762783617,0.3217091793846967
10589349,0.011504726548431193,0.009610479907687737,0.016946787915117507,0.011219311282995106,0.008512089079269257,0.142739151765147,0.3113189821394478,0.03229989379124679,0.45584857757065755
10589410,0.25963380990129176,0.014288752393772754,0.038654150140967396,0.041918697534935226,0.01799485286919022,0.20491536067306565,0.12281904702232128,0.06849916683865448,0.23127616262580125
10589411,0.14801773469301188,0.01532112822799687,0.018025391104618753,0.018448030656907227,0.017023424771606024,0.2986526496206686,0.08696187626789073,0.02604804732818048,0.3715017173291194
10589472,0.1440717557769964,0.015237557356937667,0.020289383453581254,0.022393893898518577,0.01680985904285299,0.18312378966551174,0.11530719832865366,0.03154712702843807,0.4512194354485097
10589485,0.2208629375377402,0.014339162765533132,0.02443595594366547,0.02758224921311714,0.015100986730393074,0.20446830697938073,0.034267159142998396,0.02719006753301567,0.43175317415415626
10589763,0.013180304577514148,0.17755980825328765,0.027048815818212227,0.11921445270380139,0.01881227179156032,0.3950663037468336,0.0916412853163373,0.0964951612258987,0.060981596566554774
10590733,0.013159384172151439,0.05067808241875179,0.021381009758112354,0.29757275166378466,0.04390399729447686,0.37694895185384497,0.03942003058896483,0.0921059915152514,0.06482980073466175
10592587,0.559919838673197,0.019732431398603867,0.015788836449166475,0.026994198730588743,0.047198588809523156,0.1259629520657303,0.029917226969825298,0.029760214137235393,0.1447257127661296
10592944,0.017906393570915065,0.04063324308891131,0.05652952672749432,0.06841484293273427,0.05881667790453219,0.506162203013638,0.08225638277261686,0.06367952085933504,0.10560120912982297
10595034,0.025803368781930017,0.06809303877576647,0.02156312921921278,0.038511113540280986,0.03421243019983447,0.5045268905703785,0.050954835052561674,0.056752904418256235,0.19958228944177894
10596119,0.015319139302838751,0.04774335641068214,0.013277635481169078,0.014966220170488778,0.02338824901368261,0.6477595776581117,0.11686365832814205,0.030625808200673017,0.09005635543421202
10599481,0.006981744591640206,0.014639030664404886,0.0062636748391964835,0.009656552607460091,0.00698592508116568,0.37336689132665185,0.5256625741424424,0.016332299910421982,0.04011130683661622
10599552,0.4788794619907004,0.01272592439100446,0.01891131815352014,0.01887943105615984,0.011407355017712766,0.23076749376652503,0.06944715319608114,0.02869813779130938,0.13028372463698698
10599609,0.06363819423612763,0.008002928369543838,0.026345714547174912,0.012504988322741249,0.00726077018116664,0.11623572988292592,0.3576377938594045,0.02085962160116772,0.38751425899974745
10599643,0.009582438287277213,0.01387325844267497,0.014466023479674276,0.010304015542931167,0.00876126632939265,0.38353690514203764,0.4655623055022856,0.020013112785950936,0.07390067448777547
10599718,0.20496793329114524,0.021763686325219054,0.023351339489650312,0.032578804393124675,0.015899674554490158,0.4300952534658351,0.05685358474162534,0.05072301830464172,0.16376670543426833
