track_id,Clutter,Cormorants,Pigeons,Ducks,Geese,Gulls,Birds of Prey,Waders,Songbirds
6868504,0.05246869469493138,0.06242891002128144,0.08880846385453767,0.19865745506693588,0.39612728360790733,0.060117830090423964,0.008333626805085084,0.05438259312446113,0.07867514273443614
6868536,0.06992421090765456,0.06357306984028809,0.10776206173452786,0.18899663706139203,0.31366793631371515,0.0733486918365289,0.008864684506695883,0.06260049713887691,0.11126221066032059
6868565,0.03150122776836606,0.07750373389150353,0.08918528885634118,0.12545068955014993,0.4836828768282396,0.06678111992378655,0.0069356618968783035,0.04788197488005022,0.07107742640468452
6868861,0.0063974640735835475,0.11307520834632279,0.00899673267572801,0.07450872061737406,0.7381205148543486,0.020910955396523743,0.003411399469208576,0.0219396662675926,0.012639338299318088
6869275,0.0023903871056258036,0.06558744355453838,0.0038173359092744047,0.05228301498991698,0.8385727201377667,0.01254970801367548,0.002010067253053404,0.01669015985278622,0.006099163183362599
6871418,0.015675130321589563,0.12070813942340422,0.14585598233302965,0.24461492188943137,0.1718036217491911,0.11307096885516972,0.011842869192341602,0.11337133330004741,0.06305703293579537
6872996,0.2904281906903574,0.04684348286612317,0.018625629093740513,0.012323890439950812,0.07105993332239784,0.376968308987679,0.07267324196206353,0.02861780461867192,0.08245951801901576
6873817,0.047955531218868204,0.0762488577445146,0.03038731807066662,0.025763390427001806,0.48328251086134166,0.17477289623589076,0.0138955017909617,0.0759522842914154,0.07174170935933936
6874023,0.003073756381448753,0.08182368971330285,0.022687970128058205,0.03106681720270633,0.03599246503870419,0.682181714061974,0.02991612195847437,0.07368836848426448,0.03956909703106669
6875504,0.0037075163925663623,0.05956817950210566,0.05029963816897239,0.019919512745723955,0.015713091395858286,0.4651315325710284,0.06878166869185562,0.08242234690378349,0.23445651362810582
6875899,0.010414440808785628,0.03685519061107454,0.023898631684330908,0.014614977513508931,0.008843069874836879,0.40455179543946157,0.28242259807157233,0.04562674836589732,0.17277254763053188
6877293,0.033255341784765455,0.03574057426064541,0.04251688069265294,0.03454299749237477,0.013239725072264459,0.07655492172306702,0.05722398690900959,0.0990218114791948,0.6079037605860257
6880408,0.008092680639166175,0.038459595367245025,0.0225926564751106,0.024847134628174252,0.010148113728489769,0.4954470524862643,0.10875900427176868,0.07183624858579184,0.21981751381798936
6880690,0.0050675045949268365,0.042474376055382394,0.06819418157206768,0.05079143778028204,0.01820888863158561,0.5008728557894668,0.039690414029698085,0.06891322232899978,0.2057871192175906
6880833,0.009875829021354877,0.008435258969020447,0.023837537830824325,0.006050477441843939,0.004218716378557209,0.07643231974860532,0.42678117244977426,0.017317175965334178,0.4270515121946855
6880956,0.002898927455920487,0.06168082846535415,0.012955730986018864,0.014617255816338597,0.013326365823817951,0.7625122831859047,0.04759360872159058,0.035573051743954566,0.04884194780110007
6881733,0.00553832327368414,0.00455581072310852,0.004870121202088046,0.0027439447444155573,0.002506339149709014,0.057366919368413705,0.8567359188187736,0.006992032339655039,0.05869059038015239
6885154,0.09444086102232621,0.03444647647068597,0.024383026537335525,0.025821106286807987,0.024517478735351234,0.35446273873404294,0.07133769295084204,0.08306138454946704,0.287529234713141
6887294,0.024652433853829953,0.02157771087985801,0.0356882975465298,0.013093229571075697,0.01620794667937635,0.43114687995155754,0.06816619721577534,0.04491906199855684,0.34454824230344044
6887586,0.04208477784662061,0.01294840846437282,0.03375573230344506,0.02697877986543089,0.010476901360339934,0.14558853443782044,0.04266169530854979,0.061248840418719246,0.6242563299947012
6887600,0.017100616481049095,0.007823874484072223,0.032500081628226964,0.02174598685956969,0.005574726138599425,0.08194387864177757,0.03246911416595294,0.04355819277131036,0.7572835288294416
6887637,0.04674312604319328,0.09371453012719397,0.04780251499469154,0.056655090481595984,0.06802503873017679,0.20764762342100027,0.041867937376555926,0.0649981783265246,0.37254596049906774
6887702,0.042522849551999954,0.010398154469315095,0.0364023627459342,0.010126841449786638,0.005794993319918601,0.0872350092858446,0.2130150582943982,0.043594028989820226,0.5509107018929824
6888243,0.015141189879815912,0.0914069292228094,0.037537907696813255,0.03249454306901582,0.06406764821703136,0.24042265368849386,0.051175120934281074,0.06083736854558244,0.40691663874615674
6888737,0.008019152483589516,0.04206392223681754,0.10021259197635408,0.09716977935890855,0.028429804887137804,0.1620605816473854,0.03387049846863944,0.06807757989318307,0.46009608904798455
6889024,0.025747074107041766,0.005869576536276707,0.029169105193047863,0.008123788132849299,0.004240179654565299,0.04461309810805254,0.4355434975383228,0.03295568045852351,0.41373800027132035
6890285,0.011788966062481976,0.03614220052883312,0.01750538996797716,0.010147346851970777,0.006962844574853749,0.17744939006825708,0.6173060982887865,0.028408906080997977,0.09428885757584166
6890416,0.011675636997285124,0.025856753256913178,0.05702189465958343,0.01635054186162834,0.007787458359839962,0.18685955122909115,0.1684592820694901,0.09750574599600312,0.4284831355701656
6890579,0.012252831920655967,0.00883095347550136,0.04427289553867662,0.008784883720881487,0.00405781267504726,0.047368757009469596,0.267774136184136,0.033961566489395335,0.5726961629862365
6890917,0.0121556267186188,0.013146177807661018,0.025718744002430467,0.011128009115226573,0.005888093963978058,0.09533567658485086,0.5969010361872188,0.032826817889050335,0.20689981773096505
6891091,0.01644485550500064,0.012185688603496902,0.09764302140581606,0.1359967946187553,0.013083019617900952,0.058758719206193466,0.013937006338908663,0.06582377848060306,0.5861271162233249
6891208,0.006871663011420138,0.006301878133455184,0.024895226405581283,0.005553353795916877,0.0032583962951483,0.0700840754581021,0.16968227951646694,0.02021763742710656,0.6931354899568026
6891245,0.009270645122260168,0.014849249536048693,0.02886185445473397,0.007694262846277426,0.00682887001031952,0.14897116707805935,0.45343049347705155,0.020148116426448533,0.3099453410488008
6891309,0.005305204158231629,0.01669147983685548,0.029401608496111366,0.007264436330704022,0.005677510930582826,0.09392851182805259,0.24370732487500124,0.0220304692471592,0.5759934542973018
6891366,0.01925739778079317,0.0057203668902687755,0.013059647100775989,0.005049337737814722,0.0037024454861977543,0.039114891795114945,0.2243416578779023,0.015533017445298027,0.6742212378858344
6891473,0.01298743816689198,0.012034282093797567,0.05261891841802211,0.024122020625661583,0.009257727350404423,0.13605902635446604,0.0377729305889123,0.06015258577987776,0.6549950706219663
6891484,0.005454705867329762,0.0046765675525761545,0.017576104807399955,0.004895863346404213,0.0025697528541328294,0.03552248765349633,0.08523072186983144,0.019675767995023272,0.8243980280538061
6891531,0.010344308507476543,0.019796907672350043,0.026185706953578733,0.009984897932033348,0.005987161603903389,0.11046137146226764,0.5293028179598875,0.027836093025318316,0.26010073488318447
6891557,0.010225463934326712,0.011735473296687705,0.09841027013429052,0.01315681150852868,0.00453145190970306,0.04925058188003445,0.046665168678071925,0.05868189800868923,0.7073428806496677
6891579,0.00824342893449945,0.012364465645456065,0.034645789925804374,0.010722388471812824,0.0055285441780214585,0.06718989519394224,0.3565767850761901,0.022279154902786827,0.48244954767148657
6891867,0.022490344045031533,0.007934939279451906,0.0208464657611141,0.006768466947042792,0.004130578223166087,0.04016039775169323,0.7545348897267621,0.02501438217349093,0.11811953609224732
6891888,0.014410821630245365,0.010189163743452584,0.030752802594262437,0.014881719418191275,0.005337781276222498,0.03777195586346723,0.11351345828583805,0.06163827872582689,0.7115040184624938
6892297,0.02358216162011221,0.005373063726214093,0.012958747629572115,0.00475430235230163,0.0036074889366089595,0.044571711513807684,0.5156151053898863,0.016600324626337183,0.37293709420515997
6892562,0.009242300845073815,0.009926656215145848,0.01763374758487116,0.008743283723877122,0.004772333416856045,0.05723635460285624,0.6660895466740154,0.024316852774309387,0.20203892416299485
6892587,0.015325387552197024,0.009487829435016904,0.02338811807519491,0.008097002761620481,0.005133384528111883,0.09092802554031484,0.5299885781101564,0.03718571940943282,0.2804659545879547
6894293,0.009242508370850857,0.2628284215785494,0.03326986858461824,0.15384488762028906,0.12617886875785736,0.17007349371582264,0.012473594659119663,0.15372358498042143,0.07836477173247136
6895609,0.008342726859231358,0.032270497688422925,0.15230167811172513,0.09206063836013809,0.010949255809408802,0.07502574726050676,0.03135571986850563,0.11610723601658214,0.4815865000254792
6895723,0.017258848437272566,0.008485227325831915,0.021287829133494456,0.006060029416069731,0.006244670175863866,0.49739146720325383,0.3409848845372757,0.025356264175964507,0.0769307795949735
6895905,0.008848081441966553,0.008724775124608177,0.02554897458785499,0.0054606447529545,0.005973748590952686,0.4412119494013637,0.3626932403158106,0.024849034517611158,0.11668955126687774
6895906,0.01340645971748046,0.009735940241165069,0.04047019248668369,0.006766354122438637,0.005753736208737395,0.385158097694569,0.3923840874579559,0.026605344099311447,0.11971978797165844
6895927,0.027618247127631564,0.015597115028586085,0.03264890177408475,0.009928012054536221,0.011248090743747914,0.5443791803621717,0.21294297135786294,0.04173879916609579,0.10389868238528316
6895938,0.009193785928818542,0.008322260162630025,0.02452673293388608,0.005232330956690136,0.0063899567671121624,0.40185965948907343,0.42419333117314106,0.026674435527762944,0.09360750706088573
6895939,0.012934129131770708,0.008510684361019798,0.02386782025674108,0.005486547689281932,0.006173377954634012,0.5276988662275536,0.21035756284905568,0.0357243501575388,0.16924666137240443
6895948,0.007092754225027454,0.00949616059224574,0.024708957967447133,0.005588327693770698,0.006815995180314354,0.48477425421383186,0.29920241728350067,0.02916401244735882,0.13315712039650318
6895973,0.017243340778402144,0.00948043340524817,0.03913028981055141,0.007155909137026474,0.0063550836430011715,0.3454329200214488,0.3262244103060361,0.036069507971536324,0.21290810492674941
6895974,0.00975812919612861,0.008115447616939577,0.021591124383361977,0.004731462916859344,0.004907093442519687,0.3725865553525444,0.4432563828054787,0.021377773405926895,0.11367603088024086
6896754,0.007418690402021044,0.009208110264995939,0.024021357273855407,0.007898216179002155,0.004963169510508011,0.17773230180997993,0.3564659907105527,0.0267881310191289,0.38550403282995593
6897915,0.007333639197300829,0.10463882314056736,0.1203223891435519,0.10276239598764432,0.03789260068418581,0.19820744040671112,0.04940592764995187,0.21520407289937973,0.16423271089070718
6897964,0.11781090018631374,0.048780800995224353,0.07745796254899366,0.0510159229053157,0.11653592675437202,0.1653906014998744,0.0277048332142306,0.07074598192819095,0.3245570699674846
6899282,0.0066859914226145125,0.006635749799004336,0.01047402339934619,0.00514580653033794,0.003386364767218035,0.07814857100266559,0.5997982304364543,0.016841826490458157,0.2728834361519009
6899294,0.01677081735282956,0.0059621917734641455,0.016378624593942234,0.006460111532561401,0.003971851364624747,0.032665541033268845,0.7202476223843054,0.03142223824600998,0.1661210017189936
6899376,0.007309993218601749,0.02131188416679051,0.04671896914623125,0.01190588679496165,0.005334631956029023,0.06452897548910624,0.3089456358530983,0.03847021234549564,0.4954738110296857
6899506,0.009945980344075117,0.005263333215301228,0.008908512890313894,0.004176034671148828,0.0032297659827749533,0.12964297230759259,0.666394718800719,0.027160762802794128,0.1452779189852803
6899530,0.022928551487101247,0.00985489104299293,0.029978764696028552,0.044782683309443835,0.00802776162394743,0.09253852577886186,0.03403893679017547,0.10137352333076761,0.6564763619406812
6899560,0.014057876384371955,0.008300765619018304,0.01731216063701063,0.015309032632122764,0.00508455609826696,0.14116868952958272,0.17659500037989007,0.07571652339361948,0.5464553953261172
6899670,0.019141657233585872,0.009425085312758997,0.011568359429948346,0.006122198207250434,0.007309616480903435,0.2028560647668915,0.09013777954852618,0.03736149242080713,0.6160777465993281
6899695,0.013243134414946787,0.012800800697741605,0.016244040690091645,0.01027686943673442,0.007162019922438528,0.1448467173476055,0.04694890913941894,0.036683601798957466,0.7117939065520651
6899730,0.02106385264534435,0.017805427157607173,0.02102280056962456,0.0097252684365121,0.010734688929822468,0.23901064346092324,0.27684584517560534,0.04282900039754488,0.3609624732270159
6899754,0.029210915957205284,0.016207099512249926,0.05056505706083407,0.10945965250878954,0.023859130495238415,0.11451243854129864,0.012902927003158687,0.10438652048220312,0.5388962584390222
6901206,0.007513114411904864,0.020811612413183044,0.03961998996821478,0.015603982291890525,0.006835541932214161,0.21026670985279342,0.36542722359032265,0.054986841205865424,0.2789349843336111
6902131,0.0032239548651808083,0.01699677901016002,0.009120002665864395,0.0066644440807393105,0.006738655582986036,0.6326626808572553,0.24469161352205143,0.02902197943253337,0.05087988998322947
6902271,0.01635521770988923,0.034269162409167664,0.038333208340776526,0.05297938204021942,0.04474219914161295,0.23926252511741103,0.01966099616093763,0.09538814878990422,0.45900916029008143
6904326,0.01211488662751436,0.0040743294129765165,0.009418117627104225,0.0058027674161744034,0.0026417270896212115,0.03410905497438635,0.09874875750025845,0.030195203965007165,0.8028951553869573
6908023,0.003687731644220118,0.0625774706009189,0.02082795574257149,0.15472563221758354,0.03915392732536785,0.5188709598143886,0.018602962573520017,0.1461317747991761,0.03542158528225352
6908625,0.006957406734863678,0.01086082596788075,0.014569721345143902,0.005295834450043874,0.003951602928298018,0.12379165478233177,0.6708624698514463,0.01978267602777448,0.14392780791221732
6909657,0.007179886153637365,0.006507202734747167,0.014080501751796228,0.004746627525514592,0.002740116621725344,0.044091822810440634,0.25863210169573886,0.02294239936645289,0.6390793413399469
6909786,0.015898525527735075,0.005727529753999721,0.01370253538445927,0.006277861684045382,0.0035587287817337014,0.05714277401855909,0.16061360125426566,0.05174343124291337,0.6853350123522886
6909952,0.01155010332777969,0.00476316520276999,0.012019231293870909,0.005248079077567518,0.002926638355093368,0.03029143847321553,0.4930503293449625,0.0244472914909865,0.4157037234337539
6910003,0.013050509104419995,0.004047872215568829,0.01031269220720984,0.004397719106314154,0.002319421494561069,0.023334035739788872,0.21195692671795857,0.021378548291528278,0.7092022751226503
6910407,0.002123255036561073,0.01927063610687613,0.005260665593495974,0.006072777392706697,0.008897266309097578,0.8788305353618593,0.01760003670553444,0.041212877427271366,0.020731950066597345
6910422,0.0211046761133902,0.007210630042249497,0.019650478740035743,0.008163164075412838,0.004077935966210456,0.06289428656664918,0.5171756223481918,0.04819032585299955,0.3115328802948608
6910425,0.012888582548105437,0.003389953166056429,0.008954403563254986,0.004354394200777311,0.002480114639500754,0.026275601128195433,0.21798346808177635,0.021670679242246697,0.7020028034300866
6910560,0.013121613093467292,0.011504118915517886,0.04554816341561727,0.06738364556186593,0.006707408822938227,0.059193908246559984,0.029060503294303645,0.2057850823362529,0.5616955563134769
6910590,0.012269243917047543,0.0034963360338654366,0.008977472140692633,0.004000730973059316,0.002308830386203159,0.030796697096552857,0.26380354505896003,0.020388033987911194,0.6539591104057079
6912744,0.001580471852883445,0.017691472692537284,0.004838483125919481,0.0049918924371938084,0.007756794838312136,0.8579737346147854,0.038918457755876795,0.04455267924347072,0.02169601343902088
6919118,0.007930036953216377,0.019477531285231595,0.030875186343773356,0.012052362599499208,0.006422121238088581,0.37626717154990386,0.3056748061628544,0.03349527907992989,0.20780550478750273
6920152,0.007482497916932031,0.017407796820659252,0.04032913668284126,0.01069807961561116,0.005908101118425688,0.32267586251939456,0.36040136468800793,0.041481905957755624,0.19361525468037247
6925791,0.0025240558605196996,0.015615024721395962,0.012273183400870349,0.006667730961074655,0.0046685501689868935,0.6783958321644524,0.14416272745539088,0.052549000812746285,0.08314389445456283
6926246,0.02565903229945506,0.013946876449496628,0.014256324644937887,0.00766709403954217,0.0067865154596368025,0.46696429937316364,0.38018187109771423,0.02369797510581646,0.06084001153023718
6928841,0.012295122101110745,0.07039256801457225,0.042561813561320855,0.1916055978295603,0.07156383259396354,0.14797125997065305,0.013459330260275269,0.4062957698184296,0.04385470585011434
6928933,0.014080415653290016,0.03763180026754797,0.014221585542329947,0.007464240920349262,0.010861796603155125,0.6549154876925256,0.1806861701330825,0.030922678160845384,0.04921582502687428
6937241,0.020587806680690816,0.007871820231916314,0.04087829574376581,0.015819605246289063,0.004434589710829574,0.04866404355863385,0.0323818417811445,0.09969090637728646,0.7296710906694437
6938426,0.0015692283777985776,0.008560313946959532,0.004582893311863198,0.002590054477769067,0.0024616097891445267,0.8516032095335233,0.10260114642432316,0.013668675940924349,0.012362868197694287
6938530,0.002476377161354657,0.009163728437799765,0.005049015205326523,0.0033360341424337673,0.0028389415755000727,0.7581427711987696,0.178409489506678,0.024256377518443794,0.016327265253693848
6938682,0.003633557780027213,0.004875935157718023,0.008020037261837722,0.0031638045888592115,0.0022661535195108453,0.07172304090635863,0.7299181142124945,0.012812079418506874,0.1635872771546869
6939166,0.0012892738395997973,0.006881410959588739,0.0036435435667605967,0.002338318643894443,0.0022844596312558466,0.8062762271724616,0.14849064711736784,0.01404411700641615,0.014752002062655003
6939222,0.0062592661766371765,0.004883399048876126,0.007436957709536902,0.0026483470248914293,0.002727471748213807,0.08663427836303353,0.8317254089347439,0.014299701394010475,0.04338516960005649
6944591,0.021112623658866465,0.009273594546048307,0.015359341793671568,0.004525401637261606,0.004266217325071601,0.16230596660673569,0.7195665545109263,0.01619245217089744,0.04739784775052097
6947293,0.0025093669903863236,0.016098189172955153,0.022976213684573962,0.00392693995842967,0.004758758103186974,0.7784153694908449,0.07537373468143792,0.0423896846275952,0.05355174329059001
6952804,0.011499960490893274,0.014635152636565599,0.16453380398469172,0.013411595659897626,0.00978095337480933,0.40210069446199986,0.10839897874127319,0.07434255337596372,0.20129630727390568
6975207,0.0029361251782725525,0.016965934259244753,0.018955734917743734,0.003903951133310629,0.004812296980552783,0.846972575096014,0.035712985082369135,0.04330548319254697,0.026434914159945488
6975472,0.0020729957983152696,0.008710968420443676,0.008469036850340835,0.001984606982985319,0.0033528496709477485,0.8413771280121457,0.08267317731395883,0.02900411481649438,0.022355122134368313
6975490,0.002115961719289223,0.008874265766888802,0.00502302317850475,0.0018213603737690584,0.0024697596556528,0.8865490482412267,0.021615698581126212,0.04364478793167326,0.027886094551869325
6976427,0.002232976856672945,0.008915049825355103,0.0049661407818073575,0.0018408397070430388,0.0025919241577898587,0.8745750699903138,0.03099665441827012,0.0351935850193835,0.038687759243364386
10551287,0.016305864238309722,0.04301294585894158,0.015793344267373347,0.02256780170093242,0.01908241328799713,0.5249630810555084,0.19524697022359064,0.03324274226131018,0.12978483710603678
10554874,0.3494409904970562,0.041113467212155426,0.0324859143782415,0.029658133196353003,0.05004235178292038,0.1948144302024433,0.10318338802070923,0.028993329535722003,0.17026799517439906
10555071,0.009475920155497043,0.018113339353869915,0.018569615223266573,0.016610576343319788,0.00868724286193204,0.28103314036682703,0.3290980047897494,0.030814858760955743,0.28759730214458246
10555459,0.011575997032676037,0.09234369139973678,0.05106294020648211,0.03927950154691301,0.024023102305643647,0.2602627437215414,0.05676887740650959,0.20134477811225668,0.2633383682682406
10555968,0.07663064852607027,0.07792041575071064,0.025644559292852333,0.25711349184013205,0.20300001877316906,0.09152501712097659,0.011004605331325893,0.0573134132007064,0.19984783016405686
10556692,0.019695070985945997,0.03250168237071279,0.02462325732266141,0.022981729582295374,0.011158001139553992,0.23383995409166497,0.11444996570238528,0.05661924809488776,0.4841310907098925
10557065,0.0030208089433898682,0.043535549501828044,0.0058132247042808225,0.014770088413493821,0.014337320659829548,0.7634612680436224,0.07084443739086918,0.021648273444306497,0.06256902889837983
10557235,0.006089486916560229,0.07829154383998102,0.03147231278922833,0.09999691723277558,0.044682913752966485,0.5556712170023133,0.032126574722798645,0.07516602226665016,0.0765030114767262
10557310,0.024829119879111773,0.16775709622103416,0.02502532265926339,0.07892461193662892,0.1977839730072581,0.13374562627233108,0.015099414862493107,0.051612297193526266,0.30522253796835325
10557603,0.010357525577403373,0.07865331058102296,0.0174830729013058,0.028592241503143965,0.015148349823433585,0.435125891063109,0.12329791896565008,0.040354341268649334,0.25098734831628194
10557649,0.006219217598138756,0.05193257624710999,0.027218479748703697,0.027402898852945046,0.05697545683190751,0.6480791565985747,0.0354104110917252,0.06448101729309379,0.08228078573780127
10559369,0.022541282031282542,0.040259565793832414,0.0137783761772541,0.014872932593061187,0.019333961467637096,0.5166401617933066,0.2128842485475832,0.022219739516684614,0.13746973207935823
10559516,0.006702513544884344,0.05607910675135911,0.007783638315717394,0.009919171734752477,0.017975253610375393,0.6031853565337159,0.11562378012532298,0.023715176675024204,0.15901600270884814
10559765,0.00553835744012136,0.10672034746399504,0.014916571677332863,0.01983917597934356,0.017758881615772715,0.40370326080177427,0.20465374482678667,0.05433656956519758,0.17253309062967584
10559904,0.033810785367221936,0.052708692959196085,0.02023858532699931,0.03597172401374963,0.026288755819801515,0.3769695466723781,0.1689357381742416,0.04558244518765704,0.2394937264787549
10561136,0.03215638704217457,0.050177528778423706,0.016510029538060644,0.031651637842260126,0.031333355576663474,0.48502661251965573,0.07404259491043169,0.03274751256112684,0.24635434123120323
10561583,0.033070818041664125,0.027260383644791723,0.022424929881251488,0.015736996298731404,0.012704333421006743,0.39603175805405016,0.18462782631898542,0.06375815573638022,0.2443847986031387
10561870,0.00535563901171889,0.026116358852419093,0.00688835700334826,0.006722615490772189,0.010262423020345995,0.5026133167100861,0.3576873673558296,0.013483098512934583,0.07087082404254522
10562711,0.016464516556222653,0.25633348014710905,0.02926789758469081,0.1734291051180586,0.16022786392313043,0.11464902903618128,0.01672163218161067,0.04419438419767653,0.18871209125531985
10566953,0.006489132828490898,0.05465914742541337,0.010149558985170727,0.009515664428858723,0.009384497883492498,0.33415063722973487,0.44228483813123154,0.05601649893974898,0.07735002414785848
10567563,0.11266073680589989,0.06957900906304332,0.02037445577712947,0.022460886289545574,0.04749116716499509,0.3650068772947329,0.09344611961683637,0.03645383298564614,0.23252691500217124
10568512,0.010160869671716366,0.011271391495044967,0.00977588841889308,0.011280834380330368,0.005751339488391479,0.14201056549044822,0.7078591986142202,0.01633791321933968,0.0855519992216157
10569249,0.009280381724439546,0.014504458185745257,0.009008911843571462,0.010262425144721409,0.008400592498754444,0.37393208569436936,0.3388908870234191,0.02523306828984191,0.21048718959513757
10569900,0.010764642585600488,0.2446398662526381,0.02241731062987512,0.14520826586340996,0.3654219679951755,0.06892235104335,0.023594557737841314,0.06889290191655162,0.05013813597555794
10569996,0.010676975631941187,0.013738454201129,0.01194096835106018,0.018888544646698625,0.00737076691180701,0.21857312636570728,0.5911040397918081,0.024469202821388696,0.10323792127846004
10570047,0.008512852373966524,0.04775152257318787,0.010428065379906364,0.016423058571057417,0.01713343977062413,0.5887474171207935,0.1808614963063109,0.03120570880741022,0.09893643909674311
10570186,0.03808833398599329,0.02735661384335494,0.015803649031310863,0.034931250775797014,0.024320985613150038,0.3508137324316503,0.24111914319674704,0.045835050143015116,0.2217312409789814
10570190,0.004980967594302051,0.026848556973330173,0.007593485278911927,0.017243769583597964,0.01142321314397442,0.36604476642624667,0.4703065094416958,0.021375778252605383,0.07418295330533564
10570281,0.008036569195645733,0.02439340998426767,0.013606997267050539,0.020052878037265343,0.010715531780015008,0.3361530932432475,0.41644858123347744,0.029189978069590557,0.14140296118944018
10570444,0.4768508658012349,0.018733337732123184,0.017687178004704714,0.0727841440909903,0.027786473059346107,0.17537625558726813,0.04535220142969905,0.043491177537682175,0.12193836675695141
10570516,0.04277594019807205,0.026331474188227854,0.016628174692924744,0.03352279895608213,0.01817884193241979,0.3957589921943631,0.2161117048665943,0.04185966410060925,0.20883240887070673
10570563,0.02861723624777544,0.009400181922121874,0.010653393484882938,0.011140791256097737,0.006173372401746426,0.17188955521157767,0.5434756596708242,0.028211610432461773,0.190438199372512
10570908,0.03549235917056369,0.01609744176542656,0.01120692235186509,0.024290591165606865,0.013006907566563428,0.23172303649698028,0.4828271977273948,0.03547307827407817,0.14988246548152104
10570962,0.011744630052367895,0.08855733306124314,0.03327496528995608,0.02331543078973933,0.024347064514057454,0.2255527032147262,0.06476190717002116,0.3967439033429188,0.13170206256496997
10571126,0.03634952268057611,0.01308477946828166,0.015699956725566337,0.016711868604182587,0.009213581217375028,0.29361671900651876,0.26851837936652806,0.042446877805734404,0.30435831512523714
10571129,0.27787849721927843,0.030246018564068233,0.01718985983099485,0.07735701729227709,0.03521138907838342,0.2950669044323337,0.03875334976749411,0.06787799375180954,0.16041897006336062
10571130,0.08985220997441663,0.0500552701310583,0.02374981912934625,0.17613993512219736,0.04437131218745824,0.22575941075249864,0.022297691623517805,0.09226477998742581,0.275509571092081
10571150,0.05046558164175196,0.035492399007905996,0.014327344883408272,0.0279039632063954,0.021591288344652144,0.486800144203164,0.13627940593377894,0.041163380820633554,0.18597649195830981
10571157,0.037632316625988926,0.009038596058128559,0.01644399956311497,0.013901909413905181,0.006960743238164206,0.14666679313825845,0.582417410612181,0.03370071737044629,0.1532375139798125
10571249,0.021896740819813673,0.0193186306879232,0.009879294821250391,0.012588847500669796,0.010453651142166632,0.3673020586707653,0.3141505016750471,0.028151107346335275,0.21625916733602868
10571563,0.014124451390180436,0.21312589038314292,0.022989529107390074,0.041533029530652875,0.09853876684137848,0.3207057409394386,0.08656616691723144,0.0669811384790001,0.13543528641158514
10571600,0.05359962510051665,0.02643389298928829,0.013040621918242346,0.022990119795866387,0.022200260029097658,0.438275708100117,0.16664454537066936,0.03632146439222638,0.22049376230397594
10573894,0.025260320188238036,0.041388005893783525,0.019372741320388284,0.081511957839844,0.03611300302516849,0.3836548239320106,0.08104092838687178,0.10894552890295628,0.2227126905107389
10574347,0.04519539860838172,0.03036875084312438,0.013797491453386856,0.030447167320870553,0.014538044239799625,0.4584701713092611,0.19909403620101798,0.03630966546227363,0.1717792745618841
10574370,0.0455251761865099,0.019685664540725144,0.012059245215995005,0.02714940869772076,0.012751342755816335,0.41746914373583277,0.18009319476051214,0.044280372945204455,0.24098645116168346
10574372,0.01623695558780141,0.015660669128700518,0.011173835111897394,0.009179039847229543,0.005645704086525634,0.24380519243185939,0.5777735945064252,0.018170196347575697,0.10235481295198545
10574408,0.1014717281737609,0.05993873161032426,0.017032423507123022,0.11852810651050727,0.05928431146073458,0.32022204878674765,0.025177159105404297,0.051245075316405354,0.24710041552899267
10574430,0.024012878891700368,0.022277333956092504,0.011446944479257993,0.027054566345419157,0.01484420043473696,0.474954115461722,0.1754515377928759,0.03843409905547879,0.21152432358271644
10574439,0.07955602653393215,0.024818707395446706,0.01474597001324949,0.03530645997026121,0.014576196139674974,0.4480112040445362,0.114731874095008,0.045062593079853525,0.22319096872803776
10574456,0.08860789478060013,0.02955139474803025,0.011084779830088091,0.02579752408307003,0.015412045778691192,0.40169231595861155,0.10076337413985008,0.0383608556942161,0.2887298149868427
10576038,0.27804988818759346,0.03045555096634832,0.016940609707977925,0.0321065191302292,0.03271323544008456,0.3443352710799098,0.11637228277858468,0.04135407560192854,0.10767256710734355
10576770,0.02771234767018978,0.029398136334979404,0.014603603893251693,0.06952832362493021,0.013941385961693555,0.5076957243642044,0.0793186724020424,0.05454134168473605,0.20326046406397258
10577118,0.006587431219986955,0.07129497248753788,0.01471519315575347,0.0237275917191367,0.013934944084013752,0.4104822936393341,0.15292809516493006,0.063729489926035,0.24259998860327217
10577354,0.014621970196473561,0.011993267709617436,0.012023400084807376,0.007347651424832073,0.00534874537163177,0.25759059386688704,0.5976246950124566,0.020996980587809914,0.0724526957454843
10577622,0.005963132823628102,0.048663331498966615,0.016997341411841387,0.017605050056423856,0.009901323558474681,0.42178444759393785,0.21208183464996294,0.046395330595663836,0.22060820781110083
10577723,0.009096566336550932,0.01577448404904293,0.008351752377392493,0.011281267517356587,0.008276726733581392,0.5605353724363737,0.2815530182144133,0.020699961195463353,0.08443085113982524
10578130,0.2977898119011468,0.0359232966193567,0.026205671506892837,0.047198701801854974,0.03610433344454288,0.22011804370539018,0.1026559963863604,0.04017118226641585,0.19383296236803935
10578295,0.010859917894910281,0.015010130273107701,0.010839813055277267,0.015503887991579602,0.006710048629551433,0.20265751954873373,0.5660857264112699,0.02666555007923057,0.14566740611633971
10579132,0.003983160964321643,0.007223067564550524,0.00607726971650965,0.00695063020176338,0.0035368920006356567,0.2162117826992334,0.6782981121981966,0.011608849567631238,0.06611023508715791
10579372,0.006610517387045893,0.022300796117968084,0.01310877901254033,0.008229315460341172,0.007719431038112964,0.29542767720366236,0.5502438886469406,0.02403097504523733,0.07232862008815144
10579452,0.007082603405806222,0.07897464696010034,0.024705064669590462,0.08970758087783795,0.08922786869357263,0.4767493468964301,0.06624403887496144,0.07277066553426685,0.09453818408743402
10579754,0.006841370632982758,0.031829352740503254,0.03189885962194937,0.03037832182159489,0.06778223912630091,0.5818448781531897,0.05753055133451452,0.12625876964175492,0.0656356569272097
10580098,0.011034492941072952,0.060065580985110945,0.015676279695695492,0.013448134028181864,0.015421651367508,0.46040785021376984,0.2586732448293496,0.0861182957851174,0.07915447015419386
10580150,0.010384177096062189,0.027958640697970535,0.014141081410721462,0.01905293194943614,0.019909530397095414,0.5874728210287745,0.20806035613232024,0.03017433664508333,0.08284612464253609
10580642,0.03794017558113028,0.021749854049159915,0.011096703383932965,0.024807583059741532,0.01429917562305362,0.533310857225061,0.13049458688991133,0.03654103998952756,0.18976002419848195
10580740,0.02253157599695646,0.012332120338181063,0.011455200884554402,0.012415203739396995,0.007508311028218195,0.2615975515682201,0.5103777140049001,0.02759432063427821,0.13418800180529455
10580745,0.0091786390890677,0.010160404307780911,0.009493746006171502,0.010274679001427164,0.005138425697807103,0.24312829853869508,0.544819822165272,0.02530725306870115,0.14249873212507738
10580771,0.06391194943900903,0.020741373959665344,0.01504018818435518,0.0381127442617644,0.01517140033404965,0.3483539933858108,0.1769471930702661,0.061737767444877696,0.259983389920202
10580995,0.012283191321883076,0.03084329651966741,0.019254035289153704,0.02342259200299751,0.008297324834083495,0.2765515608331581,0.2467069833038254,0.04807681094776714,0.33456420494746414
10581310,0.008919348155355313,0.03730971822020767,0.012119235874397973,0.014654844972831906,0.013491483194435893,0.3565721947740568,0.4094169795524875,0.028991828537344624,0.11852436671888218
10581368,0.07757851593120112,0.057148895127787085,0.021245012496718767,0.22484385292479764,0.06711698209083462,0.19644880357141978,0.01992347251987631,0.0964697291963118,0.23922473614105275
10582173,0.09365129461671967,0.02596076285276593,0.019751883167054052,0.03919072640767134,0.035718464396922375,0.43517588838271537,0.11814371462161516,0.0460087728812055,0.18639849267333064
10582418,0.5140359836813032,0.01712626475789737,0.017407334258517173,0.019875440948351954,0.03359335695399527,0.21792394467494222,0.05219007100922322,0.02360757413660054,0.10424002957916916
10583009,0.00641421436288002,0.015511394417998264,0.010543995766222685,0.007581470107684985,0.00778260270527326,0.33856559830152744,0.547275658349083,0.018179295662657743,0.04814577032667272
10583434,0.007315082551844448,0.16785763211297647,0.023571094419260107,0.1230834737950959,0.02602891460280613,0.31715501745890967,0.06123469524717225,0.09127391981250828,0.18248016999942682
10583521,0.003950714898440554,0.008419266283045096,0.006349958652321893,0.007147589312211983,0.004687304579849319,0.17348398369055748,0.7006501984960878,0.012355711225107754,0.0829552728623782
10584210,0.006608312993128808,0.01833438520860976,0.012680705548573857,0.009365665226513997,0.005588916709868263,0.27188135399907865,0.49797227103558095,0.020764406707384022,0.1568039825712617
10584222,0.013934577718708445,0.012751877570550992,0.011453513054231364,0.01243710848307619,0.007005954674001193,0.3315673591250828,0.47772810931662646,0.030783930524380013,0.10233756953334269
10584314,0.028794935860300346,0.011069229855983157,0.01825255936475593,0.010571000625529278,0.005737599950120394,0.11475387624865366,0.3910869071308465,0.03471442352966334,0.3850194674341475
10584430,0.01515858280065636,0.008936143932409985,0.008101414314288001,0.010047003128049452,0.005044310380768779,0.23932398935894217,0.5805225599435795,0.01997674796732939,0.11288924817397641
10584519,0.015847425197743962,0.08448662229707045,0.01778700035744162,0.018689084791901713,0.020108255088067174,0.39734790168929,0.2756574903626788,0.06825041017113859,0.10182581004466777
10584820,0.020124105430977573,0.1193220067968874,0.015856100480553185,0.025937276155847757,0.09745655025231817,0.4479348696754492,0.10494007647142772,0.05962168752282646,0.10880732721371254
10585136,0.008077584171831942,0.24360578400749805,0.023471246488796327,0.10015214533450922,0.033715768169944066,0.31301221731638584,0.06343725936825773,0.13355783282273886,0.08097016232003802
10586849,0.01610453165674272,0.03080485435416727,0.01665082578153847,0.03468850266133573,0.017504671526542854,0.45371063819957513,0.30873842305551874,0.03708914711773287,0.08470840564684627
10587734,0.11228557145577736,0.028282895407749687,0.017324130133345803,0.016367585886479505,0.01737627866734559,0.3137522838911718,0.3694648197928019,0.04156905209438646,0.08357738267094196
10587840,0.02046441556937825,0.0338074779206743,0.019669015473607013,0.030899202668036307,0.013474988638709192,0.5147370570454015,0.2599657920687079,0.042798968876144095,0.06418308173934145
10588529,0.020294294250359307,0.0034759897343384456,0.007709281179748582,0.004627962389785303,0.0031963543403248727,0.042977597520157854,0.7604453937902313,0.011069468788019898,0.1462036580070345
10588664,0.016034915149135808,0.004184245998423428,0.00859643504931082,0.004360161245116684,0.0037767879631278125,0.07988702527128516,0.6584843087240086,0.01375198017182368,0.21092414042776803
10588792,0.037655751798727946,0.005620810843916637,0.009324250072158492,0.005802721783376411,0.005077893877304722,0.04828873108376724,0.514987107760895,0.014373283090697625,0.35886944968915596
10589349,0.008135216128077454,0.006037538208122464,0.012079869690573073,0.007716634892001558,0.004595766321067442,0.11725823668185174,0.38315823882568734,0.023560468980760668,0.4374580302718584
10589410,0.1628187961759263,0.016241184543785873,0.029422747470067238,0.056803340485949774,0.01671703132039826,0.23235615628544837,0.13825549071558407,0.09704420035470919,0.2503410526481309
10589411,0.0971569846773457,0.012651098503863723,0.014642071278744782,0.01371984387937447,0.012745229551290087,0.25983153247189744,0.25673149848575544,0.02709540615197952,0.30542633499974897
10589472,0.0662610244031996,0.011340474704887115,0.015890642451849953,0.012040234019304251,0.010786486447780382,0.1503694738891707,0.35807864498966796,0.026147956110158004,0.3490850629839821
10589485,0.1259757436656633,0.017045596033491577,0.01989064083989543,0.02474286051837745,0.013735137225702295,0.19990404947655244,0.08853685075907305,0.042115467358116936,0.4680536541231274
10589763,0.007065800912096653,0.1905715532629148,0.02431656041237247,0.08315234705659504,0.02337875787716052,0.4256996589799635,0.07280306767096878,0.09890097586886808,0.07411127795906017
10590733,0.012781316028848213,0.05799871637058809,0.019876296765052245,0.21747061718215416,0.0684885612524548,0.43132091705431697,0.025879486435970767,0.11468783595739653,0.05149625295321837
10592587,0.4330338674682355,0.020372384053269483,0.01715008275985527,0.027247598459297057,0.04112060710527391,0.23004389080600754,0.03481969032654598,0.031657844498063775,0.16455403452345155
10592944,0.011124545631929791,0.06365403339122198,0.03587004405519707,0.09653808055080715,0.09525252482654255,0.4640732781143171,0.06883713962557841,0.07016615647914669,0.09448419732525928
10595034,0.04902850866340877,0.045869000551317055,0.016392297419781814,0.041237674717457484,0.033976389517242175,0.49267048565038624,0.07030190053741162,0.05285242326150669,0.19767131968148813
10596119,0.011836907601231404,0.04419007296846901,0.010524430374396394,0.012375011773869592,0.01805605332936486,0.5853636054469239,0.2113325511576652,0.023143082732733553,0.08317828461534613
10599481,0.004565485519312163,0.012817211617472934,0.0036807096482285077,0.00664869063338101,0.006392220984241115,0.444061399094192,0.45900573186691035,0.019324996741172627,0.04350355389508924
10599552,0.2542382048829245,0.01161268709848498,0.016195961641892485,0.024329699044551435,0.008712454383231047,0.25987273146550943,0.21347889957567834,0.03648636514665796,0.17507299676106988
10599609,0.030926707403058327,0.005509862702212215,0.017830936326701997,0.00926087979520765,0.004243288375329104,0.0990485504157769,0.44984113769616274,0.022610217569481714,0.3607284197160694
10599643,0.006788284702966319,0.0110386258780749,0.009291050829061839,0.008491506387312145,0.005232572511132599,0.3494058796222157,0.5036359509711468,0.017478373780250103,0.08863775531783982
10599718,0.11930138473485301,0.020458003045544876,0.02053396758426518,0.05989590807046847,0.016052616005334024,0.36848634983117495,0.09095696407012506,0.06810727146111349,0.23620753519712095
