track_id,Clutter,Cormorants,Pigeons,Ducks,Geese,Gulls,Birds of Prey,Waders,Songbirds
6868504,0.0889896288305515,0.03819162689810919,0.158969550813144,0.2849309296185515,0.2517560946588639,0.06638277432901155,0.010740412653899965,0.05701218518856818,0.043026797009300274
6868536,0.07558241271005861,0.07221680197626935,0.18917885273196278,0.31813815334394935,0.09251901216199548,0.12967772939790842,0.010661722343968012,0.05497060269967709,0.05705471263421086
6868565,0.04572124168865422,0.043031132680123776,0.05309456819202424,0.21036912705477287,0.49650008506818144,0.04826757124875369,0.009940199703736998,0.0507084821992082,0.04236759216454465
6868861,0.013060080895287008,0.07551575287696366,0.017501470454080466,0.05422145774917449,0.7507077445429715,0.03089848568122651,0.00886852331566178,0.031177998560060215,0.01804848592457439
6869275,0.008982579247474691,0.07654187886577275,0.014257551188305866,0.04423567806513402,0.7708014168266315,0.030434821009890114,0.008258000218556504,0.031163632637152043,0.015324441941082552
6871418,0.020850840925542256,0.09791048519775443,0.09496025717906073,0.38478267160299956,0.13096089478909606,0.13862882900011866,0.013645302247276793,0.0732113438197434,0.04504937523840815
6872996,0.4233704485021476,0.029978395399834608,0.024879835152327143,0.021831183117836363,0.04254844296686042,0.25590537102582317,0.07459360975799516,0.029004887337774655,0.09788782673940079
6873817,0.05544778250698304,0.053698895658243255,0.033453534345085564,0.035172255157814025,0.13174518992139092,0.5497608229519594,0.0248905018558196,0.059226620625823435,0.05660439697688073
6874023,0.00831554570140673,0.07174161886984344,0.030512729964651125,0.029949159555516303,0.03593364605543038,0.6934480922702,0.043699642808766204,0.04336958696315721,0.04302997781102865
6875504,0.008002710177576379,0.07148164350121027,0.03424005759257156,0.02491573221161102,0.020195672857329764,0.4921474104670059,0.06161924320415217,0.040431370904440725,0.24696615908410224
6875899,0.012230013341801942,0.039787724047892326,0.017678858773937597,0.01570906792019264,0.017750467402514205,0.6154723734660688,0.1612174242731264,0.029228244058090044,0.09092582671637617
6877293,0.02238927101630085,0.026614288614643822,0.028501820601620716,0.049779919105887596,0.013580023711670592,0.047887405749200876,0.03816993415764615,0.04143656541995656,0.7316407716230728
6880408,0.01578278398088162,0.03787844124091628,0.022534872179080272,0.05662245432272896,0.019446537215652548,0.5760033597734331,0.1271081477969911,0.03980085921911705,0.10482254427119904
6880690,0.012500557788339887,0.03591642798498612,0.0691323825245455,0.09604205533992542,0.019176033055457058,0.4278057668304912,0.03785978523592994,0.047656905938615636,0.2539100853017092
6880833,0.023373793657482395,0.01357666333026727,0.031474404639577715,0.01837019200201523,0.008629817320747416,0.06573240678914098,0.2090929766225721,0.023584670263529197,0.6061650753746678
6880956,0.00815037470010805,0.04904400456914754,0.020761727518411644,0.02027306302327067,0.021108237397782253,0.7280994754077781,0.06668577893422517,0.03756178603625648,0.0483155524130201
6881733,0.009372592028485838,0.011196935388252647,0.009609779608837462,0.00832274675541771,0.008375213878178635,0.05542346137736353,0.8454414357281133,0.013303117056412971,0.03895471817893774
6885154,0.0395540157727517,0.03308461399071766,0.018858166617159933,0.03468354238148067,0.023581613874050552,0.5995788125120088,0.07580013209274934,0.0514402671535654,0.12341883560551588
6887294,0.025602164637973834,0.03079256957100001,0.033823886392865536,0.028698316811971703,0.019374243352202523,0.6219985096528756,0.046842985454127135,0.04243310951271616,0.15043421461426754
6887586,0.032380828869373005,0.024530414374103714,0.033615282372138386,0.052713233051494696,0.013365340868689748,0.09330267045443899,0.034350800769167925,0.04202357349174168,0.6737178557488518
6887600,0.023363874183808964,0.01864102425209551,0.035032131336668826,0.05022811221772746,0.011151554582435639,0.050350894987340085,0.03126727216342106,0.03783973708336761,0.7421253991931349
6887637,0.04835345558683153,0.08230055558418228,0.029253732204090974,0.05877479811148489,0.06649503986805488,0.37835677352121205,0.054190897990313444,0.04408062941658534,0.23819411771724455
6887702,0.03189747723926994,0.015360016724254038,0.023715548324810754,0.02122301881889742,0.00915798367578797,0.05505793075771756,0.10705384742747323,0.02763069847506817,0.7089034785567206
6888243,0.027763058233066,0.05541576889737464,0.03845144004595008,0.05400969255794561,0.03214007330973862,0.08845388412326802,0.041334109009074166,0.039615459981197115,0.6228165138423858
6888737,0.01380272204182159,0.04415629083338246,0.04887432791343087,0.09856146689246491,0.025804382620602986,0.08263704968735759,0.026758164775733888,0.04321666006868409,0.6161889351665217
6889024,0.025752683827128264,0.013167687977513722,0.0177314982061461,0.014258779046245333,0.008679112548220033,0.041379604694255216,0.18180387964985414,0.02157236321932379,0.6756543908313135
6890285,0.018448903209879415,0.0371100890682656,0.017920080994466642,0.018457366609801254,0.016395705472173807,0.5654045847213646,0.21030031100250451,0.028628438385245297,0.08733452053629892
6890416,0.016658761815491724,0.026364505366054034,0.03576679120690163,0.02605202699974335,0.010559221709927595,0.12970998272496168,0.0878133266657254,0.04631876492655767,0.620756618584637
6890579,0.019873318344327446,0.015169914905402648,0.028060998852149216,0.015466906687283736,0.007952728365534177,0.044846817603086786,0.1286883785886285,0.024243766463682682,0.7156971701899049
6890917,0.021610501455003383,0.013604149826447937,0.029041881320590227,0.011559761567945697,0.008521259600299173,0.1121085133259738,0.33073795956767527,0.024558159797777833,0.44825781353828664
6891091,0.021900901929280278,0.026738288294151535,0.05763384176208569,0.17239861025159142,0.019572312709590634,0.058952224002410555,0.02185628725508025,0.04351481775526494,0.5774327160405447
6891208,0.013133962481889631,0.014883850124062717,0.027414016708978067,0.016549877746975646,0.00691786219778964,0.06447641751275493,0.09151960015248183,0.022436089754090355,0.7426683233209772
6891245,0.019266960290506556,0.018205546048282065,0.03583436104917798,0.015535734785638088,0.010431985295450134,0.11899036391335181,0.17822093279063986,0.024304131281476342,0.5792099845454772
6891309,0.011463873140980312,0.022167405572054193,0.03542122151118013,0.019280411181486667,0.009190842192189621,0.057255842963153405,0.11096139130026433,0.02808966770429318,0.7061693444343982
6891366,0.024432196995724517,0.011133141660697248,0.020389910762006833,0.012323742796631638,0.007524332100854883,0.04729822532598997,0.14518763236988746,0.020075136403057657,0.7116356815851498
6891473,0.018127042283621598,0.023843670713951277,0.045567178339453,0.044295237195720594,0.01142601475315699,0.16914410471028649,0.03933663955620644,0.03805270063269642,0.6102074118149072
6891484,0.012773618726849763,0.015809711983650356,0.023155612089701794,0.02068333572647181,0.006988557593792467,0.045910584400278245,0.05978445996567585,0.028201901209881274,0.7866922183036984
6891531,0.019491336420677737,0.023546721374898744,0.0228875915071422,0.018007388686305057,0.012163922643164038,0.07494246459050127,0.21063674514014794,0.024837848186580615,0.5934859814505825
6891557,0.020089162054301033,0.022316651140756982,0.0626204145638027,0.03047787240233838,0.010489001183201155,0.048911587824730124,0.05473075539590621,0.03388211186196604,0.7164824435729973
6891579,0.013200565685848908,0.016851157375822687,0.023210906221583137,0.015377578129902337,0.008978856118387765,0.05588766849667479,0.1478422380641815,0.020626142243769845,0.6980248876638291
6891867,0.03471605675951024,0.015891545876936804,0.019846515309588697,0.016543474281188422,0.01103705752401969,0.045683179962405014,0.5718552001599057,0.023053591785558932,0.2613733783408866
6891888,0.023161102410902915,0.015527123941462405,0.023385825710794186,0.028064781174118456,0.009297376587683027,0.0409914187415955,0.0719699580647786,0.036569983965807455,0.7510324294028574
6892297,0.028327812705129844,0.011258949705045906,0.016606032683209548,0.01083548697317438,0.007908344207930924,0.0387461414062615,0.2796761488747551,0.018931012507501004,0.5877100709369918
6892562,0.018505517452467462,0.012639088506843971,0.022040791094468964,0.012276793118028173,0.007550699001453783,0.058204676953740014,0.24132366249029685,0.020933360838871765,0.6065254105438289
6892587,0.033404060273090126,0.014920342597826085,0.02321082697141745,0.01766779490570557,0.009074601980434794,0.05715169449863633,0.18837456610234662,0.027548198752274138,0.628647913918269
6894293,0.013788000192736422,0.5856545527263062,0.031953164131815454,0.10372250041760563,0.06363240357446086,0.06861031901468509,0.017649896213908462,0.06308170269676695,0.051907461031714876
6895609,0.012065948458912587,0.023503563741421696,0.07531657186348995,0.0869976800722299,0.011687732977367242,0.0398338110871352,0.02849571096578883,0.04358351709949801,0.6785154637341565
6895723,0.02718108511224632,0.024308981034095276,0.02730312906930034,0.017494250602316488,0.013656475596481884,0.6419440383650444,0.11300785202718847,0.034307589737678355,0.10079659845564846
6895905,0.014164508980671715,0.02472192621895456,0.021122319621709115,0.01288509572044817,0.011865977503596283,0.6544373749358943,0.14185363438197138,0.02703896154434934,0.0919102010924052
6895906,0.024672645112943235,0.024041453926248176,0.028393027157679315,0.015578706862281081,0.011421471399439715,0.6172776914640933,0.13377589307742116,0.030924880639934794,0.11391423035995925
6895927,0.03412255661268445,0.033339558565838014,0.029143403788364598,0.023925595236697874,0.018878665762581782,0.6520048062122501,0.08865474198278091,0.03888877842289433,0.08104189341590794
6895938,0.013788382931440793,0.02487654095166055,0.019373550217136996,0.011796590724335754,0.013117350226172443,0.6511668774224697,0.16514039249886614,0.026746071131533253,0.07399424389638445
6895939,0.014565613701555135,0.024543826886173837,0.018285260221972428,0.012418238096106886,0.013401232200685039,0.6879349246188611,0.1183809551681682,0.027188744034584378,0.08328120507189306
6895948,0.011926926953519774,0.02350119090227891,0.021079187198807695,0.012868770610239555,0.012069116796740522,0.6626404796594679,0.13628341707494404,0.027862283373815855,0.09176862743018568
6895973,0.020108225355541888,0.024829240486989333,0.02490112504328951,0.01606662740298581,0.011031552793741614,0.6314888527995276,0.1141877022960248,0.03465876137677467,0.12272791244512476
6895974,0.014315317634873164,0.022898850322836888,0.02115392657876023,0.012320046466542783,0.010834004141930526,0.6259044845004826,0.16195304705571395,0.025123411094741303,0.10549691220411866
6896754,0.014020730798158626,0.017233017523196306,0.022708504938535684,0.014579489231663065,0.00807207556512874,0.21360560048259958,0.13461573907017885,0.023868179419550384,0.5512966629709888
6897915,0.010588888315196231,0.0892992083656297,0.07038933946183601,0.12726241781688852,0.03078945528523505,0.23795835905401558,0.04332565759205538,0.09657085452924866,0.2938158195798949
6897964,0.09194155858054687,0.04160312946840729,0.04603421468374825,0.058539145072976174,0.0653995180557396,0.21551453193826836,0.038187463014604565,0.05354272930862324,0.3892377098770857
6899282,0.018956703944947507,0.013829226829326966,0.019108047095894934,0.013401218673558151,0.008156910447637142,0.06889752573283482,0.3399334503076642,0.024836663987712598,0.4928802529804236
6899294,0.02689557038060527,0.011965997024818247,0.015651927061588185,0.01314494664785731,0.00857742891981288,0.03468089815442253,0.4875637793237596,0.022844681225704877,0.3786747712614311
6899376,0.01255230745128669,0.024062467161777682,0.04013400373596985,0.021058719012258115,0.009724942398556966,0.05051336934883048,0.12274495564347747,0.03217891264741306,0.6870303226004297
6899506,0.018874079980833076,0.01874487173601693,0.015056225686455154,0.012083188834398826,0.009498907643397963,0.5020798498019589,0.23887612347103943,0.024266261699730587,0.16052049114616918
6899530,0.02792897247054051,0.018767020183893406,0.02684044125140838,0.06065667028631067,0.01198871163515714,0.05224704759234331,0.033043298576619,0.05060861814277691,0.7179192198609508
6899560,0.021884611025438316,0.014266974447155283,0.021476695492752766,0.02698194347051812,0.009002829461105123,0.1197312341511272,0.1023128967884918,0.03337288194059095,0.6509699332228205
6899670,0.02837456350615329,0.01638797146577274,0.031396779454780914,0.020668207570735248,0.011930230913500872,0.11830237366452888,0.06595596676793719,0.038866536089317845,0.668117370567273
6899695,0.019467241949520684,0.017796320030478395,0.03064816533817551,0.026999547422281382,0.01142240845523905,0.0951777129131449,0.044786121025629726,0.03537181757548347,0.7183306652900469
6899730,0.02900149476208426,0.018409268217430583,0.025476958030153454,0.019006657035975694,0.012145082109769407,0.1339154984479682,0.15556411257057842,0.03082826969016152,0.5756526591358785
6899754,0.03974447676816211,0.0204811288843941,0.041377035277632424,0.10395226828699453,0.01745071574801279,0.050072489699752885,0.023768673772495072,0.06143461502611342,0.6417185965364426
6901206,0.013495704959464123,0.026134068643972726,0.03717549147648361,0.02044091665715568,0.010925585108326101,0.296063888725383,0.23157696940876038,0.03517559135434421,0.3290117836661102
6902131,0.009483490231352056,0.019887215234703926,0.014772257384952968,0.012678386693075807,0.012242060773610858,0.6849834967841457,0.176284861511502,0.026556720136708626,0.043111511249948095
6902271,0.021599608577163084,0.040378214035542453,0.03687785974528938,0.06298554987111457,0.034014578058214104,0.25881528300637496,0.025306081509258085,0.05304794408941904,0.46697488110762436
6904326,0.02641115680071637,0.012560233266786005,0.02026637896172261,0.024814750044878413,0.007741482423053136,0.04010784157118341,0.07783639490118507,0.03351825086260647,0.7567435111678685
6908023,0.008242443343052406,0.0923540891420199,0.02366738439891887,0.41146236905050687,0.041713611668493286,0.26826599659974354,0.034652070798907385,0.0758644084087043,0.04377762658965347
6908625,0.013699814085054843,0.01407234746354111,0.015440525548087242,0.011203342068493579,0.008903594680326869,0.3968385451593546,0.38008788024443474,0.018894846665062345,0.1408591040856447
6909657,0.013199256736538245,0.012283123122286542,0.016279332920360563,0.012511431993806004,0.006057366547622215,0.05942455625196198,0.16642683005907405,0.020392523417297616,0.6934255789510528
6909786,0.04410850453996905,0.014049564735222946,0.019848151199780496,0.02577647853055004,0.009409292273416088,0.05858149445871604,0.11661461196250406,0.03764359049462366,0.6739683118052178
6909952,0.014967810689567144,0.011167443674571722,0.013233721768221325,0.012047655103557557,0.006579036767115044,0.03792693706381415,0.1864041123583528,0.01933497872484168,0.6983383038499587
6910003,0.019970583932172454,0.01048783257130683,0.014221883809179372,0.01299202200787294,0.006858365936137768,0.03567315744350344,0.1343265221604888,0.020883305622698002,0.7445863265166405
6910407,0.006614122445298848,0.03474245986368921,0.010885218034340217,0.017026589944260873,0.022330995883951214,0.8123665233820322,0.033787791256498736,0.030890508917102658,0.031355790272826055
6910422,0.02611331079957284,0.013454607511002284,0.02089017794243234,0.017331398904240437,0.008544097651088843,0.05279702640532797,0.14538495983597005,0.0252730657574738,0.6902113551928916
6910425,0.025474152753061852,0.012177121477856673,0.016175945980494176,0.017111224208084107,0.007711823479710553,0.04033664937892975,0.12937297491305566,0.024682206735634604,0.7269579010731726
6910560,0.021425802606584304,0.017312929113645674,0.030116569719157646,0.09796034231965502,0.012730052412568013,0.047765328575133874,0.035259810938518,0.056452416349286216,0.6809767479654512
6910590,0.021026686436635994,0.011041949502671258,0.017112917821709057,0.015830612272890485,0.007293176602262224,0.04073066922116098,0.15375607108649375,0.023009910471480887,0.7101980065846953
6912744,0.005762832272297531,0.03886157122781218,0.009764405747570785,0.018836861039078903,0.02358742753320906,0.8027009241960672,0.03227375401564834,0.03879464081922067,0.029417583149095344
6919118,0.0178106340084794,0.023233524570350658,0.0504700371787915,0.029452444647496235,0.011761332999547897,0.567002774845761,0.10688132887581,0.033851685444432664,0.15953623742933082
6920152,0.01604553584045461,0.022985356283523637,0.050580960123834035,0.024595716129292334,0.010608960234191367,0.4535207803610482,0.1227824603928558,0.03265499697645161,0.2662252336583485
6925791,0.008831211924964678,0.02239136507996879,0.015565444657129033,0.02135211898546134,0.012768707596286,0.7209603841101994,0.10443973315050432,0.03808346558961142,0.05560756890587511
6926246,0.039828256827179616,0.021496503326861174,0.02003117199908474,0.017892413188607324,0.014129771605507059,0.601975558666463,0.18696477825011912,0.030075441258582195,0.06760610487759564
6928841,0.019353117622047777,0.037478300365070494,0.03351626344571858,0.5528415102425319,0.047738034525710994,0.09551079268536872,0.01671912565421069,0.16276589867406427,0.03407695678527646
6928933,0.023646002821230874,0.03601316736250265,0.022948761512547985,0.018303792171047318,0.023115676417890085,0.6552215198434349,0.11953343953158181,0.0346832449169675,0.06653439542279693
6937241,0.023417545740736293,0.016019772272132537,0.03647368175286187,0.04437231173853314,0.009167084529608169,0.04416583499711299,0.041236477225279636,0.04820396594080553,0.7369433258029299
6938426,0.008728470197891153,0.028202639119148047,0.013998062917047386,0.013188665929980633,0.013125890760906101,0.7542639767870335,0.10456970221175535,0.026947603099539235,0.036974988976698694
6938530,0.01031200459032738,0.03049124956128027,0.011622181033212208,0.012679528384666901,0.013854690884060406,0.7337931692047868,0.12269731383780563,0.028854874022674858,0.03569498848118558
6938682,0.010793002447937156,0.010484707604580893,0.012858454515120825,0.010560868187848065,0.007257987440863763,0.2912675473939448,0.4237069934227549,0.017686407954193746,0.2153840310327557
6939166,0.007174932232535712,0.02246551405924422,0.009356170385271069,0.010778853770296096,0.011347088651155472,0.7792232865664696,0.10249427848569855,0.02387963293041815,0.03328024291891117
6939222,0.01836398884752161,0.013293209922175789,0.014474256922816117,0.010486490520972438,0.008664427568581014,0.1508177645889385,0.7016138125656951,0.02403057169708858,0.058255477366210784
6944591,0.034395629413599235,0.015868049188931515,0.02896466067403019,0.014019661191574554,0.010349386110130308,0.4962117161331403,0.28047921866839665,0.027701100648561183,0.09201057797163606
6947293,0.008921714175933468,0.03633619985227522,0.026080605136337105,0.021627275864009154,0.020224026361548603,0.7342544216398708,0.04641951775906238,0.04089784951374332,0.06523838969721997
6952804,0.014412676496659716,0.024900383275931675,0.06807582556452892,0.03379521698917073,0.01589182683935774,0.5740338273189698,0.039636349161716745,0.04659791748364202,0.18265597687002258
6975207,0.011753220969817351,0.031157361952186286,0.031410750443892015,0.022186548002143,0.016289025525505006,0.753168490296853,0.036902409483633825,0.047191661023795614,0.04994053230217376
6975472,0.008626303215510682,0.026322809470367314,0.021466149343239625,0.014895045672159279,0.013621670266691394,0.7693680456994375,0.05096778304823949,0.04337657980244889,0.051355613481905905
6975490,0.006985507493087755,0.02111399562390459,0.014730140686951781,0.011945963220246544,0.012171677052019334,0.8167667768701432,0.03346492685381468,0.040879658986425406,0.041941353213406765
6976427,0.006172790308468028,0.022063598689398986,0.011367041295784908,0.01020503303287253,0.010352841300165368,0.8261008392578169,0.0405760386975986,0.0365102297504238,0.036651587667471
10551287,0.023987288955532426,0.036671453276520924,0.019538886937535114,0.03058661792015323,0.02973324537777099,0.6365809823736794,0.08739521447380733,0.054741481029798804,0.0807648296552017
10554874,0.6211393719776633,0.03759992409294476,0.030171528448065036,0.030776096176870604,0.04586612289831789,0.06101812093656808,0.0760359625871598,0.03055866735684171,0.06683420552556883
10555071,0.018678016887300145,0.024283564081721807,0.02063993619368878,0.02261357596865329,0.013866647613473542,0.48861374867587715,0.13829033766941567,0.041539014420130124,0.23147515848973957
10555459,0.014499325427964092,0.048644609645135936,0.046572687471759716,0.028690717912114687,0.032248321837232016,0.4295555732418279,0.06384577373552179,0.202161384734673,0.1337816059937708
10555968,0.05103845916294029,0.04273708433066065,0.022174470327257424,0.1262526777044988,0.09951938513978047,0.5072772733325803,0.014386584605671167,0.06127839719452389,0.07533566820208693
10556692,0.05144531381319913,0.027083442308699256,0.029597771438874116,0.04877367414011592,0.018303303968789465,0.25971420669166234,0.10825376088583459,0.07867328323791646,0.37815524351490876
10557065,0.008333099216293199,0.050436998525305476,0.011367045185109049,0.025590820124518448,0.033368669872995166,0.7305389998717218,0.054691684775422494,0.03994899325873949,0.04572368916989494
10557235,0.010191742897331579,0.049744128139210024,0.025225078993042983,0.054312381741952846,0.04110546652520024,0.6790739643475114,0.030639589896058538,0.06679598100077534,0.0429116664589171
10557310,0.03627306057657666,0.06226912490827025,0.056248053874261864,0.07019748341597866,0.1024617439714319,0.40496326801022003,0.024429447931026294,0.05751456166387329,0.18564325564836115
10557603,0.017129042365864214,0.04927858976872833,0.021318689366080976,0.03824151669237802,0.02373051165518189,0.6131002132361505,0.07013859697969518,0.04918842693096747,0.11787441300495333
10557649,0.009621503001276894,0.05202497610609724,0.018939903269144753,0.030556086032498462,0.04352974239296365,0.7068606122981484,0.033591437684799566,0.061483017157311665,0.04339272205775923
10559369,0.03913945997713231,0.039167987437337015,0.020931783940983436,0.024996438122747298,0.029042086434578517,0.6005743875690673,0.119641072314819,0.03910391250628564,0.08740287169704951
10559516,0.01778942084448946,0.04651563734122268,0.0157122306471389,0.02615777003150331,0.03185211011333677,0.644474229665921,0.0994989298064238,0.05147413132819827,0.06652554022176571
10559765,0.010502267470887887,0.05086014888934472,0.01648057759367261,0.02301702440088416,0.02810635505054278,0.6225054189436,0.10507520987028202,0.05435361541539893,0.08909938236538685
10559904,0.04212388464288503,0.04184147130547215,0.01982233023858335,0.033545631271426596,0.032110724034820654,0.5827235843358126,0.08839761371607079,0.05369701445660799,0.10573774599832077
10561136,0.05449719075840428,0.04704580787438384,0.01984707321916824,0.03380865635193312,0.03567194555542197,0.5846661271649868,0.06487151377501725,0.04759106462610749,0.11200062067457706
10561583,0.03256735968795746,0.030232552345477254,0.02003645383066557,0.025167161778731868,0.016681845566140188,0.5891839410882318,0.11624451214393364,0.05946984947052577,0.11041632408833646
10561870,0.013026858815707879,0.037165709043989845,0.012015158929906905,0.018079575687263455,0.024712510976156055,0.6522104522849445,0.1461234809194199,0.0395641304687021,0.05710212287390949
10562711,0.022726450254782968,0.07408607895034146,0.030520861909685663,0.10187684179453645,0.10190873654019726,0.3824645387709124,0.019364961241338057,0.06391658796221404,0.20313494257599155
10566953,0.010598602163592444,0.024478123104622333,0.012194109857805644,0.011755527905650518,0.01239160295187283,0.5375126894129048,0.3008750508522095,0.04187728981841617,0.048317003932925845
10567563,0.07965954420926975,0.050350435844030324,0.02621043130759831,0.03210647030390132,0.04536064434740213,0.5590742552269838,0.06610782675338593,0.04790250825201431,0.093227883755414
10568512,0.032852063997161576,0.021323081957954095,0.02089466306531905,0.017479555908619625,0.014046666524692572,0.3559082801889723,0.3084005767909754,0.04197543481231144,0.187119676753994
10569249,0.016194907015116465,0.032722040986155256,0.013493977800458018,0.019238796465581305,0.01687638909198547,0.603095744699814,0.14356483303687995,0.047216193828215555,0.10759711707579397
10569900,0.019587638701882085,0.2281074623592234,0.02073051364303499,0.07904614992550356,0.44940534367800417,0.0664400524417836,0.022782564904715377,0.05837232970499029,0.05552794464086251
10569996,0.02075656473245904,0.02474832165436219,0.015085973618808311,0.018004873015240466,0.013097552092104262,0.5393802366482086,0.2487819379318952,0.039173431595383244,0.08097110871153869
10570047,0.014139120995020231,0.04033095048771087,0.014146563439032356,0.024700773193864534,0.022990408209463544,0.6592245855086688,0.10236623049687421,0.05941190410165023,0.0626894635677153
10570186,0.034530564815952666,0.03799145661363418,0.015674461926810008,0.0264381698791764,0.029465394910887815,0.5855081736635561,0.12915803535084255,0.059683600787092256,0.08155014205204801
10570190,0.011749702738878336,0.03350229914832822,0.01066114229217673,0.016775363511987516,0.021029108084129753,0.6205166463151887,0.19596150382645752,0.04006303957099848,0.049741194511854867
10570281,0.017573624377756558,0.029845818825237656,0.014862455190649571,0.022840449672173656,0.016879834305641064,0.589018849943559,0.18156434302200772,0.048362561982751816,0.07905206268022294
10570444,0.261079868021496,0.034755977619620446,0.02118206891675393,0.05439479641429602,0.04681884279350323,0.3564528181902912,0.04684411792624414,0.057035522103643724,0.12143598801415127
10570516,0.042003429175423136,0.03563571253938972,0.020087253765473198,0.02931471424015884,0.025203298649241694,0.5800222435731259,0.10120704937618898,0.060237172203353485,0.10628912647764492
10570563,0.02252250033742287,0.021377250897836264,0.01607995258023542,0.018661104133296268,0.012043613758614716,0.4108722991141996,0.3394476699854849,0.05201250359996509,0.1069831055929449
10570908,0.0186036619276942,0.027529155595396967,0.01224221316303698,0.018370422912295827,0.016317616390662544,0.5880208926266562,0.1947758708508904,0.04975183903852296,0.07438832749484396
10570962,0.016913841426585186,0.0428432015973325,0.040410131181893044,0.021037791024590278,0.021777667465652083,0.5041393554675988,0.06764994374816621,0.1928327045228683,0.09239536356531362
10571126,0.05956215952408308,0.021538858505873223,0.021989516186728442,0.02207095394347732,0.014434572143244617,0.37692932692312076,0.18013192889262675,0.06624938512754579,0.23709329875330004
10571129,0.10687089235296317,0.031309061416251394,0.02100823866768283,0.0601422092691667,0.028021687737010963,0.5437474647158578,0.03250627862255181,0.07870619515855605,0.09768797205995924
10571130,0.05279406753194997,0.03301390557754526,0.027356549125254915,0.09544624335091327,0.03147044799977871,0.5234496570508402,0.023739031095223413,0.09705625404510626,0.11567384422338786
10571150,0.05679684005443342,0.035766218096515125,0.021260992000227057,0.033182860434428516,0.026258172361060938,0.5874100024351816,0.07750267056364067,0.05468392352243422,0.1071383205320785
10571157,0.04144906705047482,0.01966440267402657,0.019175832926237674,0.016266308928921717,0.011560544022338195,0.4517511616333952,0.25105454495002777,0.03881910297829017,0.1502590348362879
10571249,0.023797947505833052,0.029589212089016517,0.014964216364501286,0.019403305033720977,0.015029668203548424,0.6168836884039646,0.13911438384232522,0.05086921597376477,0.09034836258332517
10571563,0.021138954475327734,0.09336251792955964,0.023378390373359117,0.041628410587670854,0.059113506886207416,0.5279850003584403,0.04971712203224051,0.06674125825310091,0.11693483910409357
10571600,0.03123735184492925,0.03985788574520687,0.015252740356218762,0.02307821232668211,0.02692708672111431,0.6203188606903599,0.11561257977391742,0.04553641413038581,0.08217886841118555
10573894,0.03060683815767707,0.033887784485615975,0.026564769111514005,0.04951782823357964,0.023088978815792412,0.5723683114577638,0.07043214539077772,0.0878939642910184,0.10563938005626104
10574347,0.04137513711936746,0.03163221215674069,0.020925773806038633,0.03675106262715506,0.019953016077932765,0.5865532654379311,0.09476354742146231,0.05844211946310315,0.10960386589026887
10574370,0.043570506436357015,0.030910697675943375,0.019489926338922547,0.03323839440965049,0.020150518114772063,0.5881153949296438,0.08920980377249985,0.06482971791755869,0.11048504040465208
10574372,0.0247698745934374,0.026127123553028087,0.019150674777758156,0.017782605527737985,0.011983218702235144,0.5238715568787302,0.21471089635615717,0.04190413111937711,0.1196999184915388
10574408,0.05634508750580491,0.044506894754478,0.021270833334662665,0.07499039072262836,0.044236040499293326,0.5573166205450877,0.02578275390057972,0.08173896768779076,0.09381241104967447
10574430,0.029555094300312924,0.03306165749032685,0.017704469342663398,0.028945004547836918,0.019354627558746937,0.5991119400484812,0.08162022268847186,0.06422613641063529,0.12642084761252467
10574439,0.043142350125530984,0.03150038398923226,0.020194438649983174,0.03875483756650791,0.018930187579909444,0.591100550335955,0.08330889396483948,0.07571592599049176,0.09735243179755004
10574456,0.03470242733058972,0.03547472636755812,0.018564712199697225,0.036576953300860054,0.020821124385581355,0.5901688786732043,0.06000933726191818,0.056576958232137514,0.14710488224845358
10576038,0.10535532873482441,0.03603942422543358,0.025627489946653433,0.028752481970104677,0.037441225423480114,0.5694206102134255,0.06245486327886665,0.05670710690203379,0.07820146930517778
10576770,0.03455943671568472,0.031318653549913644,0.020862752649604313,0.05193862463014779,0.018030373759266572,0.5776864686978355,0.057378740153758406,0.0665945360413367,0.14163041380245248
10577118,0.012135298955514679,0.036889808356981656,0.019962789501572882,0.024047992714816734,0.01766073289160254,0.5846014119432864,0.1367097905249658,0.0738344310702729,0.09415774404098652
10577354,0.027927568019610667,0.025961313393686226,0.022177293654484984,0.01651887494276949,0.012468906523849497,0.5795105179682315,0.1835779270886465,0.04142552964513225,0.090432068763589
10577622,0.014118838722769957,0.04115337320394155,0.020482009530975606,0.023685861732450134,0.018063803123864384,0.6002428784827727,0.12424459382952827,0.06209551537560167,0.09591312599809564
10577723,0.02326829057852575,0.02881759436740494,0.023985778732439424,0.02494873418037322,0.015693066559559637,0.5999904614723728,0.1216213756345962,0.05311799993802054,0.10855669853670767
10578130,0.1263901362951104,0.03739843146458569,0.022321380171177126,0.030330166862473987,0.03729838118670733,0.5471665957468896,0.07381818765677589,0.04676717649350881,0.07850954412277113
10578295,0.019964375196847312,0.023563388706146493,0.013140910618477953,0.019052483001283007,0.013873591971636809,0.5273551326889397,0.2691234930307852,0.036166801191449535,0.07775982359443398
10579132,0.014246777071203016,0.02530748039052166,0.013911572102848888,0.01560755374987487,0.012345399334412257,0.5513483740377476,0.278804885441766,0.029132986409871133,0.059294971461754505
10579372,0.012571238440647215,0.02518871892912388,0.015581824059990413,0.012507517771674356,0.013256698494580837,0.4972369686666718,0.32965288656721076,0.038232075737270214,0.05577207133283051
10579452,0.0085620254136137,0.05101952147289196,0.01782118918776552,0.04386495444641548,0.05512416154787646,0.6705670184943919,0.04536590830361781,0.06319353965686161,0.04448168147656551
10579754,0.008917519442036375,0.04044062657913021,0.018339938877051636,0.02981906998736579,0.05146461658623063,0.6990521612220648,0.03822682565415804,0.07685832594420396,0.03688091570775857
10580098,0.014532396040451602,0.03203872473060081,0.01644862361197889,0.018269355746972447,0.0168157974271599,0.6196017814668815,0.17129851537687452,0.06190537834848578,0.049089427250594585
10580150,0.019329765836878097,0.03311064613133509,0.01865672499419874,0.032926444037162744,0.02935260681368528,0.6275725164187032,0.11710008049345151,0.05441554898991181,0.0675356662846735
10580642,0.048963682424771504,0.034436580459229996,0.018614192309165042,0.03475456777590866,0.022885627300494114,0.5978409431554289,0.0894544630525935,0.061850637241500514,0.09119930628090786
10580740,0.03603331393737448,0.022161162051143084,0.017162816046717235,0.02190052028030387,0.014126443199462812,0.5271540086515178,0.2170784761873745,0.04978758948731226,0.09459567015879397
10580745,0.02338551750677496,0.024956563949804635,0.016533930624047906,0.02035877270716363,0.012359690275788824,0.5071231436165818,0.22028903235969574,0.05037447231829676,0.12461887664184576
10580771,0.040292140113811735,0.02429508683739531,0.021201174718869033,0.05693858403886172,0.01780056670900566,0.4698834335809746,0.0868178329601497,0.1520595394529154,0.1307116415880169
10580995,0.02339092569837412,0.0315424099400671,0.027843477269461157,0.026635650495849404,0.015880770233441033,0.5410046954875074,0.12429845373397948,0.06435624295781231,0.14504737418350797
10581310,0.021337299991053535,0.027720225573450465,0.017610690640614927,0.020407724091447747,0.01694167767899791,0.5153129203685861,0.2647267313608708,0.03942695927041298,0.07651577102456551
10581368,0.05649914669930703,0.04413276682094781,0.0236479043125576,0.09181499926675647,0.051130865712346894,0.5356124977045913,0.020563121662443295,0.07828491676242182,0.0983137810586277
10582173,0.07519208554605575,0.04024426810784475,0.02172593216437491,0.03133762441626164,0.03937825147285738,0.5903107094510711,0.0815429990684412,0.04643985846061763,0.07382827131247573
10582418,0.2558458878193069,0.03353916475130329,0.023949205688915873,0.029094585991708617,0.0506820351059589,0.4185447975721096,0.06007190935445837,0.037617069015086796,0.09065534470115173
10583009,0.013129841772620972,0.02463947979818545,0.012169012832684173,0.015121409589725588,0.016531422682632933,0.5477162562827101,0.29403668550360323,0.0383355022267122,0.03832038931112526
10583434,0.014992329420661617,0.06385825451827931,0.030487940177778783,0.09369453152560694,0.024850926003113404,0.49716310609322983,0.10501643641395549,0.07711901591532123,0.09281745993205337
10583521,0.010823539001065766,0.019550835454186864,0.009788634548231784,0.012231694275948179,0.011862371882424165,0.4652667035359747,0.3923806493847343,0.027429765102183715,0.0506658068152505
10584210,0.014204807859167534,0.024968742170442617,0.020747432317174738,0.01700626118697547,0.011700922967773144,0.5703924321075645,0.2077478963293267,0.038549597942122,0.09468190711945332
10584222,0.020275909823403392,0.020988441870379577,0.016456979108838452,0.014797016445359662,0.012205397147452248,0.5722668494800125,0.2327134473619979,0.035738830644871544,0.07455712811768479
10584314,0.02512782247427226,0.020930588754690244,0.025279570310352738,0.016279284788453807,0.011315518722453198,0.18021284220160239,0.1819804800815672,0.06188936647344241,0.47698452619316567
10584430,0.03289080614253031,0.018481764022606175,0.017425972784752226,0.018432103195594872,0.012244453259716098,0.49892357721851166,0.27401663503783685,0.036048787745609066,0.09153590059284264
10584519,0.018233751209699427,0.07753931979318127,0.019554711282622907,0.02298103530011163,0.027207606289125306,0.5729447535563806,0.10327010862494729,0.06911178467987313,0.08915692926405842
10584820,0.020433894238798104,0.08102519841067947,0.014999654380443395,0.029329424727490637,0.06996933174477586,0.6071196746863352,0.07003218470349691,0.05255559918990817,0.054535037918072286
10585136,0.010276687004528206,0.08902252289023087,0.019814614450290407,0.04442747109827072,0.029197471066780004,0.6305434483463433,0.052429047330409595,0.0658397560418108,0.058448981771336124
10586849,0.02181392602467286,0.03851068695844262,0.016509808021622323,0.03800498173430633,0.027985938959281417,0.6166559854084895,0.12714314419323947,0.05149416422296223,0.06188136447698332
10587734,0.040409430989968326,0.03185097167479469,0.01687969502644209,0.021100395467838706,0.022221544226785656,0.48515981481889436,0.26750071434061107,0.06146436210875092,0.05341307134591425
10587840,0.02520249039481774,0.04375352011347271,0.019986499905446403,0.028556284609622267,0.022823053350090963,0.6148226981425648,0.12125889613655248,0.05716485290270292,0.06643170444472976
10588529,0.020871602297544492,0.01043314010174097,0.010726552482992226,0.009770963459087172,0.007794997495840971,0.03460709576955337,0.8022659741295842,0.019146396537135745,0.08438327772652096
10588664,0.026881311037252487,0.011528731189543746,0.013062491677489041,0.012681657323199296,0.008940299995023496,0.04656589589261975,0.703557776540136,0.02427491748121861,0.15250691886351764
10588792,0.023852298653638047,0.012661833036635565,0.013311303990633088,0.012960362752797872,0.009643100519623396,0.04071406737895231,0.6798408753017737,0.025655455329773452,0.1813607030361726
10589349,0.01610644130221103,0.019720528928688436,0.01947224784573185,0.017571041720866643,0.011873057687549265,0.10539222456505572,0.18838489075323614,0.039669374726265146,0.5818101924703957
10589410,0.1908872811394262,0.021096401255995333,0.025665854286477906,0.04777799956894658,0.01754872499357715,0.4036203681460098,0.07413339332127324,0.07762367040715246,0.1416463068811413
10589411,0.03708556943294773,0.020941527054381796,0.0183507542016617,0.023023218993428702,0.016944794470148933,0.32517989681682197,0.12236808346665162,0.047765111576108035,0.38834104398784947
10589472,0.054812863951558516,0.018987842022099948,0.021378024616102324,0.019432492474097784,0.017389650982536368,0.06556931679622109,0.14633981182778108,0.04145215011972626,0.6146378472098767
10589485,0.05130476520809159,0.018559116853431406,0.02373347042058476,0.03509783322840797,0.018541710664712645,0.08189464307312262,0.05879937254910634,0.05659834013778287,0.6554707478647598
10589763,0.01022273506984771,0.055890418701073474,0.020914926868814833,0.040975363692680386,0.02462792935450615,0.6362410328079559,0.08344039861646878,0.07836647251706876,0.04932072237158397
10590733,0.01646267455893174,0.05953880065508572,0.0185736076925676,0.07316087877948353,0.04979793292368935,0.6305898525016652,0.02846347971579679,0.0864920159457068,0.036920757227073234
10592587,0.3869927505332005,0.0336024775858474,0.023422156251445947,0.035481990011684304,0.05350410847992692,0.30482891600707956,0.04825201096299329,0.048230146086787315,0.06568544408103479
10592944,0.0125878438078906,0.05845311379058316,0.02068413090194237,0.04696354264968076,0.055655452174702566,0.6448571426975356,0.0428631488082898,0.06161628012647887,0.056319345042896214
10595034,0.05148504545422436,0.05313558236904838,0.019632086945049584,0.03632379696864021,0.04917508589521957,0.5848089741488268,0.06655020231404651,0.05201567296997712,0.08687355293496739
10596119,0.02090892438312637,0.049210410374672685,0.015696217871165666,0.02011513717557635,0.022975743058454318,0.6254748955732161,0.13598707435560772,0.04615269728620443,0.06347889992197636
10599481,0.011397544295579601,0.03445947258270903,0.009721439938514676,0.014280207365159869,0.018920590811874062,0.519523509430871,0.3098209271800847,0.038886809524648375,0.042989498870558675
10599552,0.11476355098388133,0.01845830333516344,0.01950160867653677,0.022139582721009417,0.013802822235270172,0.5128724271798623,0.15054875869421658,0.03659157750216042,0.11132136867189954
10599609,0.032550346336894125,0.014908378689448524,0.025288322703542074,0.0168730883995791,0.009459815170167142,0.09365895942188122,0.2117186669000546,0.03257341093455298,0.5629690114438802
10599643,0.01132176429245281,0.020012320548025975,0.011970588230841775,0.013601150762734928,0.012156551653563158,0.5043680071328656,0.32566687501176755,0.03127094474555474,0.0696317976221936
10599718,0.05151488111540011,0.023825754686130896,0.022791642219788882,0.042062362486717846,0.018748601537801626,0.5371823514912136,0.08852980538840761,0.07047618534446257,0.14486841573007678
