track_id,Clutter,Cormorants,Pigeons,Ducks,Geese,Gulls,Birds of Prey,Waders,Songbirds
6868504,0.0889896288305515,0.03819162689810919,0.158969550813144,0.2849309296185515,0.2517560946588639,0.06638277432901155,0.010740412653899965,0.05701218518856818,0.043026797009300274
6868536,0.07558241271005861,0.07221680197626935,0.18917885273196278,0.31813815334394935,0.09251901216199548,0.12967772939790842,0.010661722343968012,0.05497060269967709,0.05705471263421086
6868565,0.04572124168865421,0.04303113268012377,0.05309456819202423,0.21036912705477284,0.4965000850681814,0.048267571248753686,0.009940199703736996,0.05070848219920819,0.042367592164544644
6868861,0.013060080895287008,0.07551575287696366,0.017501470454080466,0.05422145774917449,0.7507077445429715,0.03089848568122651,0.00886852331566178,0.031177998560060215,0.01804848592457439
6869275,0.008982579247474691,0.07654187886577275,0.014257551188305866,0.04423567806513402,0.7708014168266315,0.030434821009890114,0.008258000218556504,0.031163632637152043,0.015324441941082552
6871418,0.020850840925542256,0.09791048519775443,0.09496025717906073,0.38478267160299956,0.13096089478909606,0.13862882900011866,0.013645302247276793,0.0732113438197434,0.04504937523840815
6872996,0.42337044850214767,0.02997839539983461,0.024879835152327147,0.021831183117836363,0.04254844296686042,0.25590537102582317,0.07459360975799516,0.02900488733777466,0.0978878267394008
6873817,0.05544778250698304,0.053698895658243255,0.033453534345085564,0.035172255157814025,0.13174518992139092,0.5497608229519594,0.0248905018558196,0.059226620625823435,0.05660439697688073
6874023,0.00831554570140673,0.07174161886984344,0.030512729964651125,0.029949159555516303,0.03593364605543038,0.6934480922702,0.043699642808766204,0.04336958696315721,0.04302997781102865
6875504,0.008002710177576379,0.07148164350121027,0.03424005759257156,0.02491573221161102,0.020195672857329764,0.4921474104670059,0.06161924320415217,0.040431370904440725,0.24696615908410224
6875899,0.01223001334180194,0.03978772404789232,0.017678858773937593,0.015709067920192638,0.0177504674025142,0.6154723734660686,0.16121742427312638,0.02922824405809004,0.09092582671637615
6877293,0.02238927101630085,0.026614288614643822,0.028501820601620716,0.049779919105887596,0.013580023711670592,0.047887405749200876,0.03816993415764615,0.04143656541995656,0.7316407716230728
6880408,0.01578278398088162,0.03787844124091628,0.022534872179080272,0.05662245432272896,0.019446537215652548,0.5760033597734331,0.1271081477969911,0.03980085921911705,0.10482254427119904
6880690,0.012500557788339887,0.03591642798498612,0.0691323825245455,0.09604205533992542,0.019176033055457058,0.4278057668304912,0.03785978523592994,0.047656905938615636,0.2539100853017092
6880833,0.023373793657482392,0.013576663330267266,0.03147440463957771,0.018370192002015225,0.008629817320747414,0.06573240678914097,0.20909297662257204,0.02358467026352919,0.6061650753746677
6880956,0.00815037470010805,0.04904400456914754,0.020761727518411644,0.02027306302327067,0.021108237397782253,0.7280994754077781,0.06668577893422517,0.03756178603625648,0.0483155524130201
6881733,0.009372592028485838,0.011196935388252647,0.009609779608837462,0.00832274675541771,0.008375213878178635,0.055423461377363537,0.8454414357281134,0.013303117056412973,0.03895471817893774
6885154,0.0395540157727517,0.03308461399071766,0.018858166617159933,0.03468354238148067,0.023581613874050552,0.5995788125120088,0.07580013209274934,0.0514402671535654,0.12341883560551588
6887294,0.025602164637973834,0.03079256957100001,0.033823886392865536,0.028698316811971703,0.019374243352202523,0.6219985096528756,0.046842985454127135,0.04243310951271616,0.15043421461426754
6887586,0.032380828869373005,0.024530414374103714,0.033615282372138386,0.052713233051494696,0.013365340868689748,0.09330267045443899,0.034350800769167925,0.04202357349174168,0.6737178557488518
6887600,0.023363874183808964,0.01864102425209551,0.035032131336668826,0.05022811221772746,0.011151554582435639,0.050350894987340085,0.03126727216342106,0.03783973708336761,0.7421253991931349
6887637,0.04835345558683154,0.08230055558418228,0.029253732204090978,0.058774798111484894,0.06649503986805488,0.3783567735212121,0.05419089799031345,0.04408062941658534,0.23819411771724458
6887702,0.031897477239269945,0.015360016724254043,0.02371554832481076,0.021223018818897425,0.009157983675787972,0.05505793075771758,0.10705384742747326,0.02763069847506818,0.7089034785567209
6888243,0.027763058233066,0.05541576889737464,0.03845144004595008,0.05400969255794561,0.03214007330973862,0.08845388412326802,0.041334109009074166,0.039615459981197115,0.6228165138423858
6888737,0.013802722041821588,0.044156290833382454,0.04887432791343086,0.0985614668924649,0.025804382620602983,0.08263704968735758,0.026758164775733884,0.04321666006868408,0.6161889351665216
6889024,0.02575268382712826,0.01316768797751372,0.017731498206146095,0.014258779046245331,0.008679112548220031,0.04137960469425521,0.18180387964985412,0.021572363219323785,0.6756543908313134
6890285,0.018448903209879415,0.0371100890682656,0.017920080994466642,0.018457366609801254,0.016395705472173807,0.5654045847213646,0.21030031100250451,0.028628438385245297,0.08733452053629892
6890416,0.016658761815491724,0.026364505366054034,0.03576679120690163,0.02605202699974335,0.010559221709927595,0.12970998272496168,0.0878133266657254,0.04631876492655767,0.620756618584637
6890579,0.019873318344327446,0.015169914905402648,0.028060998852149216,0.015466906687283736,0.007952728365534177,0.044846817603086786,0.1286883785886285,0.024243766463682682,0.7156971701899049
6890917,0.021610501455003383,0.013604149826447937,0.029041881320590227,0.011559761567945697,0.008521259600299173,0.1121085133259738,0.33073795956767527,0.024558159797777833,0.44825781353828664
6891091,0.021900901929280278,0.026738288294151535,0.05763384176208569,0.17239861025159142,0.019572312709590634,0.058952224002410555,0.02185628725508025,0.04351481775526494,0.5774327160405447
6891208,0.013133962481889631,0.014883850124062717,0.027414016708978067,0.016549877746975646,0.00691786219778964,0.06447641751275493,0.09151960015248183,0.022436089754090355,0.7426683233209772
6891245,0.019266960290506556,0.018205546048282065,0.03583436104917798,0.015535734785638088,0.010431985295450134,0.11899036391335181,0.17822093279063986,0.024304131281476342,0.5792099845454772
6891309,0.011463873140980312,0.022167405572054193,0.03542122151118013,0.019280411181486667,0.009190842192189621,0.057255842963153405,0.11096139130026433,0.02808966770429318,0.7061693444343982
6891366,0.024432196995724517,0.011133141660697248,0.020389910762006833,0.012323742796631638,0.007524332100854883,0.04729822532598997,0.14518763236988746,0.020075136403057657,0.7116356815851498
6891473,0.018127042283621598,0.023843670713951277,0.045567178339453,0.044295237195720594,0.01142601475315699,0.16914410471028649,0.03933663955620644,0.03805270063269642,0.6102074118149072
6891484,0.012773618726849763,0.015809711983650356,0.023155612089701794,0.02068333572647181,0.006988557593792467,0.045910584400278245,0.05978445996567585,0.028201901209881274,0.7866922183036984
6891531,0.019491336420677737,0.023546721374898744,0.0228875915071422,0.018007388686305057,0.012163922643164038,0.07494246459050127,0.21063674514014794,0.024837848186580615,0.5934859814505825
6891557,0.020089162054301033,0.022316651140756982,0.0626204145638027,0.030477872402338384,0.010489001183201155,0.04891158782473013,0.054730755395906217,0.03388211186196604,0.7164824435729973
6891579,0.01320056568584891,0.016851157375822687,0.023210906221583137,0.015377578129902338,0.008978856118387765,0.0558876684966748,0.1478422380641815,0.020626142243769845,0.6980248876638291
6891867,0.03471605675951024,0.015891545876936804,0.019846515309588697,0.016543474281188422,0.01103705752401969,0.045683179962405014,0.5718552001599057,0.023053591785558932,0.2613733783408866
6891888,0.023161102410902915,0.015527123941462405,0.023385825710794186,0.028064781174118456,0.009297376587683027,0.0409914187415955,0.0719699580647786,0.036569983965807455,0.7510324294028574
6892297,0.028327812705129844,0.011258949705045906,0.016606032683209548,0.01083548697317438,0.007908344207930924,0.0387461414062615,0.2796761488747551,0.018931012507501004,0.5877100709369918
6892562,0.018505517452467462,0.012639088506843973,0.022040791094468964,0.012276793118028175,0.007550699001453784,0.05820467695374002,0.24132366249029688,0.020933360838871765,0.6065254105438289
6892587,0.03340406027309012,0.014920342597826082,0.023210826971417447,0.017667794905705567,0.009074601980434792,0.057151694498636316,0.18837456610234657,0.02754819875227413,0.6286479139182689
6894293,0.013788000192736424,0.5856545527263062,0.031953164131815454,0.10372250041760564,0.06363240357446086,0.06861031901468509,0.017649896213908462,0.06308170269676695,0.05190746103171488
6895609,0.012065948458912587,0.023503563741421696,0.07531657186348995,0.0869976800722299,0.011687732977367242,0.0398338110871352,0.02849571096578883,0.04358351709949801,0.6785154637341565
6895723,0.02718108511224632,0.024308981034095276,0.02730312906930034,0.017494250602316488,0.013656475596481884,0.6419440383650444,0.11300785202718847,0.034307589737678355,0.10079659845564846
6895905,0.014164508980671715,0.02472192621895456,0.021122319621709115,0.01288509572044817,0.011865977503596283,0.6544373749358943,0.14185363438197138,0.02703896154434934,0.0919102010924052
6895906,0.024672645112943235,0.024041453926248176,0.028393027157679315,0.015578706862281081,0.011421471399439715,0.6172776914640933,0.13377589307742116,0.030924880639934794,0.11391423035995925
6895927,0.03412255661268445,0.033339558565838014,0.0291434037883646,0.023925595236697877,0.018878665762581782,0.6520048062122501,0.08865474198278091,0.03888877842289433,0.08104189341590794
6895938,0.013788382931440793,0.02487654095166055,0.019373550217136996,0.011796590724335754,0.013117350226172443,0.6511668774224697,0.16514039249886614,0.026746071131533253,0.07399424389638445
6895939,0.014565613701555133,0.024543826886173833,0.018285260221972424,0.012418238096106884,0.013401232200685037,0.687934924618861,0.11838095516816818,0.027188744034584374,0.08328120507189304
6895948,0.011926926953519774,0.02350119090227891,0.021079187198807695,0.012868770610239555,0.012069116796740522,0.6626404796594679,0.13628341707494404,0.027862283373815855,0.09176862743018568
6895973,0.020108225355541888,0.024829240486989333,0.02490112504328951,0.01606662740298581,0.011031552793741614,0.6314888527995276,0.1141877022960248,0.03465876137677467,0.12272791244512476
6895974,0.014315317634873162,0.022898850322836884,0.021153926578760227,0.012320046466542781,0.010834004141930524,0.6259044845004825,0.16195304705571392,0.0251234110947413,0.10549691220411865
6896754,0.014020730798158626,0.017233017523196306,0.022708504938535684,0.014579489231663065,0.00807207556512874,0.21360560048259958,0.13461573907017885,0.023868179419550384,0.5512966629709888
6897915,0.010588888315196231,0.0892992083656297,0.07038933946183601,0.12726241781688852,0.03078945528523505,0.23795835905401558,0.04332565759205538,0.09657085452924866,0.2938158195798949
6897964,0.09194155858054687,0.04160312946840729,0.04603421468374825,0.058539145072976174,0.0653995180557396,0.21551453193826836,0.038187463014604565,0.05354272930862324,0.3892377098770857
6899282,0.018956703944947507,0.013829226829326968,0.019108047095894934,0.013401218673558153,0.008156910447637142,0.06889752573283482,0.3399334503076642,0.0248366639877126,0.49288025298042365
6899294,0.02689557038060527,0.011965997024818247,0.015651927061588185,0.01314494664785731,0.00857742891981288,0.03468089815442253,0.4875637793237596,0.022844681225704877,0.3786747712614311
6899376,0.01255230745128669,0.024062467161777682,0.04013400373596985,0.021058719012258115,0.009724942398556966,0.05051336934883048,0.12274495564347747,0.03217891264741306,0.6870303226004297
6899506,0.018874079980833076,0.01874487173601693,0.015056225686455156,0.012083188834398828,0.009498907643397963,0.5020798498019589,0.23887612347103945,0.02426626169973059,0.16052049114616918
6899530,0.02792897247054051,0.018767020183893406,0.02684044125140838,0.06065667028631067,0.01198871163515714,0.05224704759234331,0.033043298576619,0.05060861814277691,0.7179192198609508
6899560,0.021884611025438316,0.014266974447155283,0.021476695492752766,0.02698194347051812,0.009002829461105123,0.1197312341511272,0.1023128967884918,0.03337288194059095,0.6509699332228205
6899670,0.02837456350615329,0.01638797146577274,0.031396779454780914,0.020668207570735248,0.011930230913500872,0.11830237366452888,0.06595596676793719,0.038866536089317845,0.668117370567273
6899695,0.019467241949520684,0.017796320030478395,0.030648165338175513,0.026999547422281386,0.01142240845523905,0.09517771291314492,0.044786121025629726,0.03537181757548347,0.7183306652900469
6899730,0.02900149476208426,0.018409268217430583,0.025476958030153454,0.019006657035975694,0.012145082109769407,0.1339154984479682,0.15556411257057842,0.03082826969016152,0.5756526591358785
6899754,0.03974447676816212,0.020481128884394104,0.04137703527763243,0.10395226828699455,0.017450715748012793,0.0500724896997529,0.02376867377249508,0.061434615026113436,0.6417185965364427
6901206,0.013495704959464122,0.026134068643972722,0.0371754914764836,0.020440916657155677,0.0109255851083261,0.2960638887253829,0.23157696940876035,0.035175591354344206,0.32901178366611017
6902131,0.009483490231352056,0.019887215234703926,0.01477225738495297,0.012678386693075808,0.01224206077361086,0.6849834967841457,0.176284861511502,0.02655672013670863,0.043111511249948095
6902271,0.021599608577163084,0.040378214035542453,0.03687785974528938,0.06298554987111457,0.034014578058214104,0.25881528300637496,0.025306081509258085,0.05304794408941904,0.46697488110762436
6904326,0.02641115680071637,0.012560233266786005,0.02026637896172261,0.024814750044878413,0.007741482423053136,0.04010784157118341,0.07783639490118507,0.03351825086260647,0.7567435111678685
6908023,0.008242443343052406,0.0923540891420199,0.02366738439891887,0.41146236905050687,0.041713611668493286,0.26826599659974354,0.034652070798907385,0.0758644084087043,0.04377762658965347
6908625,0.013699814085054843,0.01407234746354111,0.015440525548087242,0.011203342068493579,0.008903594680326869,0.3968385451593546,0.38008788024443474,0.018894846665062345,0.1408591040856447
6909657,0.013199256736538245,0.012283123122286542,0.016279332920360563,0.012511431993806004,0.006057366547622215,0.05942455625196198,0.16642683005907405,0.020392523417297616,0.6934255789510528
6909786,0.04410850453996905,0.014049564735222947,0.019848151199780496,0.025776478530550043,0.009409292273416088,0.05858149445871605,0.11661461196250407,0.03764359049462366,0.6739683118052178
6909952,0.014967810689567144,0.011167443674571722,0.013233721768221325,0.012047655103557557,0.006579036767115044,0.03792693706381415,0.1864041123583528,0.01933497872484168,0.6983383038499587
6910003,0.01997058393217245,0.010487832571306829,0.01422188380917937,0.012992022007872939,0.006858365936137767,0.03567315744350343,0.13432652216048876,0.020883305622698,0.7445863265166404
6910407,0.006614122445298848,0.03474245986368921,0.010885218034340217,0.017026589944260873,0.022330995883951214,0.8123665233820322,0.033787791256498736,0.030890508917102658,0.031355790272826055
6910422,0.026113310799572836,0.013454607511002283,0.020890177942432336,0.017331398904240434,0.008544097651088841,0.05279702640532796,0.14538495983597002,0.025273065757473796,0.6902113551928915
6910425,0.025474152753061856,0.012177121477856675,0.016175945980494176,0.017111224208084107,0.007711823479710554,0.04033664937892975,0.12937297491305566,0.024682206735634607,0.7269579010731726
6910560,0.021425802606584304,0.017312929113645674,0.03011656971915765,0.09796034231965503,0.012730052412568015,0.04776532857513388,0.035259810938518,0.05645241634928622,0.6809767479654512
6910590,0.021026686436635994,0.011041949502671258,0.017112917821709057,0.015830612272890485,0.007293176602262224,0.04073066922116098,0.15375607108649375,0.023009910471480887,0.7101980065846953
6912744,0.005762832272297531,0.03886157122781218,0.009764405747570785,0.018836861039078903,0.02358742753320906,0.8027009241960672,0.03227375401564834,0.03879464081922067,0.029417583149095344
6919118,0.017810634008479397,0.023233524570350654,0.05047003717879149,0.02945244464749623,0.011761332999547895,0.5670027748457609,0.10688132887580999,0.03385168544443266,0.1595362374293308
6920152,0.01604553584045461,0.022985356283523637,0.050580960123834035,0.024595716129292334,0.010608960234191367,0.4535207803610482,0.1227824603928558,0.03265499697645161,0.2662252336583485
6925791,0.008831211924964676,0.022391365079968785,0.015565444657129031,0.021352118985461337,0.012768707596285999,0.7209603841101992,0.10443973315050431,0.03808346558961141,0.0556075689058751
6926246,0.039828256827179616,0.021496503326861174,0.02003117199908474,0.017892413188607324,0.014129771605507059,0.601975558666463,0.18696477825011912,0.030075441258582195,0.06760610487759564
6928841,0.019353117622047777,0.037478300365070494,0.03351626344571858,0.5528415102425319,0.047738034525710994,0.09551079268536872,0.01671912565421069,0.16276589867406427,0.03407695678527646
6928933,0.023646002821230874,0.03601316736250265,0.022948761512547985,0.018303792171047318,0.023115676417890085,0.6552215198434349,0.11953343953158181,0.0346832449169675,0.06653439542279693
6937241,0.023417545740736293,0.016019772272132537,0.03647368175286187,0.04437231173853314,0.009167084529608169,0.04416583499711299,0.041236477225279636,0.04820396594080553,0.7369433258029299
6938426,0.008728470197891152,0.028202639119148044,0.013998062917047385,0.013188665929980631,0.0131258907609061,0.7542639767870334,0.10456970221175534,0.02694760309953923,0.03697498897669869
6938530,0.01031200459032738,0.03049124956128027,0.011622181033212208,0.012679528384666901,0.013854690884060406,0.7337931692047868,0.12269731383780563,0.028854874022674858,0.03569498848118558
6938682,0.010793002447937156,0.010484707604580893,0.012858454515120826,0.010560868187848065,0.0072579874408637635,0.2912675473939448,0.423706993422755,0.017686407954193746,0.21538403103275572
6939166,0.007174932232535712,0.02246551405924422,0.009356170385271069,0.010778853770296096,0.011347088651155472,0.7792232865664696,0.10249427848569855,0.02387963293041815,0.03328024291891117
6939222,0.018363988847521613,0.013293209922175793,0.01447425692281612,0.01048649052097244,0.008664427568581016,0.15081776458893853,0.7016138125656952,0.024030571697088585,0.0582554773662108
6944591,0.034395629413599235,0.015868049188931515,0.02896466067403019,0.014019661191574554,0.010349386110130308,0.4962117161331403,0.28047921866839665,0.027701100648561183,0.09201057797163606
6947293,0.008921714175933468,0.03633619985227522,0.026080605136337105,0.021627275864009154,0.020224026361548603,0.7342544216398708,0.04641951775906238,0.04089784951374332,0.06523838969721997
6952804,0.014412676496659716,0.024900383275931675,0.06807582556452892,0.03379521698917073,0.01589182683935774,0.5740338273189698,0.039636349161716745,0.04659791748364202,0.18265597687002258
6975207,0.011753220969817353,0.03115736195218629,0.031410750443892015,0.022186548002143,0.016289025525505006,0.7531684902968531,0.036902409483633825,0.04719166102379562,0.04994053230217377
6975472,0.00862630321551068,0.02632280947036731,0.02146614934323962,0.014895045672159277,0.013621670266691392,0.7693680456994374,0.050967783048239484,0.043376579802448884,0.0513556134819059
6975490,0.006985507493087755,0.02111399562390459,0.014730140686951781,0.011945963220246544,0.012171677052019334,0.8167667768701432,0.03346492685381468,0.040879658986425406,0.041941353213406765
6976427,0.006172790308468028,0.022063598689398986,0.011367041295784908,0.01020503303287253,0.010352841300165368,0.8261008392578169,0.0405760386975986,0.0365102297504238,0.036651587667471
10551287,0.023987288955532426,0.036671453276520924,0.019538886937535114,0.03058661792015323,0.02973324537777099,0.6365809823736794,0.08739521447380733,0.054741481029798804,0.0807648296552017
10554874,0.6211393719776633,0.03759992409294476,0.030171528448065036,0.030776096176870604,0.04586612289831789,0.06101812093656808,0.0760359625871598,0.03055866735684171,0.06683420552556883
10555071,0.018678016887300145,0.024283564081721807,0.02063993619368878,0.02261357596865329,0.013866647613473542,0.48861374867587715,0.13829033766941567,0.041539014420130124,0.23147515848973957
10555459,0.014499325427964092,0.048644609645135936,0.046572687471759716,0.028690717912114687,0.032248321837232016,0.4295555732418279,0.06384577373552179,0.202161384734673,0.1337816059937708
10555968,0.051038459162940295,0.04273708433066065,0.022174470327257424,0.1262526777044988,0.09951938513978048,0.5072772733325803,0.014386584605671169,0.061278397194523895,0.07533566820208693
10556692,0.05144531381319913,0.027083442308699256,0.029597771438874116,0.04877367414011592,0.018303303968789465,0.25971420669166234,0.10825376088583459,0.07867328323791646,0.37815524351490876
10557065,0.008333099216293199,0.050436998525305476,0.011367045185109049,0.025590820124518448,0.033368669872995166,0.7305389998717218,0.054691684775422494,0.03994899325873949,0.04572368916989494
10557235,0.010191742897331579,0.04974412813921003,0.025225078993042986,0.05431238174195285,0.04110546652520024,0.6790739643475114,0.03063958989605854,0.06679598100077534,0.0429116664589171
10557310,0.03627306057657666,0.06226912490827025,0.056248053874261864,0.07019748341597866,0.1024617439714319,0.40496326801022003,0.024429447931026294,0.05751456166387329,0.18564325564836115
10557603,0.017129042365864214,0.04927858976872833,0.021318689366080976,0.03824151669237802,0.02373051165518189,0.6131002132361505,0.07013859697969518,0.04918842693096747,0.11787441300495333
10557649,0.009621503001276894,0.05202497610609725,0.018939903269144753,0.030556086032498465,0.04352974239296365,0.7068606122981484,0.033591437684799566,0.06148301715731167,0.04339272205775923
10559369,0.03913945997713231,0.039167987437337015,0.020931783940983436,0.024996438122747298,0.029042086434578517,0.6005743875690673,0.119641072314819,0.03910391250628564,0.08740287169704951
10559516,0.01778942084448946,0.04651563734122268,0.0157122306471389,0.026157770031503314,0.03185211011333677,0.644474229665921,0.09949892980642382,0.051474131328198273,0.06652554022176571
10559765,0.010502267470887889,0.05086014888934473,0.016480577593672614,0.023017024400884163,0.028106355050542788,0.6225054189436001,0.10507520987028204,0.054353615415398945,0.08909938236538686
10559904,0.04212388464288503,0.04184147130547215,0.01982233023858335,0.033545631271426596,0.032110724034820654,0.5827235843358126,0.08839761371607079,0.05369701445660799,0.10573774599832077
10561136,0.05449719075840428,0.04704580787438384,0.01984707321916824,0.03380865635193312,0.03567194555542197,0.5846661271649868,0.06487151377501725,0.04759106462610749,0.11200062067457706
10561583,0.03256735968795746,0.030232552345477254,0.02003645383066557,0.025167161778731868,0.016681845566140188,0.5891839410882318,0.11624451214393364,0.05946984947052577,0.11041632408833646
10561870,0.013026858815707877,0.03716570904398984,0.012015158929906903,0.01807957568726345,0.024712510976156052,0.6522104522849443,0.14612348091941987,0.039564130468702094,0.057102122873909485
10562711,0.022726450254782968,0.07408607895034146,0.030520861909685667,0.10187684179453646,0.10190873654019728,0.38246453877091247,0.019364961241338057,0.06391658796221404,0.20313494257599157
10566953,0.010598602163592444,0.024478123104622333,0.012194109857805644,0.011755527905650518,0.01239160295187283,0.5375126894129048,0.3008750508522095,0.04187728981841617,0.048317003932925845
10567563,0.07965954420926975,0.050350435844030324,0.02621043130759831,0.03210647030390132,0.04536064434740213,0.5590742552269838,0.06610782675338593,0.04790250825201431,0.093227883755414
10568512,0.032852063997161576,0.021323081957954095,0.02089466306531905,0.017479555908619625,0.014046666524692572,0.3559082801889723,0.3084005767909754,0.04197543481231144,0.187119676753994
10569249,0.016194907015116465,0.032722040986155256,0.013493977800458018,0.019238796465581305,0.01687638909198547,0.603095744699814,0.14356483303687995,0.047216193828215555,0.10759711707579397
10569900,0.019587638701882085,0.2281074623592234,0.02073051364303499,0.07904614992550356,0.44940534367800417,0.0664400524417836,0.022782564904715377,0.05837232970499029,0.05552794464086251
10569996,0.02075656473245904,0.02474832165436219,0.015085973618808311,0.018004873015240466,0.013097552092104262,0.5393802366482086,0.2487819379318952,0.039173431595383244,0.08097110871153869
10570047,0.01413912099502023,0.04033095048771086,0.014146563439032355,0.02470077319386453,0.02299040820946354,0.6592245855086687,0.1023662304968742,0.059411904101650224,0.06268946356771529
10570186,0.034530564815952666,0.03799145661363418,0.015674461926810008,0.0264381698791764,0.029465394910887815,0.5855081736635561,0.12915803535084255,0.059683600787092256,0.08155014205204801
10570190,0.011749702738878334,0.03350229914832821,0.010661142292176727,0.016775363511987513,0.02102910808412975,0.6205166463151885,0.1959615038264575,0.04006303957099847,0.04974119451185486
10570281,0.017573624377756558,0.02984581882523766,0.014862455190649573,0.022840449672173656,0.016879834305641064,0.589018849943559,0.18156434302200772,0.04836256198275182,0.07905206268022294
10570444,0.2610798680214961,0.03475597761962045,0.021182068916753935,0.05439479641429604,0.046818842793503235,0.35645281819029123,0.04684411792624415,0.05703552210364374,0.1214359880141513
10570516,0.042003429175423136,0.03563571253938972,0.020087253765473198,0.029314714240158843,0.025203298649241698,0.5800222435731259,0.10120704937618899,0.06023717220335349,0.10628912647764494
10570563,0.02252250033742287,0.021377250897836264,0.01607995258023542,0.018661104133296268,0.012043613758614716,0.4108722991141996,0.3394476699854849,0.05201250359996509,0.1069831055929449
10570908,0.0186036619276942,0.027529155595396967,0.01224221316303698,0.018370422912295827,0.016317616390662544,0.5880208926266562,0.1947758708508904,0.04975183903852296,0.07438832749484396
10570962,0.016913841426585186,0.0428432015973325,0.040410131181893044,0.021037791024590278,0.021777667465652083,0.5041393554675988,0.06764994374816621,0.19283270452286833,0.09239536356531362
10571126,0.05956215952408308,0.021538858505873223,0.021989516186728442,0.02207095394347732,0.014434572143244617,0.37692932692312076,0.18013192889262675,0.06624938512754579,0.23709329875330004
10571129,0.10687089235296317,0.031309061416251394,0.02100823866768283,0.0601422092691667,0.028021687737010963,0.5437474647158578,0.03250627862255181,0.07870619515855605,0.09768797205995924
10571130,0.05279406753194997,0.03301390557754526,0.027356549125254915,0.09544624335091327,0.03147044799977871,0.5234496570508402,0.023739031095223413,0.09705625404510626,0.11567384422338786
10571150,0.05679684005443342,0.035766218096515125,0.021260992000227057,0.033182860434428516,0.026258172361060938,0.5874100024351816,0.07750267056364067,0.05468392352243422,0.1071383205320785
10571157,0.04144906705047482,0.01966440267402657,0.019175832926237674,0.016266308928921717,0.011560544022338195,0.45175116163339524,0.25105454495002777,0.03881910297829017,0.1502590348362879
10571249,0.023797947505833052,0.029589212089016517,0.014964216364501286,0.019403305033720977,0.015029668203548424,0.6168836884039646,0.13911438384232522,0.05086921597376477,0.09034836258332517
10571563,0.02113895447532773,0.09336251792955963,0.023378390373359113,0.04162841058767085,0.0591135068862074,0.5279850003584402,0.0497171220322405,0.0667412582531009,0.11693483910409354
10571600,0.03123735184492925,0.03985788574520687,0.015252740356218762,0.02307821232668211,0.02692708672111431,0.6203188606903599,0.11561257977391742,0.04553641413038581,0.08217886841118555
10573894,0.03060683815767707,0.033887784485615975,0.026564769111514005,0.04951782823357964,0.023088978815792412,0.5723683114577638,0.07043214539077772,0.0878939642910184,0.10563938005626104
10574347,0.04137513711936746,0.03163221215674069,0.020925773806038633,0.03675106262715506,0.019953016077932765,0.5865532654379311,0.09476354742146231,0.05844211946310315,0.10960386589026887
10574370,0.043570506436357015,0.03091069767594338,0.019489926338922547,0.03323839440965049,0.020150518114772063,0.5881153949296438,0.08920980377249985,0.06482971791755869,0.1104850404046521
10574372,0.0247698745934374,0.026127123553028087,0.019150674777758156,0.017782605527737985,0.011983218702235144,0.5238715568787302,0.21471089635615717,0.04190413111937711,0.1196999184915388
10574408,0.056345087505804914,0.044506894754478,0.021270833334662665,0.07499039072262836,0.044236040499293326,0.5573166205450877,0.025782753900579724,0.08173896768779076,0.09381241104967449
10574430,0.029555094300312924,0.03306165749032685,0.017704469342663398,0.028945004547836918,0.019354627558746937,0.5991119400484812,0.08162022268847186,0.06422613641063529,0.12642084761252467
10574439,0.043142350125530984,0.03150038398923226,0.020194438649983174,0.03875483756650791,0.018930187579909444,0.591100550335955,0.08330889396483948,0.07571592599049176,0.09735243179755004
10574456,0.03470242733058972,0.03547472636755812,0.018564712199697225,0.036576953300860054,0.020821124385581355,0.5901688786732043,0.060009337261918184,0.05657695823213752,0.14710488224845358
10576038,0.10535532873482441,0.03603942422543358,0.025627489946653433,0.028752481970104677,0.037441225423480114,0.5694206102134255,0.06245486327886665,0.05670710690203379,0.07820146930517778
10576770,0.03455943671568472,0.031318653549913644,0.020862752649604313,0.05193862463014779,0.018030373759266572,0.5776864686978355,0.057378740153758406,0.0665945360413367,0.14163041380245248
10577118,0.012135298955514677,0.03688980835698165,0.01996278950157288,0.02404799271481673,0.017660732891602537,0.5846014119432863,0.13670979052496576,0.07383443107027289,0.09415774404098651
10577354,0.027927568019610664,0.025961313393686222,0.02217729365448498,0.016518874942769487,0.012468906523849495,0.5795105179682314,0.18357792708864648,0.04142552964513224,0.09043206876358899
10577622,0.014118838722769958,0.04115337320394155,0.020482009530975606,0.023685861732450138,0.018063803123864384,0.6002428784827727,0.12424459382952828,0.06209551537560168,0.09591312599809565
10577723,0.02326829057852575,0.02881759436740494,0.023985778732439424,0.02494873418037322,0.015693066559559637,0.5999904614723728,0.1216213756345962,0.05311799993802054,0.10855669853670767
10578130,0.1263901362951104,0.03739843146458569,0.022321380171177126,0.030330166862473987,0.03729838118670733,0.5471665957468896,0.07381818765677589,0.04676717649350881,0.07850954412277113
10578295,0.019964375196847312,0.023563388706146493,0.013140910618477953,0.019052483001283007,0.013873591971636809,0.5273551326889397,0.2691234930307852,0.036166801191449535,0.07775982359443398
10579132,0.014246777071203016,0.02530748039052166,0.013911572102848888,0.01560755374987487,0.012345399334412257,0.5513483740377476,0.278804885441766,0.029132986409871133,0.059294971461754505
10579372,0.012571238440647217,0.025188718929123884,0.015581824059990415,0.012507517771674357,0.013256698494580839,0.49723696866667183,0.32965288656721076,0.038232075737270214,0.05577207133283052
10579452,0.0085620254136137,0.05101952147289196,0.01782118918776552,0.04386495444641548,0.05512416154787646,0.6705670184943919,0.04536590830361781,0.06319353965686161,0.04448168147656551
10579754,0.008917519442036375,0.04044062657913021,0.018339938877051636,0.02981906998736579,0.05146461658623063,0.6990521612220648,0.03822682565415804,0.07685832594420396,0.03688091570775857
10580098,0.014532396040451602,0.03203872473060081,0.01644862361197889,0.018269355746972447,0.0168157974271599,0.6196017814668815,0.17129851537687452,0.06190537834848578,0.049089427250594585
10580150,0.019329765836878097,0.03311064613133509,0.01865672499419874,0.032926444037162744,0.02935260681368528,0.6275725164187032,0.11710008049345151,0.05441554898991181,0.0675356662846735
10580642,0.0489636824247715,0.03443658045922999,0.01861419230916504,0.03475456777590865,0.02288562730049411,0.5978409431554288,0.08945446305259348,0.06185063724150051,0.09119930628090785
10580740,0.03603331393737448,0.022161162051143084,0.017162816046717235,0.02190052028030387,0.014126443199462812,0.5271540086515178,0.2170784761873745,0.04978758948731226,0.09459567015879397
10580745,0.02338551750677496,0.024956563949804635,0.016533930624047906,0.02035877270716363,0.012359690275788824,0.5071231436165818,0.22028903235969574,0.05037447231829676,0.12461887664184576
10580771,0.040292140113811735,0.02429508683739531,0.021201174718869033,0.05693858403886172,0.01780056670900566,0.4698834335809746,0.0868178329601497,0.1520595394529154,0.1307116415880169
10580995,0.02339092569837412,0.0315424099400671,0.02784347726946116,0.026635650495849407,0.015880770233441033,0.5410046954875074,0.12429845373397949,0.06435624295781231,0.14504737418350797
10581310,0.021337299991053535,0.027720225573450465,0.017610690640614927,0.020407724091447747,0.01694167767899791,0.5153129203685861,0.2647267313608708,0.03942695927041298,0.07651577102456551
10581368,0.05649914669930704,0.044132766820947814,0.023647904312557606,0.09181499926675649,0.05113086571234691,0.5356124977045914,0.0205631216624433,0.07828491676242183,0.09831378105862773
10582173,0.07519208554605573,0.04024426810784474,0.021725932164374906,0.03133762441626163,0.039378251472857374,0.590310709451071,0.08154299906844119,0.04643985846061762,0.07382827131247571
10582418,0.25584588781930684,0.03353916475130328,0.02394920568891587,0.029094585991708614,0.050682035105958895,0.41854479757210955,0.060071909354458365,0.03761706901508679,0.09065534470115172
10583009,0.013129841772620972,0.02463947979818545,0.012169012832684173,0.015121409589725588,0.016531422682632933,0.5477162562827101,0.29403668550360323,0.0383355022267122,0.03832038931112526
10583434,0.014992329420661617,0.06385825451827931,0.030487940177778783,0.09369453152560694,0.024850926003113404,0.49716310609322983,0.10501643641395549,0.07711901591532123,0.09281745993205337
10583521,0.010823539001065766,0.019550835454186864,0.009788634548231784,0.012231694275948179,0.011862371882424165,0.4652667035359747,0.3923806493847343,0.027429765102183715,0.0506658068152505
10584210,0.014204807859167534,0.024968742170442617,0.020747432317174738,0.01700626118697547,0.011700922967773144,0.5703924321075645,0.2077478963293267,0.038549597942122,0.09468190711945332
10584222,0.020275909823403392,0.020988441870379577,0.016456979108838452,0.014797016445359664,0.01220539714745225,0.5722668494800125,0.23271344736199792,0.035738830644871544,0.07455712811768479
10584314,0.025127822474272265,0.020930588754690244,0.02527957031035274,0.016279284788453807,0.011315518722453198,0.18021284220160239,0.1819804800815672,0.06188936647344242,0.4769845261931657
10584430,0.032890806142530316,0.01848176402260618,0.01742597278475223,0.018432103195594875,0.012244453259716102,0.49892357721851177,0.2740166350378369,0.03604878774560907,0.09153590059284265
10584519,0.018233751209699427,0.07753931979318127,0.019554711282622907,0.02298103530011163,0.027207606289125306,0.5729447535563806,0.10327010862494729,0.06911178467987313,0.08915692926405842
10584820,0.020433894238798104,0.08102519841067947,0.014999654380443395,0.029329424727490637,0.06996933174477586,0.6071196746863352,0.07003218470349691,0.05255559918990817,0.054535037918072286
10585136,0.010276687004528204,0.08902252289023085,0.019814614450290403,0.044427471098270714,0.02919747106678,0.6305434483463432,0.05242904733040959,0.06583975604181079,0.05844898177133612
10586849,0.021813926024672855,0.03851068695844261,0.01650980802162232,0.038004981734306324,0.027985938959281413,0.6166559854084894,0.12714314419323944,0.05149416422296222,0.061881364476983315
10587734,0.040409430989968326,0.03185097167479469,0.01687969502644209,0.021100395467838706,0.022221544226785656,0.48515981481889436,0.26750071434061107,0.06146436210875092,0.05341307134591425
10587840,0.02520249039481774,0.04375352011347271,0.019986499905446403,0.028556284609622267,0.022823053350090963,0.6148226981425648,0.12125889613655248,0.05716485290270292,0.06643170444472976
10588529,0.020871602297544492,0.01043314010174097,0.010726552482992226,0.009770963459087172,0.007794997495840971,0.03460709576955337,0.8022659741295842,0.019146396537135745,0.08438327772652096
10588664,0.02688131103725249,0.011528731189543746,0.013062491677489043,0.012681657323199298,0.008940299995023496,0.04656589589261975,0.703557776540136,0.024274917481218614,0.15250691886351764
10588792,0.023852298653638047,0.012661833036635565,0.013311303990633088,0.012960362752797872,0.009643100519623396,0.04071406737895231,0.6798408753017737,0.025655455329773452,0.1813607030361726
10589349,0.01610644130221103,0.019720528928688436,0.01947224784573185,0.017571041720866643,0.011873057687549265,0.10539222456505572,0.18838489075323614,0.039669374726265146,0.5818101924703957
10589410,0.1908872811394262,0.021096401255995333,0.025665854286477906,0.04777799956894658,0.01754872499357715,0.4036203681460098,0.07413339332127324,0.07762367040715246,0.1416463068811413
10589411,0.03708556943294773,0.020941527054381796,0.0183507542016617,0.023023218993428702,0.016944794470148933,0.32517989681682197,0.12236808346665162,0.047765111576108035,0.38834104398784947
10589472,0.054812863951558516,0.018987842022099948,0.021378024616102324,0.019432492474097784,0.017389650982536368,0.06556931679622109,0.14633981182778108,0.04145215011972626,0.6146378472098767
10589485,0.05130476520809159,0.018559116853431406,0.02373347042058476,0.03509783322840797,0.018541710664712645,0.08189464307312262,0.05879937254910634,0.05659834013778287,0.6554707478647598
10589763,0.010222735069847711,0.05589041870107349,0.020914926868814836,0.04097536369268039,0.024627929354506157,0.636241032807956,0.08344039861646879,0.07836647251706877,0.04932072237158398
10590733,0.01646267455893174,0.05953880065508572,0.0185736076925676,0.07316087877948353,0.04979793292368935,0.6305898525016652,0.02846347971579679,0.0864920159457068,0.036920757227073234
10592587,0.3869927505332005,0.0336024775858474,0.023422156251445947,0.035481990011684304,0.05350410847992692,0.30482891600707956,0.04825201096299329,0.048230146086787315,0.06568544408103479
10592944,0.0125878438078906,0.05845311379058316,0.02068413090194237,0.04696354264968076,0.055655452174702566,0.6448571426975356,0.0428631488082898,0.06161628012647887,0.056319345042896214
10595034,0.05148504545422437,0.05313558236904839,0.019632086945049584,0.03632379696864021,0.04917508589521958,0.5848089741488268,0.06655020231404651,0.052015672969977125,0.08687355293496739
10596119,0.02090892438312637,0.04921041037467269,0.015696217871165666,0.02011513717557635,0.022975743058454318,0.6254748955732161,0.13598707435560772,0.04615269728620443,0.06347889992197636
10599481,0.011397544295579601,0.03445947258270903,0.009721439938514676,0.01428020736515987,0.018920590811874062,0.519523509430871,0.3098209271800847,0.038886809524648375,0.042989498870558675
10599552,0.11476355098388133,0.01845830333516344,0.01950160867653677,0.022139582721009417,0.013802822235270172,0.5128724271798623,0.15054875869421658,0.03659157750216042,0.11132136867189954
10599609,0.032550346336894125,0.014908378689448524,0.025288322703542074,0.0168730883995791,0.009459815170167142,0.09365895942188122,0.2117186669000546,0.03257341093455298,0.5629690114438802
10599643,0.01132176429245281,0.020012320548025975,0.011970588230841775,0.013601150762734928,0.012156551653563158,0.5043680071328656,0.32566687501176755,0.03127094474555474,0.0696317976221936
10599718,0.051514881115400125,0.023825754686130903,0.022791642219788886,0.04206236248671785,0.01874860153780163,0.5371823514912137,0.08852980538840763,0.07047618534446258,0.1448684157300768
