track_id,Clutter,Cormorants,Pigeons,Ducks,Geese,Gulls,Birds of Prey,Waders,Songbirds
6868504,0.14118018969560242,0.06043569582380082,0.1199009657583257,0.17781163191550906,0.23317207133724413,0.059949278236215,0.021298167305355446,0.10656466922058207,0.07968733070736544
6868536,0.13582878404865287,0.06851859443244163,0.1338176349162101,0.20505291872354386,0.17079232431379082,0.06608234877896951,0.02113812968126496,0.10237205400700353,0.09639721109812269
6868565,0.09034320539814959,0.07719594605913103,0.10348391396477356,0.16882784153596486,0.29370349306864363,0.06475071277087445,0.01979971110682855,0.09979236004532793,0.08210281605030645
6868861,0.026047482912381823,0.14508940735028725,0.034981793554218155,0.09815554855989272,0.519826665927912,0.05980336038633955,0.017732166663881454,0.06229718725142866,0.03606638739365825
6869275,0.017960505328140676,0.1443874721758108,0.028506695791100982,0.0865618539256193,0.553583807555092,0.059614347993105714,0.016512964238189067,0.06226686963525609,0.030605483357685433
6871418,0.041225664185796575,0.12108382952547381,0.12345077499185295,0.21604512710112989,0.17728596020333137,0.1104421533991763,0.02648285668039537,0.10389273157792162,0.08009090233492214
6872996,0.30860683350364193,0.0597042285501604,0.04920086104460879,0.04319099040772069,0.0778349084273813,0.13257979627266647,0.1421565869803676,0.05747129570676314,0.12925449910668968
6873817,0.1054881124564241,0.10538869120735334,0.06629171726980079,0.06915533248473361,0.19525860076221982,0.1935617037093146,0.0495126150561921,0.11354255064985383,0.10180067640410775
6874023,0.016624066326706197,0.13584199489733578,0.06088730503981046,0.059818999580614984,0.07164035639414848,0.3953191940553748,0.08730279250255712,0.08661434147590517,0.08595094972754702
6875504,0.01588477139501547,0.13114363811757948,0.06708352514394218,0.04943431725469388,0.03969218766215313,0.29992181594784606,0.12098282103204383,0.07701931555081433,0.1988376078959116
6875899,0.024448898249762187,0.07846536405954037,0.03523584105120363,0.03136786353068653,0.03544079751922029,0.24195668008900836,0.32147861900992397,0.05839258808017661,0.17321334841047797
6877293,0.04470833806266981,0.053195127307171096,0.05698296463138694,0.09945870504885357,0.027152090692821367,0.09561725001196178,0.07631849291714737,0.08279525400264207,0.463771777325346
6880408,0.03142548718083032,0.07035608520736528,0.04478156679929468,0.08527270902251347,0.03831762397041677,0.2410083644698583,0.22542580381794408,0.07729024162798938,0.18612211790378774
6880690,0.024922367432911,0.0711818546049415,0.12940775282163033,0.16572097755766305,0.03826685475767039,0.19959685401552957,0.07515155791081424,0.09464416334992878,0.20110761754891116
6880833,0.04359684190878077,0.027059171094367084,0.05879401674742965,0.03602874907538912,0.017161536670269505,0.11618102028481431,0.35120749907797866,0.046279334042348394,0.3036918310986224
6880956,0.0162971807199065,0.09799261073611626,0.041429451400748024,0.040516167947886345,0.04216586647904474,0.4570969020804946,0.13319620191861517,0.07509981857740125,0.0962058001397871
6881733,0.018736125030594748,0.0223859358609165,0.0192180148405837,0.01664367446106366,0.016747608054247697,0.10789086714700864,0.6943410849180802,0.026604022119908702,0.07743266756759604
6885154,0.07823073069346197,0.06584953874005217,0.03763667149301121,0.0687119882050955,0.04708766347551899,0.20459814720668001,0.15106983858253625,0.10205151026615113,0.2447639113374928
6887294,0.05118834249646041,0.06143885499096352,0.0674594066630958,0.05738298266987116,0.038681578203938874,0.28038645750673874,0.09357370530478919,0.08469313507069884,0.26519553709344346
6887586,0.06451079207890847,0.048846694699294854,0.06186364018808583,0.10520416149072986,0.02668757216084025,0.13308155643360225,0.06838835952722905,0.08345065065880188,0.40796657276250753
6887600,0.04665842650143394,0.03721481850717191,0.0684711404548474,0.10035787641445132,0.0222908051192925,0.09565975399294907,0.06248185337839389,0.07547469747822802,0.491390628153232
6887637,0.09624448951481336,0.10083083471767351,0.05767283715700561,0.09525531711958896,0.08066958784979729,0.13189971443829515,0.10353122289026176,0.08600281026381625,0.24789318604874805
6887702,0.05558228647648378,0.030552847922732954,0.042659289990350374,0.042320602865970974,0.01828764194327671,0.10762375113736487,0.21323578955024397,0.05482994078267574,0.43490784933090065
6888243,0.05538773866556337,0.10605273845835983,0.07631946455232504,0.10519578264569464,0.06326077954885903,0.12369189422653709,0.0808309064564154,0.07882942919822165,0.310431266248024
6888737,0.027546769100649026,0.08588437430365442,0.0960086354814427,0.19672668231054763,0.05126710534283842,0.12645742563455284,0.0533314649709226,0.0856205198665311,0.27715702298886125
6889024,0.051138420169599415,0.026256337618620805,0.03539516570613385,0.028462049232758677,0.017352410175476222,0.08211561933546399,0.35760711331032013,0.04309868776817345,0.35857419668345336
6890285,0.0367146962415672,0.07310103701631436,0.03562851286731445,0.03669103777463491,0.032716699104442554,0.20255710903310872,0.35385783652738134,0.057115434718886415,0.1716176367163501
6890416,0.03164253892294511,0.0494318529785131,0.06116745460199538,0.050113680600121675,0.02090155040963648,0.1390277577720604,0.16902187167273658,0.0859673321753476,0.39272596086664374
6890579,0.03955802778913202,0.03024368698833546,0.05561785120066994,0.030868709983507096,0.01590000101412836,0.08868612745254335,0.2560479482395342,0.04845078647241801,0.4346268608597317
6890917,0.042219333336944526,0.02690818900224521,0.043533594215404814,0.022655938006462012,0.016809436446426698,0.10009639306091038,0.4725347556965532,0.043575144285791255,0.2316672159492619
6891091,0.043169678031492985,0.050663725932581796,0.10215389845770803,0.24781927672738335,0.0379697024296523,0.08384070454625336,0.04328227603843224,0.0861698941177832,0.3049308437187127
6891208,0.026244495095421295,0.029721703369004846,0.05365885268463969,0.033071691731467914,0.013829322564671235,0.1270567103630978,0.1828136800507666,0.04482317743644466,0.488780366704486
6891245,0.03836880187935599,0.036242497642316664,0.0631549530658839,0.0309410671292584,0.02080050847692351,0.14170015799461094,0.336414573530582,0.04827806322614872,0.28409937705491994
6891309,0.022909733723977733,0.04428609555414331,0.07063457125665883,0.03853741357281132,0.018372074519001812,0.11319304084569276,0.21944387003960136,0.056055032216181425,0.41656816827193144
6891366,0.0482603827572569,0.022259602531418943,0.040735384656963414,0.024635002090216615,0.015046629489552285,0.09364648255722605,0.28985855990362386,0.040133864100284904,0.42542409191345704
6891473,0.035865723163348816,0.04727468458148891,0.07926836593416343,0.08824213441830325,0.022737309357870647,0.14680713900610565,0.07725128086125554,0.07492257220846864,0.4276307904689952
6891484,0.0255430526828499,0.031610671008575404,0.046204562899860385,0.041354261904660974,0.013974451025146162,0.0911789669230898,0.11949341387463314,0.05634353826223344,0.5742970814189508
6891531,0.037986541753814766,0.04640007549036752,0.04401665552799125,0.03549099606819936,0.02423704334967839,0.13036516699847775,0.3295729133794536,0.04910169784529876,0.30282890958671865
6891557,0.039817140010093593,0.04431171194150571,0.10886597054930974,0.06086783582326052,0.020948490204671908,0.0956331628852212,0.10906591107430715,0.06706292566222949,0.45342685184940074
6891579,0.026349037262460184,0.0336365018884293,0.04616173789390103,0.030725717184786568,0.017940507559824216,0.10814394952298344,0.28647900105753,0.04114992197150072,0.4094136256585847
6891867,0.0586254093150651,0.03158506491860874,0.03938241780226813,0.032505125326990916,0.022030342934937944,0.08382210874532142,0.45708140739659475,0.045794588525400776,0.22917353503481225
6891888,0.04594857408537927,0.030993472302470522,0.04665532921438613,0.055034942396989917,0.01856972436777317,0.08013192385574051,0.1435857800815023,0.07249191582801509,0.506588337867743
6892297,0.05434708754551457,0.022490769913402486,0.03307618815950374,0.021664801603580086,0.01581445017730202,0.07655382581849679,0.4412784302765237,0.03780865635445747,0.29696579015121904
6892562,0.035705143064012165,0.024771924361490887,0.04270734142571463,0.024096452037889106,0.014978308407412114,0.09242661880263445,0.46883016919504134,0.03920486323635024,0.2572791794694551
6892587,0.060198084755595474,0.029629365270250663,0.04585158235718605,0.034916272475777645,0.01810863428649368,0.10016321222090824,0.3493508629523411,0.05451055902863618,0.307271426652811
6894293,0.027508686027192097,0.2296323425241343,0.062433049815209446,0.18007628861890312,0.12502783515021854,0.11985108763880956,0.03525084093495131,0.1227152913015513,0.09750457798903034
6895609,0.024105503058208105,0.0469297214879662,0.14696796134893286,0.16468615924465269,0.02333838069250848,0.07437175385952415,0.056862193898459826,0.08637674739906732,0.3763615790106803
6895723,0.05435479454509375,0.0486110789580822,0.05453962252570671,0.034985173678486886,0.027308820342290777,0.28432813902590887,0.2258427608241967,0.0685610965025616,0.2014685135976725
6895905,0.028320269058718105,0.04941455264542474,0.04212442094764524,0.025764243342095323,0.023713183776162557,0.3160179659140216,0.27860951186422445,0.053994660050432554,0.18204119240127548
6895906,0.04926927492657529,0.04806443290693965,0.05617064443685308,0.031147695800729756,0.02282230677482918,0.24994674400672817,0.2618553762176983,0.06158164250244449,0.21914188242720206
6895927,0.06823518063382175,0.06665322284251071,0.05819704681272791,0.047832579654684876,0.03774894256355078,0.3047206400415996,0.17714746788582603,0.07760583619276984,0.16185908337250854
6895938,0.027573401969993312,0.04973468564299056,0.03872137184780752,0.023590632895443286,0.026229884886282626,0.30922972577913344,0.3244785465405427,0.05347234554712058,0.146969404890686
6895939,0.029126865172101606,0.04906813305477996,0.03650980700631131,0.024832274415438692,0.026783208112830463,0.37762208737997566,0.2365784063818805,0.05431756001247028,0.16516165846421152
6895948,0.023847836322083607,0.04698082697813635,0.042060331151019405,0.025729643403545232,0.024113222774877853,0.327764753273728,0.2717036078888139,0.05567877052082775,0.18212100768696785
6895973,0.040197001755023595,0.049619479953729506,0.04935244901080631,0.03212879467331814,0.022054107177933855,0.2691291789506953,0.22805204680916993,0.06926968622643874,0.24019725544288467
6895974,0.028623239353968894,0.04577361341669384,0.04192947898400246,0.02463070363249329,0.021647061998567987,0.26686283362157487,0.31955039743397773,0.050183366819154536,0.20079930473956642
6896754,0.027942141791844816,0.034332138547196904,0.04517638209227435,0.02910986145341065,0.01612660947651804,0.1397622865426628,0.26612746668152176,0.04731809804319863,0.394105015371372
6897915,0.020721942289162132,0.1580239820446438,0.11908110685079036,0.1169389895765588,0.05696796891432103,0.16370310020693687,0.08056243047596663,0.11321582852457732,0.1707846511170431
6897964,0.17752272370770927,0.07329658312709933,0.06914130215177981,0.09225378777010558,0.09552691528818773,0.11135611299101345,0.07360197261436022,0.08759055249556007,0.21971004985418457
6899282,0.03740373024078455,0.02759457040089804,0.03790660864657,0.02675940914915672,0.016295745762349764,0.09443197127424183,0.4033050853485808,0.04950416563320615,0.3067987135442122
6899294,0.05007924949528411,0.02391188700683351,0.03123841136605028,0.026002684052915226,0.017146021941135278,0.06870054985208637,0.4985646015704052,0.04556204883664189,0.23879454587864818
6899376,0.0249946952488656,0.0474587431806566,0.08002457721984828,0.042008268174918977,0.019434633712175756,0.0998000036866815,0.22770725178309,0.06340964370598272,0.3951621832877805
6899506,0.03772267225789256,0.037433530853668295,0.030080513360831833,0.02415924905379842,0.018986500333029902,0.13699062577407498,0.4198662257633452,0.04847570517836799,0.2462849774249909
6899530,0.052798717329238826,0.037479599110351966,0.05327931116204867,0.12103936774667387,0.02396572274755086,0.0967151419482806,0.06601836303508647,0.1006590067256384,0.44804477019513034
6899560,0.0406045163518935,0.028336579951764716,0.0428365455378186,0.053168425507622276,0.01797693671282037,0.1095914288234548,0.20079563857858895,0.06646921361777555,0.4402207149182613
6899670,0.056493936425794644,0.0327632886680676,0.06276384710379915,0.04131919335008588,0.02385604889960818,0.1771546161077723,0.13184584490486673,0.07756965698572195,0.3962335675542837
6899695,0.038860713822374854,0.03553662833382789,0.06117332909003678,0.05391763763076292,0.022829141198685565,0.1359601618037651,0.08940505892306756,0.07064160770555437,0.491675721491925
6899730,0.05687514930937456,0.03658065051836066,0.05040784284803645,0.037841126925302865,0.024263735301749738,0.1576667308714831,0.28362878819310616,0.06108111807400567,0.2916548579585808
6899754,0.07665883631363207,0.04036407931605581,0.08019675405253916,0.1765571612772442,0.03475148216089958,0.08845021824537955,0.047383367558666886,0.1113308112333645,0.34430728984221826
6901206,0.026863216538080947,0.04974450082582019,0.06348169148407358,0.03885164558498459,0.021436670015423525,0.12936878293364984,0.363260203776701,0.060987445850122377,0.24600584299114397
6902131,0.018960125912014,0.03973692489417381,0.029530209501877222,0.025347675234434257,0.02447102236183089,0.37835819598787346,0.3445539202366954,0.05306073012410672,0.08598119574699428
6902271,0.04295117592132563,0.07610090907050956,0.07310299447919022,0.1239821127140881,0.06533948554259213,0.17497105680457067,0.05038296241014278,0.10099216772055974,0.29217713533702117
6904326,0.05021877706823023,0.025111132341525365,0.04048294593471804,0.0496119531642749,0.015481186890022865,0.07980749100349073,0.15553782247998676,0.06695867248236048,0.5167900186353906
6908023,0.016336185529883484,0.14935534343025753,0.04573552801076001,0.15672832918875876,0.07457495015246796,0.265783382260025,0.06892311988660307,0.13761440283307952,0.08494875870816468
6908625,0.027304660040358402,0.02760625938254787,0.030523067871543876,0.022251073588400685,0.017582120248746655,0.14336661493282132,0.5385796705740203,0.03703846277804051,0.15574807058352036
6909657,0.02622652540451374,0.02419498725515662,0.03226312546237702,0.02494849617332137,0.012076667097639777,0.09297033483577731,0.29026368873184516,0.04023563437544897,0.4568205406639201
6909786,0.05585425320220215,0.027734716233474385,0.03924169703538912,0.051263748902571626,0.01879230795859723,0.10267101259075861,0.22482202436218984,0.0745018926415764,0.4051183470732408
6909952,0.029887033481049805,0.022288569979083593,0.026451915129621376,0.024092670298429902,0.013154751190406842,0.07574080172624167,0.37045817700295547,0.038632737062552866,0.39929334412965856
6910003,0.03889984920558892,0.020968862161620614,0.02842445486010768,0.02597714181884595,0.013715676165559063,0.07125927151569114,0.2683873428416909,0.04172624355469871,0.4906411578761971
6910407,0.013227995254761328,0.06947785594350259,0.02177016097234625,0.034052536791403056,0.0446586536552032,0.6247551701722153,0.0675735064642817,0.06177934426530854,0.062704776480978
6910422,0.051008489571005546,0.02686393200424434,0.04169906098539246,0.03442056484410294,0.017079015002341227,0.10374292128627634,0.28974295386234994,0.05018048789288091,0.38526257455140633
6910425,0.048648308059327725,0.024349659065767824,0.032345413255410266,0.034217000430156685,0.015422775147894223,0.0806141709525782,0.2579307263100354,0.04935183945859229,0.4571201073202374
6910560,0.04241613457045738,0.03454874929661103,0.05972348639935539,0.18363381815852425,0.025374123787262944,0.09302380100920117,0.07031774611010584,0.10068815325289832,0.3902739874155836
6910590,0.04129300808070063,0.02207580408964179,0.0342083045053969,0.03163781558282586,0.014585028202212134,0.08137390433159929,0.30605196542810026,0.04596384956232346,0.4228103202171998
6912744,0.011525290653568636,0.07771535776220334,0.01952857157646479,0.037673003591260246,0.04717165631689505,0.6054354323848936,0.06454301413118908,0.07757886402576646,0.05882880955775871
6919118,0.0354932198957925,0.04637475563795448,0.09541590813673377,0.058746368688999795,0.023483874514237932,0.2093749259580469,0.21189916135556122,0.06706967148438107,0.2521421143282922
6920152,0.03197775413010558,0.04546572130022162,0.0922847567224247,0.04894010530190023,0.021164426463511368,0.18999743268764135,0.23352467604177046,0.06465523002212131,0.2719898973303034
6925791,0.01765284461545911,0.044740533207718675,0.031120953950895335,0.042680901589724776,0.02552501862546815,0.44321285937813315,0.2083532571085693,0.07586000018551306,0.11085363133851842
6926246,0.07964191512879289,0.04297506012421631,0.040031038678352185,0.03577461302801052,0.02825533743393744,0.20916745146454419,0.3704863852331999,0.06012574221875419,0.13354245669019238
6928841,0.03852953678763697,0.07447004998619128,0.06649524213397488,0.29118920114327546,0.09460710382009803,0.15771981226498538,0.033384094745510615,0.17600298751295002,0.06760197160537733
6928933,0.04728845661246271,0.07200091843859616,0.04588334137324283,0.03657531200599404,0.04622317308001795,0.31107834392406336,0.238985446729605,0.06928510517261935,0.1326799026633986
6937241,0.0457725394137864,0.03202871295289272,0.07277913279595857,0.08842615249849348,0.018329013111205817,0.08809856226041832,0.08244282849015604,0.09515879261638965,0.47696426586069907
6938426,0.01745672564861657,0.056396775291773664,0.027995019757305367,0.02637641210794532,0.026251328570476268,0.5085691381155579,0.20911678901136743,0.053892975715909765,0.07394483578104757
6938530,0.020619488085090013,0.06076777298428814,0.023237494937917647,0.025351400390472786,0.027685418806044682,0.46811547290571104,0.2452209652467673,0.05768997124774675,0.07131201539596171
6938682,0.021532529316798218,0.02069123085410207,0.025375635791749493,0.020916357831608823,0.014348630352476452,0.1057683698207784,0.5758181484508663,0.03499248546102389,0.1805566121205963
6939166,0.014349725491052685,0.0449246081631863,0.018712147322773508,0.02155717593264535,0.02269374993065473,0.558460529268295,0.2049865100117093,0.047758403461278506,0.0665571504184045
6939222,0.03662713668803052,0.026463064588784245,0.028870450610738126,0.020910771347468146,0.01730823227889587,0.12029083351861453,0.6079971949228941,0.04774718637441329,0.09378512967016131
6944591,0.06260458690584124,0.031125579978283913,0.055479935889982235,0.027875106027730356,0.020641295083254286,0.17143316533359412,0.43319799598992653,0.05492020114245664,0.1427221336489307
6947293,0.017841215937297338,0.07250558652858378,0.05214873464267149,0.043247137399640936,0.04043124211416758,0.4690638219552331,0.09263209900123877,0.08178190839474124,0.13034825402642564
6952804,0.028778519284936972,0.049569591923982775,0.13268061118488944,0.0675461295866949,0.03151035803031671,0.29777312151284185,0.0791694074469366,0.09270142187176321,0.22027083915763762
6975207,0.023504877055922392,0.062307940702330644,0.06280801507526694,0.04437171004877852,0.03257261014456997,0.5065270992395566,0.07379038559401342,0.09436081063213815,0.0997565515074233
6975472,0.017251645459191018,0.05264095841540426,0.04293030009140627,0.029789432522123366,0.02723981557802295,0.5388394249480623,0.10188877409338615,0.08674632386797586,0.10267332502442789
6975490,0.01397084181880982,0.04222749441657189,0.02946010214643064,0.023891832975167764,0.02434300765101443,0.6335506975409775,0.06692834130777327,0.08175379167826109,0.08387389046499363
6976427,0.01234509303770194,0.04412581478309631,0.0227335224161746,0.02040984822411511,0.020705198562926935,0.6522378377120669,0.08115085079360901,0.0730094667103581,0.07328236775995126
10551287,0.047969874213349785,0.07330532090298009,0.039056403827046705,0.06106846809688044,0.0594410540837263,0.273782966180511,0.17474750084369542,0.10927704270508576,0.16135136914672446
10554874,0.2733691020479892,0.0745311304898249,0.06024281280016926,0.061414162104713496,0.08212528788724881,0.1089668464314537,0.14997292519181432,0.06102728064732184,0.12835045239946455
10555071,0.03661167472554072,0.048051852695108865,0.04081834689245204,0.04504290023234817,0.027457180082344913,0.1810180387241373,0.2630620861015323,0.07794980672355867,0.27998811382297706
10555459,0.027882986637990808,0.09274066291173073,0.06419883303451905,0.055803435657980224,0.05379351652236863,0.2148048264700706,0.12293413695360475,0.20266127503993092,0.16518032677180428
10555968,0.09967240651056694,0.08483726213342002,0.04415353404181427,0.20896525635717794,0.19440478695820204,0.0870268274516258,0.02846491416680367,0.11576325293854903,0.1367117594418403
10556692,0.07364631121629035,0.0530423030005966,0.05572687303725736,0.08136952495879024,0.036304293092753,0.12940891196141258,0.16736405434739682,0.11499774595454192,0.2881399824309612
10557065,0.016665857242685714,0.10086369666134974,0.022733351204277004,0.05117975376725662,0.06672731186650217,0.461125158479063,0.10937429178240617,0.07989252684397416,0.09143805215248542
10557235,0.020355426876617552,0.09920560427962535,0.050077411867214344,0.10537403608273138,0.08145517903509013,0.36607344157450716,0.061054422946958585,0.1326879170834406,0.08371656025381491
10557310,0.07205037731995102,0.11823915171526007,0.06970512479270831,0.1289823318032025,0.17579762667099214,0.10813270691736289,0.04700053335621941,0.10882625167780842,0.17126589574649523
10557603,0.03419337564024635,0.09820208750521578,0.04239410656904805,0.07636443606045008,0.04729805088044575,0.23762867786822894,0.13864938711916003,0.09749366669580162,0.2277762116614034
10557649,0.01924242506140411,0.10403514978447481,0.037876497320367936,0.06110997361437924,0.08705154655167849,0.4137842310322234,0.06717482889831315,0.12295769997772116,0.08676764775943771
10559369,0.07827017259633104,0.07830840835836912,0.041841984020099185,0.04997988170761439,0.05807393403373119,0.20167614517235827,0.2390873456417316,0.07813176184207243,0.17463036662769277
10559516,0.035535979798171975,0.09281816533583007,0.03137286100125807,0.05164698640148026,0.06345150283929105,0.29294653952397537,0.19803084420338848,0.10172358041822951,0.13247354047837517
10559765,0.020979589701015572,0.10061844443074063,0.03291992068287637,0.04592601493442469,0.05611096218947724,0.26228913348991467,0.2086817785864372,0.10764059134593891,0.16483356463917476
10559904,0.08413853202360842,0.08231686834686454,0.03957511207575108,0.06687984460156654,0.06389385414148283,0.17509668959272576,0.17587342833718272,0.10405666641649584,0.20816900446432224
10561136,0.10896367893828861,0.09383948377163068,0.03967375907829884,0.06760278495128588,0.07128806890399689,0.1737210527169852,0.1296792481835471,0.09505330737424308,0.22017861608172373
10561583,0.0645370522503808,0.060223000429243154,0.03965269698948311,0.050125789209996725,0.03328650642707778,0.203655331706183,0.22093048011949867,0.11424013325706722,0.2133490096110696
10561870,0.026052086970704488,0.0743145139762962,0.024027450452636084,0.03615660903087318,0.04940824291537855,0.3070793815626504,0.28978246164773974,0.07908737992569709,0.11409187351802433
10562711,0.04495994903028759,0.14642052452033824,0.055456893425648385,0.19460288071673776,0.1685625529102899,0.10506977006701258,0.0374017298532233,0.10909036644619573,0.13843533303026648
10566953,0.021173335837836673,0.04850568431293357,0.024339823085011463,0.023474082772013908,0.024654647202198544,0.23110675636156042,0.44763235565482073,0.08329784648649131,0.09581546828713343
10567563,0.1578888484924631,0.09079344784158784,0.05230197733472962,0.06404763533262364,0.08967219994810047,0.15030134395833505,0.13125097153714385,0.09451709831096727,0.16922647724404918
10568512,0.06355551445124176,0.04053793425594469,0.03779114711269098,0.03380324297691263,0.027584187577563618,0.11251109272763404,0.46461003641290793,0.0686475079428793,0.1509593365422251
10569249,0.03237961212829994,0.0653808828954411,0.026973165379310625,0.038460020597196054,0.033733855091874744,0.2174294924602503,0.2808479059340831,0.09373316495532703,0.21106190055821708
10569900,0.039005966961037655,0.21084270895470394,0.03888174970068706,0.14213244828558705,0.2664106641729397,0.08722570326539955,0.04415602260414769,0.10632585362090033,0.06501888243459701
10569996,0.041426780274943904,0.048460424611188505,0.029460390740119986,0.0356142487551001,0.02609001570692148,0.1539958892156175,0.43312286874030353,0.07544900061817733,0.1563803813376277
10570047,0.028276166468442544,0.0806272008127662,0.02828375892219227,0.04939510748987936,0.04595353525526827,0.31895180463968675,0.2044880440631812,0.11868218195423016,0.1253422003943533
10570186,0.06893204568281647,0.07447299430503776,0.03119878525189298,0.05245239587081743,0.058292701504610744,0.19238515654192595,0.2547485388367664,0.10749838622444462,0.16001899578168766
10570190,0.023496530049867424,0.0667886496421783,0.02131857608878876,0.03353081681305167,0.042039929346759916,0.2781578331740464,0.3551433561049844,0.08007108647004157,0.09945322231028154
10570281,0.035115922416678595,0.05932549052599741,0.02963589699567908,0.04536589676717319,0.03361850586177512,0.1971797513742119,0.34662674487195433,0.09577513939995516,0.1573566517865752
10570444,0.2484433467561994,0.06307202236402311,0.04178081771219355,0.10006559340279782,0.07808061235110761,0.1251210791037117,0.08918234434440211,0.10170726805003655,0.15254691591552827
10570516,0.08393897232793594,0.0708609784355001,0.04003087674317714,0.058411247838593854,0.050304807963463496,0.1768065587767275,0.20112090569639662,0.10920555509002779,0.2093200971281775
10570563,0.043953826188667354,0.04227054327818425,0.032038657434038706,0.037212065444883015,0.023998673154273065,0.12756109225975443,0.3972446121328222,0.09114055353299787,0.2045799765743792
10570908,0.03667047227908688,0.05489497249575251,0.02443200043260687,0.03660691011111723,0.03248896695283651,0.22558028028376537,0.3443693607881284,0.09719466711483771,0.14776236954186864
10570962,0.033336475217951404,0.08274412019296047,0.06178418213586362,0.041496528155856735,0.04235239481605012,0.24649760300525392,0.12972957010593633,0.22778545444753448,0.134273671922593
10571126,0.09580061971385118,0.04188607548391289,0.0422427032236356,0.04343527248347288,0.028691026289893812,0.12822434124973509,0.2716598215651883,0.0924839432571373,0.25557619673317306
10571129,0.18027243066181525,0.06249379067789955,0.04195005529475288,0.11983146694488778,0.05592583184981618,0.1293905677540823,0.06491836787179306,0.15068291089526908,0.19453457804968388
10571130,0.10412313819195798,0.06548827874546496,0.05328199260828738,0.1874834909331456,0.06243699673259378,0.1201646939954727,0.04718892948644158,0.16979922534950936,0.19003325395712667
10571150,0.11324076233290092,0.07146161552828542,0.04244227549933241,0.06629208518966813,0.05241264002280989,0.17719910113193363,0.15484782400239416,0.10882374097954846,0.21327995531312705
10571157,0.06309076229260313,0.03895741632085264,0.037689924542782346,0.03216015472739629,0.022849663948574538,0.13276723526823508,0.35658425269249416,0.07301116523228877,0.24288942497477306
10571249,0.047583045873559,0.05916080949762517,0.029900137190151867,0.03880051876068464,0.03004500061564836,0.2372258019397825,0.27607448283254654,0.10128174754263303,0.17992845574736896
10571563,0.042069337182184696,0.1654105759414112,0.046464429425151964,0.08276197327363802,0.11360121368813453,0.17972917214752737,0.09721454017492573,0.12432342750328808,0.14842533066373836
10571600,0.06244811673101114,0.07964419763629534,0.030500332752303013,0.04615072317835167,0.05384392382005792,0.2412014966005209,0.2311691405808059,0.09091033239346098,0.16413173630719313
10573894,0.060710385582444994,0.06743484060169747,0.05280200614756667,0.09671647402416446,0.04605385896792761,0.17722313811531484,0.13470214076046924,0.1595041347969644,0.20485302100345032
10574347,0.08197486515545148,0.06303332700667585,0.04157126534809312,0.07342591777655445,0.03984864739146943,0.18124113325826205,0.18425795371085357,0.11605101197488381,0.21859587837775624
10574370,0.08708454080052941,0.0617136161164189,0.03883969935399111,0.06641703160360815,0.04027941997182014,0.17938134894550228,0.17775271576653556,0.1281331801442301,0.22039844729736435
10574372,0.0493435193751629,0.05189178571725974,0.037493682113263184,0.03548978485718006,0.023917105107817728,0.14612869005649176,0.3520469789754743,0.08266337834328895,0.22102507545406133
10574408,0.11182013924814603,0.08856063449276949,0.04232252329664064,0.1490504698973974,0.087008280800361,0.14754957607216826,0.05130088258715322,0.14609782275026606,0.17628967085509784
10574430,0.05906552043779355,0.06608552001058601,0.035370613492119625,0.05785019835825814,0.038671630083061376,0.20410707268986927,0.16257358497707747,0.12715280515581553,0.24912305479541907
10574439,0.08599177944271545,0.0628974482354518,0.04030798455286542,0.07743046990131522,0.03784605307027626,0.1850908530455434,0.16613331799950776,0.1500216379093992,0.19428045584292547
10574456,0.0681957180197277,0.0708112346308844,0.03703576825536356,0.07307419873361007,0.04157651283623562,0.21592362259408096,0.11932613982074924,0.11249909896209064,0.26155770614725776
10576038,0.19632051090518843,0.07171072075429606,0.05105886106439262,0.05744141174720105,0.07406605617186487,0.16249237141735945,0.1241773835493692,0.11205646597228792,0.1506762184180403
10576770,0.06876033411787998,0.06258817382933014,0.04168408114963885,0.10357030773081587,0.03600935427818828,0.17377566573790165,0.11420089873978095,0.12699970906439784,0.27241147535206645
10577118,0.024180301610944147,0.07348173079983389,0.03928901966088253,0.04791800823886282,0.03514997499232836,0.25167899503787095,0.2158746576516051,0.13558536401274263,0.17684194799492958
10577354,0.05576935223901413,0.05187064582232928,0.04414059275123787,0.033019759755046674,0.024925122169987136,0.16724397700987959,0.3603353725576265,0.08263238238765425,0.18006279530722452
10577622,0.028226041781419506,0.08183650094986658,0.04085160590669682,0.047268409449430906,0.03610445587690871,0.21348794918941377,0.23919971039477425,0.12354595316783198,0.1894793732836575
10577723,0.04650941191121189,0.05754783759577403,0.04784516762430259,0.04985628045104404,0.03137012720498602,0.21442591352546472,0.24231874685102806,0.10603810713429515,0.20408840770189351
10578130,0.24301473408911717,0.07136647741040268,0.044241995152377395,0.05983606514512811,0.06916814186330597,0.1328611323277458,0.1441318864302943,0.08807945611018335,0.14730011147144526
10578295,0.03974205377977001,0.046351286296388454,0.026187064542867674,0.03787983687745497,0.027545511461218683,0.16997464376963464,0.43022775222192633,0.06964959835218651,0.15244225269855272
10579132,0.028474028545533894,0.04531155691405321,0.027796545918590286,0.030977993287681835,0.024649857567873967,0.1587455691653996,0.5088493748253653,0.05801539750244922,0.11717967627305269
10579372,0.025109130542847,0.04954551113632661,0.030979458801765794,0.02484049369396551,0.026315100645118703,0.18380293732858763,0.4807294077890991,0.07184958971708309,0.10682837034520656
10579452,0.017120742448129576,0.10202637464508957,0.035637913462847226,0.08771418115153767,0.10979391454621358,0.3421718560743324,0.09065493164263214,0.12630905004351434,0.08857103598570343
10579754,0.01782576636306986,0.080835719817558,0.036653277472831994,0.059598498174775576,0.0965266330670152,0.40565048826185746,0.07628292652633918,0.1532840600374747,0.073342630279078
10580098,0.029012262887682737,0.06391240311523036,0.032811377314941256,0.036500114924283664,0.03360629056031909,0.2951673486361991,0.2879729376238587,0.1229707322854206,0.09804653265206445
10580150,0.03864113808715778,0.06608377336160591,0.037270685217787945,0.06578470168922076,0.05831529545278297,0.2617532411261756,0.23093413033236618,0.1083010895369079,0.1329159451959949
10580642,0.09791531770450362,0.06884171369011928,0.037215569478710304,0.06949401491154009,0.04576739986510511,0.19600653268905371,0.17885553008062943,0.12354600730912252,0.182357914271216
10580740,0.07177707495163527,0.0441575247825643,0.033959679171065224,0.04342391574303846,0.028191432303739966,0.13711607483484703,0.36626793467873364,0.08930836684262858,0.18579799669174754
10580745,0.04659478560786038,0.04933300006322711,0.03247693064142876,0.04057065113128191,0.024650881194043885,0.14855987130361842,0.35472560503589556,0.08843826621127888,0.21465000881136514
10580771,0.07489218465717572,0.04782933165261296,0.04188055559600709,0.08824965732653668,0.0351883070541468,0.15627742387743387,0.15485487522230088,0.15104417846207333,0.24978348615171275
10580995,0.04645432928416088,0.06142629324668046,0.053175593796586554,0.05265947847250149,0.031670327758595296,0.15048940954037632,0.24309950779487943,0.11915077552804662,0.24187428457817292
10581310,0.042627139860994354,0.05506593251743553,0.03482631847075179,0.040262782778536906,0.033834889446240864,0.16340100541359565,0.42043496680980247,0.07813135509178357,0.13141560961085902
10581368,0.11178076749588953,0.08361456533583692,0.046926039053342805,0.1804457855862168,0.10143916565592107,0.11135485160135918,0.040914404717234294,0.1438983520924383,0.17962606846176116
10582173,0.15035597019216468,0.07911205951766784,0.04344155173094337,0.06263726782053008,0.07869722298158856,0.1827511051921446,0.16297056434099705,0.09256215346416813,0.14747210475979572
10582418,0.2993067593532559,0.0625400503761797,0.04763744981696797,0.05771812649166003,0.09015448533115084,0.12036603268749616,0.11923587808129665,0.07437192538929426,0.12866929247269854
10583009,0.026243698823191823,0.04885202924439322,0.02428980478923997,0.030176194229620604,0.03288498322388477,0.2007094027489999,0.4841463924172195,0.07627296152650058,0.07642453299694958
10583434,0.0298457098998236,0.11240832953105778,0.05678977036504121,0.15423777222688417,0.04928880448019793,0.17143187810890473,0.11602450166090689,0.12941922338369988,0.18055401034348373
10583521,0.02163435894258024,0.03905793253479683,0.019526611538537,0.024423305108500708,0.023647509915604104,0.18137453030960368,0.5346736059047639,0.05467412888173069,0.10098801686388285
10584210,0.02838147811392607,0.04977230539649968,0.04136191840677274,0.0339023104915094,0.02337855067087785,0.15585704139196097,0.4032374569117435,0.07665885713508325,0.18745008148162656
10584222,0.0405396489086019,0.04195745968452883,0.03289055958042079,0.029582579233613737,0.024400849631684964,0.16913262726793576,0.4413670772299686,0.07112539661018444,0.14900380185306103
10584314,0.047178899686113954,0.040352101349309125,0.04452449193812628,0.03163215012001728,0.02235262930567963,0.12433541621386823,0.3298116756574242,0.08697043540644309,0.2728422003230182
10584430,0.06486115718560452,0.03629363654756718,0.034114488471606766,0.03658563090881993,0.02440762113930161,0.12031229371852036,0.46070192834729806,0.06608790693438243,0.15663533674689925
10584519,0.03638279189587938,0.12055450015869938,0.037735457417728206,0.045301023426932596,0.05399023231721166,0.2294554138910186,0.20214270358644992,0.13078410813535546,0.1436537691707248
10584820,0.04085407234587695,0.15034946971444296,0.029951750182136534,0.05861650071029164,0.13810795670180812,0.22884294471740124,0.13997874329695617,0.10502106508544884,0.1082774972456375
10585136,0.02054493463207121,0.17718724547468054,0.039478789278168384,0.08747335812475752,0.05836437512097244,0.2649793210892516,0.10455612619059798,0.13068900618456616,0.11672684390493412
10586849,0.0436183408208911,0.07697578925162772,0.03300134348244603,0.07562010529048302,0.05591073204612762,0.2416671098572346,0.24675907285419676,0.10287460913616409,0.12357289726082907
10587734,0.07942650076272004,0.06346843128528089,0.033459503602074975,0.0420632146641448,0.0441751480995656,0.1734540994218627,0.3478171286447377,0.10976917538407566,0.10636679813553769
10587840,0.05040119151992378,0.08737310184189252,0.03995001194034579,0.05694806688176462,0.04563207372767024,0.23143351434209425,0.24132737242091956,0.11418949052403482,0.13274517680135442
10588529,0.03803771454012377,0.02085483584777664,0.021423699681221545,0.019539570713864595,0.01558706257003355,0.06661138113116431,0.6369326670771933,0.03820405819275195,0.14280901024587042
10588664,0.05255092400447548,0.023034511751802222,0.026043266793024416,0.025341111971667777,0.01785176747500881,0.083700483950631,0.5307730023324935,0.04820333151405309,0.19250160020684376
10588792,0.04741044119653422,0.02531350955038894,0.026523303406010938,0.025913425176938006,0.019280503305579583,0.0796363476628818,0.5074256839628067,0.051119668621018244,0.21737711711784144
10589349,0.031940250882933764,0.03690362607027847,0.03834452934586389,0.035060843097559524,0.023572169536361945,0.11929584917746747,0.31971439252093975,0.07627388699518334,0.31889445237341174
10589410,0.11635682953411078,0.041971207471164645,0.05102188306012852,0.09487645391313909,0.03465180495779651,0.16288022921426193,0.1388615779345374,0.13799623491753885,0.22138377899732226
10589411,0.07143017784218084,0.041565113023092085,0.03630111213285783,0.045657512036424264,0.0333932403568747,0.17446540147064837,0.2299507641882615,0.08884728720927274,0.2783893917403877
10589472,0.09178608531052503,0.03760860785335511,0.04187939463524581,0.03877683612370749,0.03464724232667095,0.11993944489552485,0.27801557632262686,0.078364862991111,0.27898194954123295
10589485,0.09410307685272355,0.03706567549687848,0.04728869133866185,0.0699905419684751,0.03692121788127093,0.14923386371132882,0.1171073305590857,0.11194972424195285,0.3363398779496227
10589763,0.020415084667946514,0.11139878297933822,0.04156618101809264,0.07705340790866531,0.04909003639058475,0.2863196683874034,0.1621188909081603,0.15380768635748393,0.09823026138232496
10590733,0.03291392175691221,0.11900096829180154,0.037126217620833415,0.14596902237765325,0.09958038091976643,0.26206328337703266,0.056866623736684,0.17273755925548218,0.07374202266383431
10592587,0.3122890481714508,0.06537389976674683,0.04387352611051948,0.07020168223283517,0.0849758402743184,0.12118601785554226,0.09066321361417731,0.08536364156570946,0.12607313040870027
10592944,0.025161214123420157,0.11640323330505517,0.04134085148806914,0.09379820134227793,0.10967205913677919,0.2935913444714838,0.08567461252372381,0.12301624791733112,0.11134223569185975
10595034,0.1029386044590918,0.10599313335307739,0.03922752784398854,0.07257523906977076,0.09365194558345546,0.1781384230609744,0.1325150058371949,0.10321361104762308,0.17174650974482364
10596119,0.041813560266265495,0.09838870613368043,0.03138130857160865,0.040222135786281275,0.045941043845001535,0.25412084892550574,0.2691239178797679,0.0922088610583903,0.12679961753349867
10599481,0.022764214064554773,0.06059048983345171,0.019411743844868434,0.028538139894139298,0.037807916847881845,0.2795911548074612,0.38853853807848837,0.07752507546552295,0.0852327271636314
10599552,0.17230098414421915,0.03675405876397592,0.03861960416379837,0.044174810764591545,0.027515447237529266,0.12108949889417167,0.297520491424764,0.071797817191307,0.190227287415643
10599609,0.06158954019800168,0.029381434020320576,0.049421077183200934,0.03364337336794636,0.018835385733398234,0.08844409562193596,0.3711426883734383,0.06296964729113654,0.28457275821062145
10599643,0.02253605752280283,0.03978808119466825,0.023566511139538397,0.027137558485069435,0.024246594202383308,0.23388535370003008,0.453046738212326,0.06184835541346581,0.11394475012971593
10599718,0.09653063118268077,0.04674894146710348,0.04532003566010624,0.08293467841815422,0.037279346157721424,0.15221953077071476,0.17453629704487822,0.1363396812896066,0.22809085800903434
10599755,0.04530493143945166,0.0368335362568651,0.030848086326657524,0.042190416812355955,0.022511563219912652,0.17048078665319163,0.370312784181251,0.10110965386895882,0.18040824124135565
10599776,0.0644151274710003,0.03523706461077533,0.035400684842369294,0.050573630516093274,0.02129848125586453,0.1443196565505839,0.3487369694527238,0.1064446223895794,0.1935737629110101
