track_id,Clutter,Cormorants,Pigeons,Ducks,Geese,Gulls,Birds of Prey,Waders,Songbirds
6868504,0.02825129746374553,0.07763766581572562,0.033916071407159,0.6053666918394898,0.06068861601828458,0.07670235247040513,0.02403310428098767,0.05328257977066799,0.040121620933534705
6868536,0.03013106822803812,0.09893698402035796,0.027644781656217546,0.6315031241778086,0.0442543435951168,0.06677964118676431,0.02337081544723779,0.03521118611202318,0.04216805557643569
6868565,0.023587798399340686,0.08685166121705325,0.027787555861846547,0.6009160056197267,0.09581887129983664,0.06560633941262682,0.02320855460146003,0.03885125471262868,0.03737195887548065
6868861,0.024382893913686768,0.2665966297830318,0.02816455607271806,0.27663102818220375,0.2609542895208361,0.055291184452843214,0.023739304055265822,0.03274365960898745,0.03149645441042698
6869275,0.014625946441004503,0.1883836924353602,0.015341671238096065,0.3208574497869046,0.370618840489806,0.03307756815804405,0.014597575346347123,0.023075279404831735,0.01942197669960569
6871418,0.028060542709372256,0.10245646297480993,0.030667486175228475,0.5380194721488439,0.04147851129901653,0.11288299185797544,0.02889748764891794,0.061400167287182505,0.05613687789865311
6872996,0.366797856679012,0.0538868967112197,0.038497812043530436,0.03330007985147036,0.04967527585231894,0.15643647986759343,0.03101690254147476,0.044259588420573814,0.2261291080328065
6873817,0.03878840561624368,0.08679742044024077,0.030872840983182555,0.03106278386558936,0.17620234127653012,0.492586042820301,0.029757323527208092,0.048883687647105586,0.06504915382359877
6874023,0.021684689899291273,0.04806120513236295,0.023019197684418683,0.021389017820913767,0.021919550773775894,0.7687335359424631,0.024996896721101208,0.03662024517039994,0.03357566085527315
6875504,0.030792718170163186,0.05470633649681473,0.0370985260492096,0.03065162220318455,0.03151319852251037,0.5139686019404344,0.03755553770238873,0.048919270437577676,0.21479418847771684
6875899,0.018770504951230036,0.050545593731837646,0.022185585709098954,0.020553876973744025,0.020529289746512712,0.6754889284100936,0.0637211712324415,0.025697497550886683,0.10250755169415479
6877293,0.04497522938282786,0.033804667505424345,0.02751989246090812,0.019726593408341625,0.018178845345232716,0.08372896488935423,0.019435798757838407,0.02240848576517426,0.7302215224848985
6880408,0.027031553714968924,0.04429748338278261,0.03188929172648906,0.09814717914472697,0.026804257118987207,0.5108922437100509,0.06137751067270295,0.032177569109595405,0.16738291141969597
6880690,0.015761970179819642,0.019124468480567966,0.023670258794043296,0.047471468225140756,0.01593688195253222,0.688513123277767,0.021543413175994734,0.024797619983677487,0.14318079593045693
6880833,0.033466300344787044,0.03128736403441097,0.047271317464423035,0.03080594085005241,0.030490235033433493,0.1304181143640109,0.10040895919090774,0.04857018963968948,0.547281579078285
6880956,0.015596808821229387,0.021279813194053795,0.019179016824975924,0.01898272749950456,0.01629034651005423,0.8167088203692605,0.022562211020623717,0.02058348053580671,0.048816775224491224
6881733,0.017216323189245323,0.01628865095113262,0.013225279147251278,0.01279669912471737,0.012797953044098836,0.16539017323776392,0.7148829295903882,0.013894431186176857,0.033507560529225544
6885154,0.0993376920375233,0.04796793250593787,0.06009691620762314,0.0484141940307718,0.04587682553267803,0.48913836069594946,0.054654126975683344,0.05413621395313033,0.10037773806070273
6887294,0.02367425927384479,0.027951338462863472,0.023425639271240275,0.02034966179020283,0.023957702789469383,0.7027635658514462,0.023992897408010885,0.03655688572885049,0.11732804942407166
6887586,0.0642115456907766,0.04383547677724179,0.05728267899210433,0.03466132533323997,0.034862359342292384,0.3121366886512794,0.034444395456720116,0.0447850509597173,0.37378047879662807
6887600,0.024544744616407106,0.023234205829472894,0.03121390205028607,0.02276237978271819,0.021302397337933536,0.10893980644889491,0.02360035864311954,0.03273114451523563,0.7116710607759321
6887637,0.03912827193794071,0.10336501231717618,0.04237099491179532,0.08585387357430722,0.09189353787419413,0.3395886247438912,0.04583424444840098,0.05381777625968165,0.19814766393261263
6887702,0.10151375678084798,0.039037915091589874,0.06775331553613177,0.03968476901762504,0.04361115178120617,0.16273156876853123,0.08733192290331902,0.05705274493585271,0.4012828551848962
6888243,0.02769497429130936,0.04703269694507317,0.0349683047385377,0.02877920500473692,0.05082147791605289,0.27921405097530894,0.03301255547708709,0.03954040723286336,0.4589363274190305
6888737,0.02363082042457217,0.03372391265715496,0.028970790752166867,0.02747120573688316,0.02989417123320985,0.32410924496588267,0.027852039885431938,0.03857797275693361,0.46576984158776474
6889024,0.0638662402827112,0.020797776116832756,0.02588166596166453,0.026882526396587322,0.018891496427786,0.06743567923524502,0.2037481665171786,0.023779997014636643,0.5487164520473579
6890285,0.08133652123038665,0.10133790815709713,0.04814955091696527,0.04682840349285228,0.03196278842444074,0.3961740626894556,0.14045013148878266,0.054028031771348045,0.09973260182867165
6890416,0.03150125600618879,0.0431320949243317,0.06780597878919692,0.02943997268313432,0.028173845023062367,0.23393764336350326,0.046130921336710075,0.045701727119587615,0.47417656075428494
6890579,0.02701287249062545,0.02050029576908552,0.04782805209396154,0.019914956683496403,0.018880772477526744,0.08233295579145913,0.07447994048837889,0.02598316376370478,0.6830669904417616
6890917,0.0382896773763496,0.036201378710423504,0.06213103407945131,0.03354691108764966,0.03462696547669376,0.1945205897999534,0.17458721146758238,0.06443397154161148,0.3616622604602848
6891091,0.029328805647998373,0.02657503989980277,0.04034528420567757,0.19121912146849324,0.07936073836733626,0.09902689555907306,0.025715174036080226,0.035714514202195534,0.472714426613343
6891208,0.019716332860240358,0.018618915094178488,0.038065676553995495,0.018030229627603214,0.01794229731550004,0.15191648510377515,0.027766307367004965,0.02347099807302639,0.6844727580046759
6891245,0.034698296217654745,0.03555612607834806,0.05183797067681012,0.03159102480738511,0.032188788507283864,0.2552400736630729,0.10270208855458005,0.0514058900870953,0.4047797414077699
6891309,0.0278216603021311,0.02847764371928433,0.040538566136622614,0.0273048994401796,0.027190461830498967,0.13629842770818898,0.0644704789527476,0.042633301186864696,0.6052645607234821
6891366,0.04147483196501705,0.021100201685229275,0.02325170195024385,0.020199641063825522,0.020167939255529538,0.09277087144526819,0.056630224199857436,0.035371329704348066,0.6890332587306811
6891473,0.03657061048793217,0.034503371441170036,0.04874390338054248,0.028931916698123034,0.030897077502372066,0.4255889066438955,0.03271310881335803,0.043337027809723684,0.31871407722288303
6891484,0.01610127016072539,0.016024815385081,0.018311161430291628,0.015144417239014437,0.014876685565315136,0.06674936793995204,0.026804105041297415,0.019463657005280927,0.806524520233042
6891531,0.04638305388734642,0.03504445928401086,0.044307464629445216,0.045991526833213794,0.030354424596054988,0.16918380801183722,0.15975493426787413,0.04219598109503161,0.4267843473951858
6891557,0.024952583473156858,0.022520516946615703,0.0452309640627144,0.022394111974725617,0.02009616562415576,0.0994994663164614,0.02704974590838527,0.027070408822718037,0.711186036871067
6891579,0.026193717264259973,0.02512184582869113,0.040569873162010994,0.026083003963566834,0.023546038038165226,0.12440139108052152,0.07083577522078915,0.03393100130122554,0.6293173541407696
6891867,0.07176875293874205,0.03147688604476956,0.04932880818642813,0.07797507232832865,0.02998738719235109,0.1418906201096508,0.3677429981435534,0.03696291935816805,0.19286655569800826
6891888,0.026367387077099444,0.021136043606580914,0.03165608506270476,0.05504319025444947,0.019851376139792966,0.07787479593172056,0.02848352956644836,0.028271024442846748,0.7113165679183568
6892297,0.04975996084933949,0.013827917675252491,0.02176413940030699,0.01397730846542888,0.013114237279831603,0.042463515596629815,0.4139123938264251,0.01605802234811616,0.4151225045586695
6892562,0.039593788096180235,0.03757693267753567,0.03562720009059299,0.03303433441200018,0.03377389679039244,0.15654551564223093,0.1819757942873805,0.05197324514930567,0.4298992928543814
6892587,0.04437267857668831,0.03959457051396003,0.05361727558098492,0.03887852792153472,0.03767923960409285,0.17946687253570626,0.17529015212425608,0.05985997791964881,0.371240705223128
6894293,0.023848302099627284,0.49149411944480487,0.02783185854961965,0.1696629777062926,0.0240443301324369,0.14059630165778794,0.0243961822643222,0.05586295069582403,0.04226297744928451
6895609,0.024338383705324894,0.026367759874763044,0.040271418199855,0.13861324526119578,0.023946377186462003,0.17645152617447288,0.0640755468893632,0.03662573645646658,0.4693100062520967
6895723,0.027840973412967845,0.02502727051937124,0.027800973938926946,0.020713439028287865,0.021117502390869188,0.7665049828575627,0.03664062451909218,0.036947948199446315,0.0374062851334757
6895905,0.027991385834424808,0.029165453070132037,0.04101429814695238,0.02817882504965559,0.028496454147420802,0.5600326178922372,0.11999765175242358,0.04278675951124564,0.12233655459550807
6895906,0.03326834219297049,0.032309688549679284,0.06525446412536655,0.031803895791789695,0.03202454917822869,0.5586235381682283,0.09271325061926108,0.045187583513898295,0.1088146878605776
6895927,0.031067874922177767,0.04374202626768578,0.04227377206334691,0.02906276550548286,0.028759270856958827,0.6670379209553399,0.037523232445593316,0.04838908289657955,0.07214405408683518
6895938,0.02387023355492027,0.027497747103770245,0.0355413623281855,0.023724673204093074,0.025338532899504898,0.5844678690820798,0.1339502877772598,0.03493209585806694,0.11067719819211938
6895939,0.02355777076596274,0.027823815577824894,0.03470230973366005,0.023691522739108645,0.025592355643952645,0.6724463562834951,0.05623497950551152,0.03660763586500325,0.09934325388548121
6895948,0.030179615572165832,0.029816857320450682,0.03357257308524094,0.02803329870313248,0.029023368405652977,0.6463631429303333,0.06066534331910234,0.044045585249710306,0.09830021541421122
6895973,0.03350652506106837,0.03245467798378977,0.06384130101206169,0.031072457067353274,0.03137898902981284,0.5827216940895266,0.04631363148107934,0.0442185261072541,0.13449219816805397
6895974,0.02499144773666217,0.024501051734235234,0.03545434965491353,0.023720837295270206,0.024079817152253106,0.4407722197443281,0.1398635705351472,0.036575523283240194,0.25004118286395033
6896754,0.023456037230646216,0.02223006301374204,0.044917024636535165,0.02300081198904931,0.021460479232115665,0.2670856792955572,0.061599831292172676,0.03989729324461481,0.49635278006556693
6897915,0.041880836870150276,0.052075795450447125,0.05181200088491665,0.2022159458350672,0.04231504814189099,0.3653863730904827,0.0552742035990833,0.07798293426240975,0.11105686186555205
6897964,0.052184967309888794,0.057487172228856964,0.057622444406476334,0.052363316226180304,0.08697730333138212,0.3658017230831764,0.05626727714762406,0.07789413462648695,0.19340166163992806
6899282,0.021479136997575865,0.019202439965671367,0.028800281926027224,0.018072360213752824,0.018438703459893395,0.11080117241184738,0.34281120550079625,0.024276003221195375,0.4161186963032404
6899294,0.03623359642352514,0.015762806541729756,0.02136619712482783,0.017088972553169508,0.01505633294662177,0.05188780036467765,0.5392718524483948,0.018742025472240416,0.2845904161248131
6899376,0.030182070859723763,0.02558129298463638,0.033909199938438515,0.024687879344888284,0.0233088350354195,0.1038230173876879,0.056699359172373495,0.03651113331106853,0.6652972119657636
6899506,0.022581048140246307,0.03039999245250071,0.02561778263211027,0.019080865062245538,0.019869893660227636,0.4640429011536653,0.13999097505942948,0.03010004303640328,0.24831649880317144
6899530,0.040446975041335397,0.02416953481536299,0.03403417936760921,0.027075090643084294,0.021622351928522805,0.19157288535713232,0.034141702132449075,0.041496416267225125,0.5854408644472788
6899560,0.039785564759954456,0.022011064632756067,0.02604312975319862,0.0225535421367963,0.020802597360710516,0.1736755626873645,0.043329891208168304,0.02562742390246034,0.6261712235585909
6899670,0.0417654540278442,0.022212065316241796,0.025826383207274504,0.022316028406428608,0.02191760282046532,0.2698834852939055,0.024316954147380273,0.029342474320435838,0.5424195524600239
6899695,0.022640945953933667,0.021475708806171813,0.020458064472134295,0.01842265092318328,0.01874902680094415,0.14174933636612227,0.02193132684142201,0.022637694280919322,0.7119352455551693
6899730,0.04875667489984253,0.04091567283251793,0.0448802850413481,0.03701083732704158,0.03720292530816998,0.35422335154835655,0.09888779007788519,0.04656231908228979,0.2915601438825484
6899754,0.06799250742868178,0.032313377895796955,0.036115821265950504,0.1467633848974761,0.028795998959178407,0.16257982759283798,0.03140962520416608,0.04396086876949235,0.45006858798641985
6901206,0.032980975819685295,0.035917980030878864,0.05704815885466957,0.033524149912174096,0.03198865798405053,0.3758958255232213,0.12494909723216338,0.04654345415109971,0.26115170049205727
6902131,0.01646808594264445,0.02179445807197542,0.01785674974789126,0.016247370079458225,0.016979316942429594,0.7608388927173042,0.07831609162574972,0.020511633748515792,0.050987401124031356
6902271,0.03351838663879077,0.05215371738225502,0.035440074872968144,0.0339852813999647,0.03437666765070816,0.5889652070637853,0.03479395984290202,0.06748887537604802,0.11927782977257786
6904326,0.054621729279080454,0.021712796559608408,0.02160862973591641,0.01937106425485203,0.017824147557506793,0.0769495263081321,0.025882441315293978,0.02565525969153611,0.7363744052980737
6908023,0.03292274459483771,0.062472065292776366,0.03972333909155044,0.19243291367362833,0.03407419313743062,0.4853184923062142,0.04459002226731923,0.05647986757093341,0.05198636206530964
6908625,0.03198930324476843,0.031035208726936478,0.03103151873173781,0.028291553552204213,0.028960401472476895,0.29346026064820985,0.3632313171350942,0.04066744214878075,0.15133299433979147
6909657,0.020961084646486314,0.02264828247143689,0.021268495793829282,0.0183017900905382,0.018569263951525618,0.08481364364777101,0.08234761631829496,0.024883698280651175,0.7062061247994667
6909786,0.10173480120174798,0.0311498100473722,0.04286645899477733,0.03489233391326199,0.03028388863196316,0.12044453386498749,0.0852822356487949,0.03703339410258457,0.5163125435945104
6909952,0.028074647236558885,0.016194165049230186,0.020630956877279588,0.014708156595823241,0.014948747698212668,0.06484488953932893,0.1755698969122049,0.024100479778878307,0.6409280603124833
6910003,0.03725499424664964,0.01605736229227631,0.022548278445947055,0.018271835745780653,0.015526777578148252,0.060211358346258535,0.05337824960970687,0.026095800764577647,0.7506553429706552
6910407,0.01017123314028351,0.015319343223513067,0.010731170223774351,0.010163838273779566,0.010593114152759209,0.9068882375666969,0.010411810309329545,0.012772857178083977,0.012948395931779808
6910422,0.0425080253143495,0.023657489576289374,0.029312611246529778,0.02460458320861768,0.02240399691876309,0.12253091142828247,0.084034663545105,0.026825676534749585,0.6241220422273135
6910425,0.04635655101742736,0.01911602108103152,0.01887433466575417,0.016838081943403596,0.01676812623624574,0.056347137842060954,0.08038062154886559,0.03028960159508952,0.7150295240701215
6910560,0.03092824182342618,0.02645983062587569,0.02848075622544274,0.0544731229372853,0.024776327113951786,0.095269473014222,0.026124648793703662,0.05093561728691666,0.6625519821791759
6910590,0.0397422051406309,0.019364160915292236,0.02119883696754803,0.019544744482536368,0.018510094851554734,0.05684697590213082,0.1160416666326819,0.024125315010853007,0.684626000096772
6912744,0.011121695026116596,0.01463808210877611,0.011167542636198137,0.011279610741751014,0.01234787621960647,0.8938645425702088,0.011163088270770172,0.014383132689525369,0.020034429737047384
6919118,0.026717769821387613,0.03179186821429186,0.07422842618590518,0.023860775438423302,0.024523652927172436,0.4106920303247271,0.06475590282640313,0.03369370862512227,0.309735865636567
6920152,0.03016468304286374,0.033424213505380655,0.0892920710450465,0.027554428721500886,0.027751890891293568,0.4731487911904024,0.05777217359055808,0.046013862000126964,0.2148778860128272
6925791,0.02358325794047298,0.030093665673335754,0.026811436180766694,0.023582982796670343,0.023378089624289937,0.7536785557953768,0.03273532637371574,0.03524415193432925,0.05089253368104256
6926246,0.032178162752926655,0.02948756935741891,0.029456543101424277,0.02835906270224262,0.028506091759111025,0.6537536418881802,0.05282683973126271,0.03576511363214952,0.10966697507528414
6928841,0.04163311312014374,0.07110082552905775,0.04228289843271682,0.43131167392431613,0.04696276409392366,0.1511447746195524,0.04074727922948269,0.11643695852789238,0.05837971252291452
6928933,0.024708638748325483,0.028740962189542123,0.02792049020562363,0.02461339849544579,0.025137459474583103,0.7701443916904793,0.03152128271169085,0.030658719614425567,0.03655465686988402
6937241,0.05933943646551638,0.01889972357542479,0.03509349192042163,0.046330815051397585,0.01841152004518805,0.08155350406890963,0.021347299563342702,0.03557123015729777,0.6834529791525016
6938426,0.010845305358552408,0.011443667773075126,0.011691348524871827,0.010796548436797643,0.010968415912344437,0.8938766544767646,0.01998649122018517,0.014825189878971473,0.015566378418437221
6938530,0.014425467635795388,0.022009488453664704,0.014654959874055308,0.014310874237776019,0.014928422574822315,0.8512830395883771,0.02707567819566909,0.019807378895185,0.021504690544655126
6938682,0.025133174630609618,0.025901186850351695,0.025530599077592794,0.028544322801844338,0.023944911922638333,0.20913691450004415,0.3147540633049364,0.04170601783593486,0.30534880907604783
6939166,0.00980892054224419,0.01900857799962892,0.010006199842654658,0.009778363048883163,0.0103463489178389,0.8939207498852583,0.020639557295324743,0.011512687810098777,0.014978594658068393
6939222,0.02783188689747431,0.028027821898224507,0.02833375803721399,0.028600495889679722,0.029648947416275627,0.2158519245086373,0.48233110846163924,0.0369120717787934,0.12246198511206194
6944591,0.04755165543300607,0.03723052053425625,0.04911318194158676,0.03954571846457851,0.03238911636130927,0.508509621352985,0.11653939430706525,0.052209696009958985,0.11691109559525385
6947293,0.013010584541941317,0.01757913000671827,0.01693496205318069,0.013038220028727388,0.013015693735664823,0.8628894879648575,0.017866514362568166,0.018100294565222802,0.027565112741119172
6952804,0.03396548742857845,0.03201521319289666,0.03543771346284129,0.029669369897767202,0.03629512736221216,0.596068964841314,0.033361266882621435,0.04180912777954701,0.1613777291522218
6975207,0.013499615410300425,0.01515660411082713,0.016114722150687124,0.012980691201980537,0.018075474359330802,0.8570652687273047,0.014845245885237624,0.02570407042892772,0.026558307725403962
6975472,0.011198452589309061,0.011096532305512991,0.011368636695898151,0.01113795949288648,0.011590474528579276,0.8907042579616982,0.015136789459266616,0.014239597641845993,0.023527299325003186
6975490,0.009733495326671164,0.009817565563133086,0.010012689819266625,0.00967953975788445,0.010052356833933913,0.8979821077151849,0.01111054271025436,0.013491718454996957,0.02811998381867454
6976427,0.00961497400879634,0.011912471299085133,0.00986420588626404,0.009554630078175553,0.010456119748281045,0.9049922125922941,0.00967249709386604,0.012792714765710865,0.02114017452752682
10551287,0.03178274696688683,0.04056811774645186,0.03481284479116081,0.05174872316182356,0.032023422861236196,0.6637629013927515,0.04317258437423641,0.05081337698512841,0.05131528172032442
10554874,0.6073429621912643,0.046728169843220556,0.02890030010321603,0.023476041308431554,0.027684080888641934,0.12728686764011868,0.014647010810909482,0.019225585244658686,0.10470898196953887
10555071,0.03983023300077125,0.04739756397072828,0.04373499938218821,0.05599357257270146,0.04067848685554123,0.30626934088044777,0.11035394920150535,0.05644305844691581,0.29929879568920065
10555459,0.03996813645678672,0.04689962637171872,0.07702101219987828,0.05080531764784464,0.039956553541308955,0.40058166098816705,0.04955383518255701,0.11663524966409307,0.17857860794764552
10555968,0.055558696894515786,0.05779214039154624,0.07241818873621395,0.12609746858605383,0.19267435095303712,0.23896120614141736,0.05311777014775782,0.07059417732530845,0.13278600082414946
10556692,0.050555356920261973,0.04100756607496424,0.05687910195935443,0.0640288957527745,0.0380615257848272,0.3336694834427223,0.07545476167555673,0.06092228606361441,0.2794210223259243
10557065,0.00904208756520447,0.0127096992775142,0.009288720409765914,0.013228678408153572,0.0103273506669888,0.8946457105969438,0.011968197956448892,0.011406616509863875,0.027382938609116593
10557235,0.019625924075670327,0.023089624364859455,0.02538536861343655,0.04233964778767232,0.0198252024589511,0.7711233538704898,0.024958700447122374,0.02642122888601878,0.047230949495779176
10557310,0.04087559445959149,0.05815884585840983,0.06391500757208582,0.05309772156974052,0.21943241351746018,0.19821461488408557,0.05178612086820326,0.050170027689854915,0.26434965358056844
10557603,0.027981567198803473,0.03284832502870136,0.039863424061281294,0.03767063175460851,0.028262130653756462,0.5584325409318185,0.03529481437714136,0.037762780928109065,0.20188378506578
10557649,0.00866411886287341,0.01144225603634906,0.010211052445642814,0.01485649474118236,0.009342631262819848,0.9072997341457955,0.008882979519122158,0.011632575825615426,0.017668157160599576
10559369,0.03231201723228315,0.039626560688832066,0.04258479651876656,0.04257779590574198,0.03266235363799924,0.610671965650465,0.04044846154186185,0.04301621999568683,0.11609982882836328
10559516,0.026185210221899062,0.05183717483447999,0.03393001960614958,0.045483459248079026,0.056459797244808596,0.5756472658467456,0.0313357181131924,0.037449298614192224,0.1416720562704534
10559765,0.02112058706005352,0.04730086860986197,0.023551374355011902,0.029671011166893923,0.021112719309041992,0.7121713450816347,0.04200264630156307,0.03944718967204265,0.06362225844389624
10559904,0.036023904149458996,0.037462040128200175,0.06281900724424988,0.0491192101742365,0.03936166636627854,0.5284365606998935,0.0568044340063483,0.0558065449338668,0.13416663229746725
10561136,0.025935390688749956,0.04107703601116038,0.04311595168980001,0.025707475424240657,0.03664315457855108,0.6276897942428135,0.029610233383377246,0.03530179143954171,0.13491917254176547
10561583,0.04185817871327593,0.07105667221510457,0.062128374754852854,0.04450452271119349,0.03798018880414009,0.3632830508148452,0.11626566706604109,0.08296255447108886,0.17996079044945787
10561870,0.026014656438665948,0.03294187930589616,0.026790511851142274,0.02595488655324519,0.026729231953945776,0.5485164656045334,0.220323278970281,0.03156921412784745,0.06115987519444281
10562711,0.051482643896667034,0.07107217355897362,0.05799656744602308,0.06947758874324969,0.1416794477465646,0.20444377061194974,0.052358894252304944,0.06487733563960417,0.2866115781046631
10566953,0.025254690839490373,0.04766518077388965,0.026429742539972375,0.024791625608385815,0.0250860309895045,0.38943380893575064,0.3695732617383751,0.03824045558670756,0.05352520298792396
10567563,0.034403196426686246,0.06043009101076835,0.03011089904156023,0.03019046722408518,0.0633189859272891,0.4864188367220157,0.03498689597971532,0.03374324598204373,0.2263973816858361
10568512,0.02912715025105682,0.03111045561155648,0.03432437898179355,0.02710858730691259,0.027513534973238662,0.33457906357965017,0.2986451083845113,0.044835579735434485,0.1727561411758459
10569249,0.028434999629403226,0.03010360735941181,0.032031231717720175,0.029332610343284708,0.028861123701599253,0.40922267533663037,0.16264298920951287,0.04138578753630825,0.23798497516612935
10569900,0.032256183085449225,0.23716964641893393,0.034913772850391836,0.0451722119458393,0.4116569358951015,0.0782257856562727,0.03830860765157926,0.05710594127906205,0.06519091521737028
10569996,0.02806516043962915,0.03225663295552754,0.032145292194426814,0.030177426668623067,0.027999262143721837,0.431564667856985,0.26158431899174756,0.03917152744365719,0.11703571130568184
10570047,0.02523892126313597,0.039071477074329355,0.03524358977539563,0.03299114909916821,0.027586955708118976,0.7038374488562474,0.03807288131045032,0.03959909513638444,0.058358481776769645
10570186,0.04403416430212962,0.04521419916693957,0.05274060463112404,0.04296099097331236,0.046876683175748016,0.47052537126101057,0.07081746105618145,0.07277463351743126,0.1540558919161231
10570190,0.016597036614926057,0.02335528870926828,0.01807459538051942,0.01698407964330513,0.016483759151960542,0.7211914783375621,0.1299813443471596,0.023523327924170938,0.0338090898911278
10570281,0.023040585202623334,0.02580198923921584,0.02474220685967205,0.02270387161908763,0.023023887074139767,0.5509803504749058,0.20745083196754457,0.031964076129541136,0.09029220143326994
10570444,0.4034968003591015,0.0278534454833737,0.025639630847775454,0.02801314708562127,0.03101509115408159,0.3050159651686662,0.026309107183530387,0.04429239415579468,0.10836441856205509
10570516,0.02865701385417762,0.03123403722339973,0.042234411260811344,0.030286762910096122,0.031279926332362123,0.5897747913077979,0.045770664183198174,0.05068342034879235,0.15007897257936464
10570563,0.03442825049314973,0.021337610215076023,0.02092214917064697,0.019715712107369235,0.0193961171883923,0.3116833510124467,0.42351368438886094,0.029823999540715154,0.1191791258833429
10570908,0.06337172761435547,0.024759292763770778,0.025087088834286585,0.024304449930640584,0.025362851707477728,0.479600178787793,0.26603235617080867,0.03476296050330385,0.05671909368756335
10570962,0.04044986011814179,0.04328365856613106,0.046277770861678946,0.03933049667909692,0.03896868442673061,0.4349893057191757,0.046971793112679176,0.15633515114643987,0.15339327936992592
10571126,0.046251872370683414,0.03222037652231417,0.037503686426743704,0.03481288683097272,0.02961362114961137,0.34639751005651603,0.10032855168872926,0.05790371692173041,0.31496777803269893
10571129,0.20360196380484682,0.04272621161211302,0.03440439339334494,0.034110640153268666,0.03936430868857574,0.4600457179217905,0.03300093100529604,0.050142633832173336,0.10260319958859099
10571130,0.055778540585764716,0.054323723160387874,0.04399769862040491,0.06295561749327196,0.0426349818068822,0.4226135693569777,0.04158292823971684,0.06168392146652256,0.21442901927007119
10571150,0.03390159630082179,0.03637193954166196,0.03793084240627233,0.0459899312038609,0.02771717088711723,0.570498836113553,0.03255000674920171,0.039907250481027834,0.17513242631648332
10571157,0.10460880970443738,0.034526371936473225,0.03286259806067836,0.03343958228824634,0.03049974680081111,0.2770874220408789,0.17125821376977735,0.044111213379653506,0.2716060420190439
10571249,0.02759884018717137,0.03534191894799619,0.03845961094404654,0.030880748045127155,0.02656255141169635,0.6180623501248552,0.08132354823016785,0.046753596993081556,0.09501683511585773
10571563,0.03452582246859982,0.09241723898118612,0.03579974073696718,0.0338914532977852,0.07800090234712118,0.4666659611716623,0.044615183858485105,0.04986354953968079,0.16422014759851228
10571600,0.043086905366649386,0.027429511313866967,0.023806744217906614,0.023952555999766697,0.023497990757621202,0.7032675600590399,0.03294212037005084,0.02812941049023387,0.09388720142486462
10573894,0.04479648105639198,0.06164048156321389,0.046303206073405205,0.043818657351780525,0.04092931598674193,0.46531031084085067,0.06602229412782146,0.08284152671477,0.14833772628502426
10574347,0.07917100743232405,0.04315381941007307,0.04082511344715095,0.028288473984978524,0.028962225322479627,0.5107207182224198,0.08649987815437488,0.040213657686103146,0.14216510634009594
10574370,0.030340674660415214,0.03881975160482873,0.03601697909995065,0.02937843472277574,0.028717191424554717,0.5336628883388264,0.09188058777027325,0.04743442299815987,0.16374906938021552
10574372,0.04817463342062068,0.04869694269681016,0.038479752531357624,0.03354864807475163,0.03396337945524396,0.3321884123931263,0.1772501806744332,0.04816356386179019,0.23953448689186635
10574408,0.038325312082377265,0.04508023300905935,0.04088350280633164,0.04518450067436437,0.0690239745820065,0.4659281978118445,0.04119643960817994,0.05497099680232981,0.1994068426235065
10574430,0.03408498193768551,0.04942756423066242,0.03903932747488535,0.03334267934043408,0.03421391012426227,0.4814148305621206,0.06794632550732226,0.05099587760101066,0.20953450322161687
10574439,0.10624074607415161,0.050661402243819695,0.04263976723108331,0.0380992684949215,0.035454732128788614,0.47434937366170665,0.0640061011766411,0.059745959702847955,0.1288026492860396
10574456,0.07658501824776233,0.04509876209889181,0.03288244030909949,0.031497867142177435,0.03151557080764304,0.4496253261031315,0.04127673791562027,0.04254148015344373,0.24897679722223043
10576038,0.20972434303419296,0.03643283847846458,0.03336369195979626,0.03666237764233546,0.036347846440546554,0.45813656308469747,0.032574930115257486,0.05266614468563316,0.10409126455907612
10576770,0.037329097151064944,0.034534804821219484,0.03461286129561096,0.04358202418698841,0.03203413242179652,0.570597513768808,0.047785896112739236,0.04806306084492226,0.15146060939685016
10577118,0.030021673611624236,0.03223423381430848,0.035669384529670146,0.02949969701705094,0.029728752088774565,0.5214379185700491,0.14360369511322488,0.05243956600996702,0.12536507924533064
10577354,0.041436201139672356,0.03906419157644829,0.04771791177336503,0.03358177707648915,0.034208619690675394,0.4011581146320932,0.14417261018942035,0.05275756283178588,0.20590301109005027
10577622,0.02067552326831177,0.03706530100310931,0.02896422237144091,0.06522491045779455,0.02069646237781664,0.6129422645570457,0.07992438863254578,0.03307617088598799,0.10143075644594729
10577723,0.03483158717940867,0.0318544981226465,0.04048460842180746,0.03639141690461962,0.03107486063888369,0.48606434610377336,0.08727462326472628,0.044567482639281494,0.2074565767248528
10578130,0.30666555647239624,0.03332782113818193,0.040423054487910386,0.044222686196488406,0.03565433111946473,0.35606342298143606,0.030096205939202453,0.04150568936494488,0.11204123229997498
10578295,0.02831582806819693,0.029732291728453677,0.03127834246406252,0.029255559634008495,0.028011157076994992,0.39975311482892184,0.2956703108575909,0.042839812177555434,0.11514358316421519
10579132,0.02076193142209892,0.022449314512277614,0.02300372360337636,0.021190478387452718,0.020597763047606063,0.5111766925357121,0.23959763388866756,0.028068099570498686,0.1131543630323101
10579372,0.026137715389221966,0.028120500838996663,0.02706950295951537,0.027586963759144295,0.02622667220488597,0.48291028872427094,0.1861975873911832,0.04312418112097778,0.15262658761180378
10579452,0.017709802049982896,0.017677539569487182,0.018237484905730416,0.019945344398605708,0.020037662523245358,0.8176379674696321,0.01935206119397325,0.02320172712933994,0.046200410760003245
10579754,0.01599268036329856,0.015714187859595795,0.016272172626283735,0.018925745638657086,0.01924903239030768,0.8463886067708166,0.017327349613590556,0.022084114482619287,0.028046110254830604
10580098,0.044278581739009226,0.047875226456060974,0.036782680242163246,0.02718023277262184,0.02708656631599942,0.5915975830775261,0.13309010434195334,0.045063962510621544,0.04704506254404437
10580150,0.025602840947924546,0.0332120237889969,0.026014482394288732,0.029577938355982537,0.02973789222068164,0.6628011707860336,0.03825991626826615,0.03678946467520311,0.11800427056262283
10580642,0.03028286771351396,0.03275982592017373,0.03381001699974733,0.029773164498238143,0.029992966745908255,0.638350433218464,0.05044850439958033,0.04241002208943864,0.11217219841493563
10580740,0.04254156537913113,0.02816193864547702,0.03215350426239924,0.03531946099606072,0.025629960456973362,0.45435568058494147,0.23035752742631982,0.04431542778357031,0.10716493446512687
10580745,0.02727851361743186,0.030261914623305367,0.02891854873134947,0.026376730891329532,0.02688220447901272,0.4235168056474395,0.2638037002346975,0.04127268586333445,0.13168889591209954
10580771,0.07408046441492197,0.03351983879057815,0.03831033061922598,0.06072378785179639,0.03198278244698755,0.47073904586712567,0.08134074357053671,0.06980720651806063,0.139495799920767
10580995,0.026559635987964965,0.035387421395475696,0.03251299172169569,0.026150770744782587,0.026378015587122747,0.4447846435814843,0.0894252320709606,0.03915901311844999,0.27964227579206347
10581310,0.02497846452071985,0.032024576098555455,0.02822830888975006,0.02571512985987833,0.02489566042108286,0.39572900673411787,0.2788474888296014,0.036558577818194,0.15302278682810008
10581368,0.05476731233281915,0.07333569016560197,0.04665665929956419,0.12048051592435609,0.04904278373304178,0.3546434422817063,0.03799497929547519,0.07632168126402808,0.18675693570340718
10582173,0.029291892322536428,0.03225724673156369,0.03145288271894854,0.032144021948249946,0.027904815335033292,0.6618001668851453,0.02998865526797531,0.04172224072516367,0.1134380780653838
10582418,0.49846135680404535,0.029898635384964532,0.02268452985778779,0.023752152138485895,0.03135134862891792,0.22519126333676623,0.021749725189140815,0.026341511334871233,0.12056947732502013
10583009,0.020947665347474952,0.03255308196887628,0.02432628500721769,0.021169859303392262,0.021715065761447345,0.37089672684143943,0.4378844640467552,0.03256894003695932,0.03793791168643759
10583434,0.0283348080233725,0.12517597866789937,0.04229422977293931,0.045273620946725865,0.028074304103430953,0.4543450838219853,0.10127781965984148,0.04552109531079437,0.1297030596930109
10583521,0.018311385797079423,0.018857286155346882,0.02028272796518931,0.01874538705640243,0.018261966529636263,0.43943693203325074,0.3963927561690922,0.022625195160102834,0.0470863631339
10584210,0.02448268472521336,0.025446499228831528,0.028269464266093936,0.028395181747948032,0.024310252366408037,0.5411240449336923,0.1288045032667081,0.03750855307851838,0.16165881638658636
10584222,0.020682767327842147,0.036969487962991286,0.02148395685320221,0.019987809924533646,0.020403913585892275,0.5269024183811999,0.2376135111278834,0.032989771075729264,0.08296636376072586
10584314,0.05780127661020483,0.02897294769067498,0.040004867975083444,0.027391695186264706,0.027708872230816008,0.19176353174201766,0.11357223148459875,0.045986384259676355,0.46679819282066315
10584430,0.02633487037718918,0.026079847336696868,0.02886931054265876,0.026925507486067222,0.023317001908372773,0.1743242400800485,0.4988501824751579,0.035952220876383056,0.15934681891742564
10584519,0.041976191452130066,0.10757224588246228,0.032327331530652134,0.028964474231971675,0.027142823369191264,0.5254327667520113,0.08553302047477966,0.05949891766312469,0.09155222864367685
10584820,0.04397676191274127,0.1477129168671175,0.02619120789492113,0.024948521398573176,0.06015741040923509,0.5337387628430748,0.04222094619747575,0.037327103229736425,0.08372636924712501
10585136,0.02463661866764259,0.06373411330594607,0.03347226175230669,0.031273076026179666,0.024041566673362828,0.6630924155490523,0.03425864717976554,0.05237554208291618,0.07311575876282807
10586849,0.04263327478743155,0.06635389026505271,0.0281193242900939,0.07591687765150518,0.02604854607296752,0.5524265369018053,0.09778066595489739,0.04141090971760506,0.06930997435864136
10587734,0.07436999912183588,0.04699663520797709,0.04639110510118686,0.051047738408008775,0.04357132114878712,0.38417010415969366,0.1513285420183626,0.08525968304000249,0.11686487179414548
10587840,0.031194307412161885,0.043290671164794556,0.03515722106188599,0.04511219009605302,0.031076432343443386,0.5407500554627298,0.14753086658635106,0.050394626926364,0.0754936289462163
10588529,0.042549081495730584,0.013880750302720662,0.01214751590899655,0.012117993952763834,0.011528812774288502,0.048851026496079815,0.7370267145553492,0.01705937464794407,0.10483872986612677
10588664,0.023683430797459878,0.01589546386096366,0.015855520785267193,0.01647734829921389,0.015084460999363274,0.06352269437672957,0.6527022724520275,0.022407826842051646,0.17437098158692346
10588792,0.047229138747124186,0.01751009089602247,0.01686400530777312,0.015185920231270512,0.014820481970282134,0.05612595200969089,0.562908666264206,0.03139648833761164,0.23795925623601907
10589349,0.026288149161985238,0.036952453291274626,0.028686158858864927,0.025197776511980005,0.02570764458545648,0.16970942530832678,0.17818774224098333,0.05114682625844754,0.458123823782681
10589410,0.22103286047464285,0.03772507855954226,0.03871751315924243,0.03753473727380807,0.0372751502360749,0.31524055490122704,0.04274157347847437,0.09281632157840351,0.1769162103385845
10589411,0.06072230257964107,0.038751335117453704,0.03669301444150419,0.034520531181505686,0.0359339163765709,0.251025896932299,0.06095006006400293,0.07215008288785504,0.4092528604191674
10589472,0.10520311368933292,0.040555516495470664,0.04714640071949186,0.0361587529318344,0.03486037069842887,0.14953134891566414,0.05271211750483305,0.09446088727583576,0.4393714917691084
10589485,0.13636444150165627,0.03405533789187774,0.04154484090135641,0.03665532157020139,0.03588058727569853,0.15220864439739973,0.04071157360960946,0.05925126323554272,0.4633279896166578
10589763,0.02272299424200088,0.028770368420745106,0.0324143478836013,0.031666598252983263,0.02244934423591021,0.7116451002641404,0.04239192796309302,0.04996699379094721,0.05797232494657849
10590733,0.028047471252517397,0.05854419512073658,0.028789415985304614,0.09678946633983405,0.03183495424487359,0.6343991921765972,0.033178403348241195,0.041494620525999906,0.04692228100589539
10592587,0.23509964739221262,0.04716544693381917,0.05989487423556025,0.041515440172709084,0.04962931813551346,0.28911339654688717,0.03927062577235187,0.055345964713321635,0.18296528609762477
10592944,0.027290132721104497,0.06640486198298393,0.029665731972980298,0.030088834950466894,0.030148207943373216,0.6741104196823664,0.02868848686836077,0.035694974295694355,0.07790834958266962
10595034,0.024930660752689335,0.0330833892067697,0.026005295440208447,0.025474121664701834,0.0734252823680975,0.6122968257888348,0.027914125709495495,0.04301134554748848,0.1338589535217144
10596119,0.02419108616887064,0.03567039257591264,0.025798253885583565,0.02493542450306834,0.025168710546580233,0.6681112015052353,0.05089823943179539,0.04439744820065889,0.100829243182295
10599481,0.014194396882414457,0.07773300257581124,0.014954554095834252,0.014938932908992439,0.014240054611173777,0.5868452484837232,0.14636497155483327,0.022434337964942257,0.1082945009222751
10599552,0.2635916608859286,0.02969768789214914,0.03439362760562667,0.02984498932219895,0.029434223021429923,0.3231032315992029,0.05451436900705711,0.04464812771137995,0.1907720829550267
10599609,0.07400803079336392,0.03490700066096454,0.044708658183220604,0.03597389063825532,0.02796529869443868,0.20206978554171848,0.12005488025401814,0.06169675266128582,0.39861570257273454
10599643,0.018966791810047685,0.02313471463458223,0.028331588376582846,0.020032513320613503,0.01898653569118538,0.616826437330249,0.18699519993238403,0.02351760723116724,0.06320861167318799
10599718,0.11115651599713634,0.04476732005157589,0.03939831277975235,0.038388259162056994,0.03910345098729388,0.41388642434749645,0.07957217937495428,0.05502390116232963,0.17870363613740414
10599755,0.04440598619879345,0.02835627758917327,0.02823915868827962,0.07587461426951873,0.027867523209124195,0.434586050310906,0.19513582962994475,0.05969571862321243,0.10583884148104755
