track_id,Clutter,Cormorants,Pigeons,Ducks,Geese,Gulls,Birds of Prey,Waders,Songbirds
6868504,0.08576192038590082,0.0708021020221472,0.07616299405002415,0.3956327581367883,0.14911134419159258,0.06370407494689612,0.02245525590807538,0.07587863643837292,0.06049091392020261
6868536,0.08218758428866174,0.0823491933206511,0.0798461812628598,0.4275250183051337,0.10769758938126359,0.061920574535891434,0.021574681206459702,0.06665956601039114,0.07023961168868775
6868565,0.057326795584009785,0.07954980038088441,0.06607944866811782,0.38812777288365796,0.19426666884781157,0.06334051224997224,0.02129782077150011,0.06894897722551943,0.06106220338852673
6868861,0.025649095271827224,0.21212258659377017,0.030541457112999597,0.19424943825330113,0.3795458747711245,0.055746158471036464,0.02072804442636981,0.04719419969718703,0.03422314540238396
6869275,0.016094052419797323,0.17412177827311992,0.021250610008336574,0.21072054864381007,0.4505783851807056,0.045204826013102384,0.01522512654689449,0.042252484742939606,0.024552188171294065
6871418,0.03483327504989689,0.11492308931032899,0.07725542319596447,0.3782470794840596,0.11163549153935366,0.10722321960707407,0.027576190682497535,0.07930614044107323,0.06900009068975164
6872996,0.3568059483988989,0.05893020436981266,0.04390983636413841,0.03735447468220696,0.06383530164988901,0.13658024814187997,0.08552000968301815,0.05056735998693143,0.1664966167232245
6873817,0.07274102698886528,0.11163224143670934,0.04948890795299268,0.0510651899744787,0.187997559990133,0.3203254432604792,0.040288086239839274,0.08151959032311687,0.0849419538333856
6874023,0.01897483868621392,0.08994353648122567,0.04126375167341487,0.040303218084139905,0.046358245062335504,0.5853374393412959,0.05612288860710274,0.06189980072347001,0.05979628134080148
6875504,0.02287416891230348,0.09151974630180962,0.05087443053711666,0.03949756015775708,0.034830607515106284,0.4087695174815962,0.07944072325518185,0.0643458902986646,0.2078473555404643
6875899,0.022036433140129326,0.0688351669043146,0.029117989528126824,0.02657616144763247,0.027660310596921294,0.4502616660819228,0.195886038631438,0.041516912312860366,0.13810932135665427
6877293,0.04145078297641371,0.0475635764825234,0.04443808651784118,0.061006407465986144,0.023508289036481715,0.09153850653870209,0.04893442307367858,0.05309274643030473,0.5884671814780684
6880408,0.029526899315040846,0.05616071023584147,0.03922260197127256,0.08714201920974027,0.03263830230810286,0.3895126633673592,0.1385637342251101,0.054824640618784955,0.17240842874874787
6880690,0.020278966831108046,0.04482948588713115,0.074740596985333,0.10615085085907267,0.02697037863438223,0.449250270233887,0.047345447950224134,0.059599489378491646,0.17083451324037024
6880833,0.038650064098006476,0.028614822739266525,0.05304901531761331,0.03305278889964013,0.0234706525574382,0.12283522087978728,0.22328799471862237,0.04802734688526357,0.4290120939043622
6880956,0.015374479869586162,0.05852912459752929,0.029211128067222605,0.029501912881320595,0.02833952721290653,0.6477999831254178,0.07628419247890425,0.04797888638614275,0.06698076538097009
6881733,0.018316496288588086,0.019775441130074647,0.01634627852288651,0.014891279461585583,0.01478323575314179,0.14133395096249782,0.6990104592167329,0.02030711093184434,0.05523574773264835
6885154,0.09112332223432304,0.055542889317766575,0.052237482178493534,0.05742823380635102,0.045381452248299564,0.3474436930988233,0.10006667142746019,0.07590310053893862,0.17487315514954418
6887294,0.038044175019721356,0.04474902488677067,0.04660591076709504,0.03920965798614472,0.03200355925237973,0.48411336037120917,0.05930549634330076,0.060663537066131666,0.19530527830724695
6887586,0.059624976306213835,0.046588498380028404,0.06742435241952165,0.07103078547869053,0.03126553440697399,0.21436907993574147,0.051860655303866146,0.06336020909135445,0.3944759086776095
6887600,0.0347339351936636,0.028846928026052165,0.051656557144427226,0.06048164063436874,0.020678977432133643,0.10237774639841074,0.042571494248298744,0.052045731799757314,0.6066069891228878
6887637,0.06742509247637118,0.10758218734307656,0.050584995560577,0.09176672934833624,0.08329661545154879,0.23175493301150962,0.07327868328823643,0.07060095986207501,0.2237098036582691
6887702,0.07647160797756945,0.035063370852553996,0.06381938374871934,0.04230281523327017,0.03182917860118146,0.13437943304927114,0.14922377623936156,0.0580107603848565,0.40889967391321647
6888243,0.04190406016814183,0.07082555033318153,0.05423686947503764,0.06786233079853471,0.056973959140557334,0.19943479848002635,0.057606026837802304,0.06090967878805773,0.3902467259786606
6888737,0.025626209787007546,0.06081307915471774,0.06313143151940358,0.11173905633855948,0.04073048825670368,0.22540957910804038,0.040985768781085126,0.0623536386380988,0.3692107484163837
6889024,0.061969190530415594,0.02388338280513617,0.03286996004981739,0.029016562529848456,0.018972187621370568,0.07441138910789521,0.2796988441613145,0.03423171000056337,0.44494677319363873
6890285,0.05642149032063091,0.08620485713686363,0.04387297478226878,0.04310705456253772,0.03241738243924357,0.2981073653068384,0.24431177739358456,0.05867226631950412,0.13688483173852842
6890416,0.03250950208314886,0.04876551001477036,0.06734952809378456,0.04071334198876808,0.025460926824624593,0.17995414556396377,0.11174335411597677,0.0672126559252084,0.42629103538975466
6890579,0.030662429897376584,0.02420669883945968,0.05191196266667063,0.02494940643284028,0.01698360952128916,0.08301780088527094,0.1607271857098787,0.037129006657568665,0.5704118993896454
6890917,0.04037679466665696,0.031586327848288666,0.051771834430496155,0.027733440617228555,0.02515642016372111,0.1486691995157885,0.31522890617836474,0.05465047593330759,0.30482660064614775
6891091,0.03685505351809281,0.03917609022268183,0.07517997152213356,0.2184732516931852,0.059636965932461344,0.09642877502490385,0.03566478005604221,0.06231927877498765,0.37626583325551155
6891208,0.023625685546169124,0.02466370866436407,0.05012330432510721,0.02608657371136281,0.016462048081222036,0.14258980443653319,0.10558728107985507,0.034764014396478915,0.5760975797589076
6891245,0.03687384149770767,0.03533749503328407,0.058766642735200894,0.031176482384203275,0.025853285627883665,0.20705655629349698,0.2111387065267248,0.04916385809465253,0.3446331318068462
6891309,0.026004352546123516,0.036663498187387414,0.055984531892762666,0.03342875660359684,0.02315270295955285,0.1299054177278297,0.1467812537259185,0.049614041311727905,0.49846544504510065
6891366,0.04405189410866435,0.020813870183680985,0.030605764766958664,0.021822120715595028,0.017028748020968938,0.0910126501867588,0.1718896647384336,0.03550195238900824,0.5672733348899314
6891473,0.03739358815645842,0.041477812532900206,0.06923846181373686,0.0578973444950449,0.026529941302581468,0.2704186961564363,0.054924462517300376,0.05809744543074735,0.38402224759479414
6891484,0.02111371661614546,0.023763411167786706,0.03284327263117627,0.028308415472771624,0.014433752217252002,0.08072625792011914,0.07409870503621283,0.037364804245861805,0.6873476646926742
6891531,0.04111950343740864,0.03868228373098687,0.04457112422049511,0.03583536202432089,0.027449449259341754,0.1475499115165741,0.25221524005502544,0.047832808653676326,0.3647443171021709
6891557,0.03204933659883268,0.03386865362865917,0.07969400318299161,0.041953209692716056,0.02068030055025822,0.09742371297225864,0.06798402035591379,0.04655205349385328,0.5797947095245165
6891579,0.02668013906451235,0.02920457502101655,0.047485588507127544,0.02791730000341892,0.020682619726164975,0.11800175291335896,0.17525504962241129,0.037397371569780825,0.5173756035722087
6891867,0.06785608785083991,0.03160728452047043,0.05121142571008807,0.042480899290214036,0.02714197768035343,0.10667605087781643,0.4252242510988879,0.04323279864222053,0.2045692243291093
6891888,0.03502040245031078,0.025288770221587757,0.0417487881060264,0.048403989463288805,0.018971069546264888,0.07417528463705785,0.08536904134760766,0.05053863106331362,0.6204840231645423
6892297,0.05299634875206391,0.017834526697700418,0.02581517488637855,0.01791985884929124,0.014251044317498508,0.060582317281302624,0.41834181240276214,0.026058440328843874,0.36620047648415865
6892562,0.037475927410094756,0.03225342893875924,0.04000610364079296,0.028305155856358812,0.024121345541116033,0.12957824308322224,0.32538366762002496,0.04523341863553451,0.33764270927409656
6892587,0.05321215069931656,0.03422408369609191,0.04866797693349659,0.03722727782463539,0.0281488359228716,0.13810654812401665,0.24706539725828625,0.05999628642822929,0.3533514431130558
6894293,0.025949296065924957,0.3520679213506898,0.045863749133761726,0.17684533643580422,0.07470435226138261,0.13469268358848463,0.029927445660636993,0.0895838407615627,0.07036537474175236
6895609,0.024048844854303218,0.03580933363493179,0.09520117537695107,0.15606368709856555,0.023081524555948054,0.12659891266873935,0.06619266050120165,0.062452351851679196,0.4105515094576801
6895723,0.038966869810817345,0.0366079063618783,0.0423816592715759,0.027167559573756182,0.023436704502822044,0.5331921280423692,0.12851352737933386,0.051609605744336415,0.11812403931311088
6895905,0.027522707889565123,0.03847841137727462,0.043363321398784974,0.026145790177334993,0.025272371896400667,0.45074755645627973,0.19434998492893535,0.04943125644017443,0.14468859943525014
6895906,0.04164345371392679,0.0398382583671439,0.06749398144500485,0.031460916749015425,0.02752631140661725,0.40848176974068817,0.17091824741359016,0.05334276329196867,0.15929429787204472
6895927,0.05020883878884301,0.05260724618987322,0.0516402898272011,0.038496435583722816,0.03330748782936105,0.49057790129349255,0.10661801782203476,0.06257017216188056,0.11397361050359099
6895938,0.02599444413807235,0.0388721813466702,0.040745002141689704,0.02374550953090928,0.026052123172325244,0.4461257446894544,0.22719200255232652,0.045719074872070095,0.1255539175564823
6895939,0.025417797073232915,0.03726357273892404,0.037825573386529934,0.023188557194035772,0.02486477236111883,0.5416395286517879,0.13922901021787532,0.04502196792190136,0.12554922045459405
6895948,0.02671803220626469,0.03765475560460024,0.03783092278542717,0.026081335321008925,0.025831962523237263,0.49886772114294514,0.16101229593436592,0.05046373956697119,0.13553923491517952
6895973,0.037008064302663304,0.041064121403934076,0.06458274019641416,0.031402957483178326,0.02652426272034837,0.4260528607202919,0.13666438218675733,0.05595780947089751,0.18074280151551506
6895974,0.02683091793390751,0.034762086619798994,0.04160117087761271,0.02385370837851465,0.02254280572552423,0.359257859640228,0.22239138740280073,0.044228477233588664,0.2245315861880246
6896754,0.02572179730206066,0.027967475356803898,0.050442025593471405,0.02593080351869423,0.018677996943414592,0.2172468015556384,0.1573193710322506,0.044623216680005615,0.4320705120176606
6897915,0.03124226675928767,0.1034799620475378,0.08276962841743857,0.15944618392476623,0.04945982825067877,0.27213658562748244,0.0679060333757576,0.09657033426066904,0.136989177336382
6897964,0.11672237115639274,0.06494557537698296,0.06654188638055747,0.07313229419545206,0.09168639047697033,0.23170927186674456,0.0651501942399143,0.08276973146365751,0.20734228484332812
6899282,0.029641998992208984,0.02355380156744724,0.03422495732217515,0.022597213077118282,0.017554502292682413,0.09992961137153303,0.3934296449673027,0.037772730134671674,0.3412955402748606
6899294,0.04219922876827282,0.019803685282836825,0.02742724550218293,0.021622735129249088,0.016121752087457898,0.06162595248365462,0.5520645217650153,0.03149300821836819,0.22764187076296244
6899376,0.027651662086320604,0.03737210258613335,0.059449764874378454,0.0344198046976356,0.022380501122309313,0.1043798666419269,0.14505306032136123,0.05178378092059334,0.5175094567493412
6899506,0.0307193388276223,0.034295991059939274,0.02912155734024375,0.021958018416276683,0.01955058167409352,0.31052209148938487,0.27756069567973973,0.040814031135309306,0.2354576943773906
6899530,0.046236818955000876,0.029872168741029576,0.04473993011807334,0.0738360053447158,0.022798999959650075,0.14498725684571967,0.050987828183649914,0.07083962348787753,0.5157013683642833
6899560,0.0434649798901626,0.025098593634958834,0.03576953531199545,0.038577145798353696,0.01956409477179923,0.14392373908109163,0.12154452715047886,0.0455666965731719,0.5264906877879878
6899670,0.048325255995764406,0.02728622728721502,0.044470208886456836,0.03155099683656102,0.0226839681024478,0.23477458557041514,0.07812360208783281,0.05361719732910804,0.45916795790419906
6899695,0.03224508812528688,0.029057298379973017,0.04152999760865059,0.03708529884632343,0.021722839443588934,0.1438338328360511,0.05731388912443828,0.04730388866570148,0.5899078669699863
6899730,0.05333922767459204,0.039263166535965344,0.04654591173465516,0.03764755865500532,0.03106981403618152,0.2667753896519795,0.1955190168790633,0.054094682403152225,0.27574523242940563
6899754,0.07668357192113127,0.03711393095138513,0.059493038900600245,0.162597850371352,0.03306168169241912,0.11601113852605296,0.040749643770608454,0.07796018629499647,0.39632895757145437
6901206,0.02906469612729253,0.041435937609830435,0.06073100861245881,0.03466518290444211,0.025272211452475185,0.26788452954354347,0.23717741005342843,0.04945272825145741,0.2543162954450716
6902131,0.01761181910193855,0.030096322830131347,0.023736091173087785,0.020650585834585355,0.020306467282101108,0.5780336324715465,0.20989030018777285,0.03717744687136399,0.06249733424747257
6902271,0.038139460059893326,0.06355748051916268,0.05463334780825219,0.07850067002091952,0.049464477041303204,0.3875896390040835,0.042450324454330925,0.0808009476105394,0.20486365348151533
6904326,0.04945283756913936,0.022650260319817754,0.031138168160643187,0.034428067305726284,0.016493625522309624,0.07940795879511262,0.0899818867044573,0.046050431012352594,0.6303967646104414
6908023,0.025173639586179526,0.10487921933451483,0.044661669742501534,0.15741876129780769,0.054466360038090425,0.38633039056701546,0.05752263827820457,0.0999119334080405,0.06963538774764545
6908625,0.03084197234357191,0.02983457911677873,0.031319134176090176,0.025691940685487302,0.023897219243868492,0.22366617466808597,0.4398755107100691,0.03977645471051161,0.1550970143455368
6909657,0.024011487929419373,0.023511697163018305,0.0272244953914359,0.021942949019772725,0.015653699507039417,0.08978313251128359,0.18388496810611504,0.03272609588193179,0.5812614744899839
6909786,0.08279157947694547,0.029679707370825953,0.040196378069371756,0.04503515561872448,0.025024794671975947,0.11289168643946876,0.14534155795941614,0.05477781141437986,0.4642613289788918
6909952,0.03090420803635526,0.019749917411735842,0.023906412581853602,0.01981154720126071,0.014527800517930952,0.07273374714632688,0.26826780811586204,0.03129488299384516,0.5188036759948296
6910003,0.03949502077804886,0.01876394554648301,0.025862958241551735,0.022361785784551863,0.014906669467638509,0.06600664178856541,0.16432091827559261,0.034630732773438686,0.6136513273441295
6910407,0.012009688334196137,0.041803293660059665,0.01663523941174025,0.02237630910091732,0.027780750420938888,0.7642021301710995,0.03930346580014775,0.03772850972744666,0.03816061337345371
6910422,0.04634171700772442,0.025415002595634003,0.0341951155385172,0.030599368561174588,0.020296686915091275,0.1127729543015172,0.19418292654953248,0.0392026078519846,0.49699362067882424
6910425,0.04520060525238438,0.02102199748092779,0.025146567335445045,0.025623349390400688,0.016109746374344754,0.0694928160872478,0.17755272706472747,0.04009277720968746,0.5797594138048346
6910560,0.03842391972915035,0.032126791661662255,0.04613063148807532,0.1191159981277908,0.026693151155907854,0.0984599225586262,0.04973682905981069,0.07673058454677024,0.5125821716722062
6910590,0.040473751910886646,0.021474273876644932,0.027691044678452213,0.026734952854950842,0.017318480061714436,0.07256953203351343,0.21496592276322452,0.03473088531846938,0.5440411565021437
6912744,0.011712360877406128,0.047090642558159465,0.01571453348094083,0.02487321383954378,0.030037728579295882,0.7452062613197461,0.038221519655989626,0.04658190571831074,0.04056183397060746
6919118,0.03048501317440905,0.039667645463867425,0.08275284726709509,0.040371014401535746,0.022908558342191583,0.31605735311633154,0.13447902125978053,0.04871980125646211,0.2845587457183269
6920152,0.03088726291822897,0.0386861888115247,0.09682667669458486,0.03782789328388633,0.024032769030065276,0.3372617290911659,0.14770684591234354,0.05587240601837677,0.23089822823982362
6925791,0.022474061270023923,0.03897539258013719,0.030619838544192143,0.03477155292215902,0.02611139206253705,0.579160601735621,0.12296836669024988,0.05854289404963933,0.08637590014544042
6926246,0.057047760115094506,0.03704488813659317,0.03556618710807192,0.03256258245667163,0.028982098491402913,0.41576487563582143,0.20969533858180556,0.04872178249783041,0.1346144869767085
6928841,0.03966744043000222,0.07788657010770182,0.053712280736253684,0.3563753805481831,0.07122407618766155,0.15077285094565945,0.03634132002044067,0.15154391401936407,0.06247616700473353
6928933,0.03702294391244147,0.049818739861729223,0.03794232416986597,0.03155707385512661,0.036576359420374197,0.5350573399985478,0.1361112610000903,0.04974130576228743,0.08617265201953704
6937241,0.051364981938687194,0.024864098729045728,0.051376680790721274,0.06958311781593837,0.017885452527617085,0.07592641442080758,0.05135965057105931,0.06636748347088713,0.5912721197352364
6938426,0.01405796303022606,0.03379422867522202,0.01962063535814403,0.018463840119769655,0.018518428199589407,0.702201044398592,0.11425252322640947,0.034655884636937015,0.044435452355110226
6938530,0.017540979851093097,0.03950596335049945,0.01898099274558669,0.019777247342095176,0.02117833326948482,0.6628791659167043,0.13464834343409376,0.03877266768698216,0.046716306403460736
6938682,0.024274843385229686,0.024081256135394677,0.026025863192437087,0.024823061955564513,0.019796145502565428,0.16308648371780718,0.4275977377466069,0.04189823031544509,0.24841637804894945
6939166,0.012280233397055779,0.030820572596379846,0.014528609051969737,0.01583244738747289,0.016566740513340783,0.7259892221422058,0.11297469039727769,0.029998072985861914,0.04100941152843551
6939222,0.032638446317078434,0.027598238554015022,0.028865344949544302,0.02513105655878052,0.02429538215077594,0.16985851022244805,0.5427999155473174,0.04311635270542875,0.10569675299461168
6944591,0.05510261956023327,0.0338948782138664,0.05209405327961325,0.0333511730590636,0.026205329579726037,0.36337298373226723,0.2658115422277712,0.054049710420088715,0.11611770992737033
6947293,0.015691545501991824,0.04548051099835829,0.03537967927358707,0.028331337766467873,0.02699092692614121,0.6630658409626022,0.05597626224417774,0.05070127562445186,0.078382620702222
6952804,0.03267938559550365,0.040319685595131084,0.08539881318727305,0.04898036905535782,0.03343502417343651,0.4519689026442735,0.056384371261776096,0.06876645999605807,0.1820669884911903
6975207,0.018370920039879494,0.037661572120197905,0.03947954724025929,0.028671092531261058,0.02301106092967324,0.6837915629805296,0.04394573772386732,0.062382693994278586,0.06268581244005356
6975472,0.014090501799807982,0.03171268205513638,0.026932022098745137,0.020243215748350304,0.01915156542956151,0.7174090323867067,0.05809848472829836,0.0505006328553869,0.061861862898006686
6975490,0.012027234161016103,0.02627433909934775,0.01978759012456116,0.016890340891728316,0.01732293400606544,0.7636463947636338,0.03874737746989463,0.04807360208323446,0.057230187400518315
6976427,0.010841904467414634,0.028382201215839176,0.016197430643750094,0.014773399479076063,0.015249252641527915,0.779303021967459,0.045239304303535705,0.042489627881365115,0.04752385740003226
10551287,0.04062177344763715,0.05908293863350884,0.037252487018823326,0.05748952285546577,0.04652545286915748,0.4617045363618259,0.10916928511775184,0.082013372696866,0.10614063099896366
10554874,0.4513823504248623,0.061603878779367655,0.04740680799330034,0.04243599801497813,0.05034124827455808,0.1081309518699829,0.08215945268857709,0.040457327570037484,0.11608198438433613
10555071,0.037332167115143915,0.047059410379361524,0.04208850936384281,0.05139225128368187,0.03309527324827763,0.2501243226751928,0.18598411702841777,0.06765347135512177,0.28527047755095997
10555459,0.032625184291390406,0.06790343872409718,0.0722728587954437,0.05284560520318,0.04559487081855805,0.3119721341295312,0.08464845128903618,0.16554054602544063,0.16659691072332272
10555968,0.07909933103082782,0.07195991181115702,0.06459526399472042,0.17155644130505188,0.19211914750216996,0.15485325941662603,0.04127339476838049,0.09555581860824926,0.1289874315628171
10556692,0.061254874171227325,0.04753465985484108,0.057006149173585874,0.07174309792269867,0.03743739782512081,0.2236941850685057,0.12531813156249666,0.08913470881130486,0.2868767956102191
10557065,0.013070224027275687,0.057601569382117995,0.016165872437429403,0.032331683701531964,0.03887398020426943,0.6733090371378094,0.06049314868201212,0.04580094832815983,0.06235353609939415
10557235,0.019557706088691774,0.0604183789842285,0.03664450125473392,0.0725047851387415,0.050267760987270864,0.5717863562633138,0.04266092984860144,0.07819074127380343,0.06796884016061483
10557310,0.057170067841791516,0.0868280062848478,0.07044830398000726,0.09126299414862832,0.19378847855640685,0.1443283926069999,0.04969478950983876,0.07896281270163494,0.22751615436984474
10557603,0.031230799121507467,0.06580596393386587,0.04031625414924263,0.05839926069613481,0.03800877236340077,0.3805514464517571,0.0872140164159031,0.06863282493935863,0.22984066192882968
10557649,0.014158692055519742,0.058239162239592995,0.024441377212966166,0.03939316670851178,0.04850127789755802,0.6564063827914473,0.03825562217742201,0.06739489214124209,0.053209426775740115
10559369,0.0557623494218782,0.058302699776373985,0.04529357697964799,0.04883617276967628,0.04571371830800664,0.393288683357792,0.14110751905335192,0.06079161735538886,0.15090366297788405
10559516,0.030466407740047323,0.0731047114170651,0.031981259358076455,0.04769537214860757,0.05370634913813212,0.4402252337340561,0.11397619782426247,0.06759605015906103,0.1412484184806918
10559765,0.020881256578891755,0.07301677624359379,0.027095465308051438,0.03847928471399,0.0384474924439284,0.4924134411707398,0.124932610072785,0.07481185981218545,0.10992181365583442
10559904,0.05994459341837011,0.059996206320573155,0.05859141795511421,0.06087764955250711,0.05080246659834001,0.33835989413568723,0.11283434523041,0.08007643962859241,0.17851698716040576
10561136,0.06805332249018609,0.06284547600576681,0.04609292029916536,0.04727703045966701,0.054603564950616065,0.39944833880890757,0.07948816534513241,0.06607861202680296,0.17611256961375577
10561583,0.052913088815337544,0.0695985308787064,0.0558838846055512,0.048567776557106826,0.036798709733915344,0.27217079193702254,0.1657460903668329,0.10365687906787732,0.19466424803764992
10561870,0.027053734427849738,0.055832213139528165,0.02651877420178423,0.032115122556248196,0.03929969973703903,0.41316118587891626,0.2584080060819565,0.055610974397884747,0.09200028957879312
10562711,0.04887866712710344,0.11289463605441297,0.05638458562315538,0.13281995087815368,0.15166598002853654,0.1444585674109225,0.04554091991524396,0.08750713167473184,0.2198495612877397
10566953,0.022764757003940598,0.05182444017563509,0.024492139365227036,0.023622833962163102,0.02435033026554141,0.3000056795764608,0.42123796755126813,0.059958051483529284,0.0717438006162346
10567563,0.09460916150680648,0.07510021084720497,0.04038352605623157,0.04615494453798646,0.07426222033644365,0.3179742694064349,0.08261618665381337,0.06379423174857571,0.2051052489065029
10568512,0.0466717710002728,0.03669644449588233,0.03585470728822174,0.030579538767665525,0.027695177550412002,0.21434250064226035,0.39304145517962147,0.05822076493084808,0.15689764014481572
10569249,0.03108550194320749,0.04859685774316504,0.028931345155927563,0.03449558887699904,0.03209080933115401,0.3114596492800851,0.2134546664300152,0.06834835355300081,0.2315372276864458
10569900,0.0375361193149539,0.2140712571529324,0.038719536781288845,0.09154945050937731,0.33134431854792745,0.0847763543489399,0.04398866073283954,0.08617993112612038,0.0718343714856203
10569996,0.03523039186868068,0.04038038718568737,0.031534661596024485,0.03256123437226586,0.027496445004599187,0.3031032700737741,0.332438866357725,0.058558737843374425,0.13869600569786888
10570047,0.027661469777334108,0.06167227922983087,0.03023755300063663,0.04024101366664802,0.03814557648478441,0.5071589321167476,0.12161239427171036,0.0809703925496374,0.0923003889026707
10570186,0.05677944547882258,0.060530504829258314,0.0382869700961851,0.0481115025720993,0.05314736977571248,0.32707991413945026,0.16241700211399018,0.09123183979894697,0.16241545119553485
10570190,0.02080062082997442,0.046240289518261424,0.020454990827723257,0.025744367687960578,0.0299762948755073,0.4924221583239988,0.2437923960646774,0.05300682406217008,0.06756205780972668
10570281,0.029957828866704977,0.04334073669933521,0.028235701217151257,0.034780365681920784,0.0291871374473993,0.374238845120511,0.2676944967927772,0.06435544311165461,0.12820944506254567
10570444,0.3216669206265741,0.04577760306257493,0.034481519718832,0.06499632565071146,0.05462839775226699,0.22123647044493133,0.057499378665869696,0.0747853947573155,0.12492798932092396
10570516,0.057495030055884175,0.05304856363751243,0.0398420388082563,0.04542290392018822,0.04189762619143374,0.3785935228953379,0.12282263756702536,0.08035227489617747,0.18052540202818446
10570563,0.03908848167686715,0.03241519768370669,0.02733270032005473,0.02924688404237033,0.022320766364410972,0.2262662080739828,0.400948807706752,0.06049186317881375,0.1618890909530416
10570908,0.048940570184668714,0.04049941441022762,0.02542125590329651,0.03104062001787838,0.029758573930405312,0.3372210561598118,0.31551027207877913,0.06682729091035022,0.10478094640458246
10570962,0.036971461216455226,0.0629212329262884,0.054494438390614935,0.040283247944797304,0.040603010905898955,0.33474935616657375,0.08728832021709107,0.1957884568318134,0.14690047540046708
10571126,0.06804837735606142,0.03632159102639604,0.03809997780640491,0.038443228499354526,0.029251419716061867,0.22036045355360898,0.19317419663372007,0.07612985891171552,0.3001708964966767
10571129,0.18293219725989118,0.05112977211103109,0.03862472383905147,0.07867488995652643,0.050378241718156205,0.2947906072613319,0.049973150619193274,0.10283586207310534,0.15066055516171312
10571130,0.07675666423556464,0.058570089791672775,0.04876715865844675,0.12233548475474733,0.052616307116439165,0.2754142967123114,0.04383212851153899,0.11487189135375477,0.20683597886552418
10571150,0.07374068175953793,0.056836858348173716,0.03924562069927076,0.05940914398039223,0.040403650508010674,0.3711597300958548,0.092310022574723,0.07345480571740048,0.19343948631663643
10571157,0.08130061978491132,0.03754293857268303,0.035697271465594,0.03314776398507145,0.026956006012231692,0.2006496900100776,0.252322070450995,0.060248364615994726,0.2721352751024413
10571249,0.03776282055143265,0.04783332245751174,0.03296978916068778,0.03404610636223435,0.028531754439817945,0.4285359727671862,0.17564889961483987,0.07452245401447494,0.14014888063181458
10571563,0.03686018302122071,0.13153112188784372,0.039429161328409956,0.05683772581572715,0.09711940016696306,0.3239109051307487,0.07000313840454647,0.08581486988177922,0.15849349436276094
10571600,0.05281156844638866,0.055719371462650824,0.028064126528378523,0.03614532831823206,0.03954694525977707,0.46253391090137985,0.13348701977395605,0.060704040835299754,0.13098768847393727
10573894,0.05417940419707089,0.06829562388476978,0.05192253501605155,0.07212617255724652,0.04539149571624475,0.2993727267737956,0.10555373767114569,0.12370502190289834,0.17945328228077687
10574347,0.07262686248515308,0.05131055267477711,0.03935894361480867,0.0514456876984115,0.03507461721194753,0.3535146834471015,0.1354210691725887,0.07890380520816848,0.18234377848704347
10574370,0.05877699275141491,0.05152747625168757,0.035689415774318736,0.04816811786368338,0.034855306858882495,0.3499801968892976,0.13533810803084428,0.08771543840376086,0.19794894717611022
10574372,0.04677621760086815,0.05047040957537127,0.036251614503238924,0.03389632321596874,0.028315888405601525,0.2184289995199784,0.2825478660995008,0.06429568818824782,0.23901699289122447
10574408,0.0761852977546378,0.06799105755138372,0.04168107522178536,0.0967650546391073,0.08001030186099088,0.3067135824295965,0.04682985407649936,0.1020428084387483,0.18178096802725077
10574430,0.04718881895463633,0.05802952989543376,0.03782611778906213,0.04617243328282149,0.03712228043763522,0.35014345520109574,0.11730925646068849,0.08998945258672464,0.2162186553919023
10574439,0.09667156448411714,0.055488534844258114,0.040810020761688444,0.05745380389488296,0.0368269323069328,0.3258928576135733,0.11355750637687306,0.10293146726757406,0.17036731245010017
10574456,0.07334610305884441,0.05927710515236807,0.034878635096677074,0.05272973354864982,0.036905225399613044,0.32729465353549814,0.07992947873702089,0.07793994810334116,0.25769911736798745
10576038,0.20032196108455125,0.05551120357851244,0.04153905827339034,0.04801012944249738,0.05416908786345459,0.31606882494680116,0.07810137630340451,0.08086834119063094,0.12541001731675738
10576770,0.05156736957025458,0.048062744769568205,0.03815879179030363,0.07351364149178521,0.03380978385220845,0.37735241058115965,0.07851089979985247,0.08673043912271636,0.21229391902215144
10577118,0.02835633148882121,0.05442941460162946,0.03802431311693005,0.03985399750823352,0.033597499358404434,0.36561771350589933,0.1808111813695495,0.09571660843795646,0.16359294061257607
10577354,0.04986251182413475,0.044724231752176165,0.04666273048522326,0.03376471331080863,0.03017490079547688,0.2864047538359017,0.2535951604083401,0.06665102718467068,0.18815997040326776
10577622,0.024933698143234748,0.06107061849704015,0.0348630474793591,0.060813308364533795,0.028924662050166056,0.38762960062512664,0.1676700359151286,0.07835658191588232,0.15573844700952852
10577723,0.03975409882542996,0.044666868123290085,0.04002192184172369,0.04298470784740727,0.03107359887331851,0.3635728439120243,0.1612636787983569,0.0750782322765427,0.20158404950190656
10578130,0.2772898723703028,0.053763775253661834,0.04238722650325112,0.054838759044152405,0.05281543112078727,0.23616926763196566,0.08794398109822099,0.06721502730108156,0.12757665967657644
10578295,0.033768186153107574,0.03735958374058416,0.02897221073958018,0.03335971513891129,0.02764287589172087,0.26979644637561806,0.3798368958228252,0.0553202961728617,0.13394378996479095
10579132,0.025276589171208806,0.03478555925458157,0.02586162756341936,0.026233493017986102,0.023212256511236644,0.3190699735987826,0.3779767321612879,0.04300707293887708,0.12457669578261996
10579372,0.025415873907012346,0.03839722567177162,0.02887533691420458,0.02564321126252167,0.026019022956570104,0.3438345564296879,0.3247122693305714,0.05709303555908484,0.13000946796857565
10579452,0.017693215271790547,0.05987918006366046,0.02728917142789592,0.05418688101982585,0.0649972097521665,0.5780986134873269,0.0548187076271586,0.07430422620759057,0.06873279514258467
10579754,0.01743510568602013,0.048743143176848906,0.027014878567695702,0.03990772246590131,0.05811179285071712,0.6221811721508513,0.047104396976834904,0.08787015232503431,0.051631635800096276
10580098,0.037371363228378696,0.05236863670356465,0.037209870101858285,0.03220737829179716,0.030633099934047187,0.4455384583580414,0.20622393655180193,0.08385988784937369,0.07458736898113702
10580150,0.03289261619661928,0.05084155937060845,0.032284311086757306,0.04834284332763939,0.044273075225557505,0.4525581634224954,0.13529181692222791,0.07416156354818182,0.12935405089991298
10580642,0.06411727835753088,0.05154360004716309,0.03562355230435863,0.049780473114449754,0.03801113802027356,0.4134353602118658,0.11477443370956908,0.08351265507857684,0.1492015091562124
10580740,0.05517470856654346,0.03664495820187863,0.033695300786818885,0.03962637402950777,0.0269435704099919,0.286666657062037,0.3033495705484068,0.06791679415351905,0.1499820662412965
10580745,0.03636745561762714,0.038614790411092975,0.030114062901487885,0.032869778646863135,0.025173357782426894,0.2840123144031139,0.31481791618786437,0.0628865651990942,0.17514375885042952
10580771,0.07408031981038463,0.04170108523057911,0.040404635434571054,0.0771123773279615,0.03404944015889739,0.3027546451968849,0.11982167373855407,0.11435184592276539,0.19572397717940207
10580995,0.03684255275100848,0.049522676628501974,0.04229092387822854,0.03964475709454896,0.029348736403625723,0.2888557346859859,0.1668528992869818,0.07780338660648281,0.26883833266463586
10581310,0.03434865866372726,0.044505092869571904,0.03153614599675647,0.032942358133752576,0.02981713380906619,0.28337785923166525,0.3499693421859701,0.05652531145536836,0.13697809765412194
10581368,0.08325538701199361,0.06906065555978574,0.044978150534461234,0.1481260206286537,0.07507243269449801,0.2336705439498158,0.039732789211397966,0.11214888985149851,0.19395513055789543
10582173,0.08955819307373221,0.05472352971793099,0.03665824934986453,0.04601568568379355,0.05271126577780239,0.4281081101326417,0.09635301561775605,0.06859747428716689,0.1272744763593117
10582418,0.40982923538676763,0.043935613241203805,0.03473120419714425,0.03921706202065346,0.059686012527909074,0.1692393018183624,0.06988063078683222,0.05029691089268916,0.12318402912843802
10583009,0.024123738572390495,0.03920356242686473,0.025351096452418176,0.025700136786422655,0.027622180912573083,0.27065507965654834,0.47471672824424155,0.05437611986881151,0.05825135707972951
10583434,0.03036238359714492,0.1115498101693732,0.049392826750724136,0.09956972533488326,0.0398849717765211,0.30786672909433094,0.10582944153959868,0.08642257775863534,0.16912153397878843
10583521,0.019769690099315076,0.028578778722802917,0.019673498580518693,0.02135689838270247,0.020708584404792212,0.30259517331791036,0.4730841702551075,0.03852106831847511,0.07571213791837568
10584210,0.02665089911743388,0.037549241094487526,0.03449833258409696,0.03123557865321678,0.023986703944373137,0.3309541851600045,0.2692023979944058,0.05736457202916016,0.1885580894228213
10584222,0.030797137888626744,0.04029906656448569,0.027412570692885864,0.02488191369114097,0.022554998326300917,0.3418509584410869,0.341285946308575,0.05294427562675057,0.11797313246014735
10584314,0.046056300062090556,0.034885098368179365,0.04098412305989339,0.02968502315908496,0.02524365643049755,0.1466221124765829,0.22285922417110085,0.06612896681514335,0.38753549545742705
10584430,0.04572407745776562,0.030576657003501723,0.031082590101371876,0.031668483411418896,0.023735410657187345,0.1402599718699551,0.49463110841601216,0.05028814008155974,0.15203356100122756
10584519,0.039770722754160034,0.11990081140556305,0.03529382912301431,0.03702878670211941,0.04101952674222509,0.36913955419827726,0.14778629876017546,0.09550736744743962,0.11455310286702577
10584820,0.04324628649272207,0.1429542829721634,0.028850140599881984,0.04262323964009038,0.10296617268172775,0.3712106957732625,0.09364804830258644,0.0724854040752574,0.10201572946230802
10585136,0.023520553089145874,0.11881696041293494,0.03713576245637293,0.06073900967847913,0.0420932014247297,0.4518047387072586,0.07005723407191022,0.09295718771987352,0.10287535243929503
10586849,0.04389271755808099,0.08182653822844524,0.031112326401266127,0.08204390526046564,0.041467857362229965,0.3655342476508467,0.18192123801341,0.07400652799905114,0.09819464152620425
10587734,0.07820722666931701,0.057445138104130405,0.04238812550720303,0.04912117743616944,0.045826094856359745,0.2636227747646953,0.24395447931885567,0.1036932046674645,0.11574177867580493
10587840,0.04173423798207246,0.06573230843316302,0.03770150362548928,0.05183409416736673,0.039216992799253364,0.37685584080978596,0.19843533995274742,0.0827947756266069,0.10569490660351487
10588529,0.04102237287098545,0.016899823027429352,0.01675510411949965,0.016135904444432674,0.013652608255838736,0.058041321478496555,0.6927503948843834,0.028409787100089283,0.11633268381884503
10588664,0.038499344517725936,0.019483138144483755,0.021126059485558082,0.021407973179172222,0.016929503205274747,0.07417689206743966,0.5808393947781968,0.0360874846317785,0.19145020999037032
10588792,0.04956724829119664,0.021314736693601472,0.02197610290118062,0.02121861532645781,0.017568545881974623,0.06856504337336908,0.5435320715988615,0.04234439308043568,0.2139132428529225
10589349,0.029026817063168644,0.03758754191924813,0.03333013709589973,0.03004924666109339,0.02445989981732473,0.13588111535651412,0.26211373762445656,0.06359246590950185,0.3839590385527928
10589410,0.16217292786419374,0.042658489065368385,0.04772172138628841,0.06867534932019155,0.038603207566973635,0.21974061631238428,0.0927442489296855,0.13022711391526254,0.19745632563965193
10589411,0.06808216447814965,0.039952063052190984,0.03762925318709594,0.041360616192696306,0.03543826343632881,0.2044767065232356,0.14627417501972595,0.0855601004683721,0.34122665764220467
10589472,0.08946675940964505,0.03922393722773553,0.04504045589455996,0.039159298687821836,0.03568421776415163,0.13154022422562625,0.16842056041070524,0.09724391859728876,0.3542206277824658
10589485,0.11132904963804591,0.036987385424608235,0.04499037616379045,0.05445120230294988,0.03725217906575323,0.1591426743885666,0.07767532842865468,0.08995004456665281,0.3882217600209783
10589763,0.0219566321270843,0.07142026218925956,0.03423247841720104,0.054954221275412524,0.03608129085163758,0.49714356929629533,0.09887927940157046,0.10367246337597158,0.08165980306556758
10590733,0.031053271289163818,0.08962582123196461,0.03349650931843861,0.12352915900365907,0.0666493224505181,0.44352940301016974,0.044950922832111835,0.10455537530384995,0.0626102155601243
10592587,0.2728916517588811,0.05575893955271095,0.04955157323961975,0.056208792055055995,0.06699652882506242,0.20039518399004108,0.06594605227256543,0.07173799562086236,0.16051328268520093
10592944,0.027348195415390297,0.09377113030294457,0.036234722835662245,0.06297365969550595,0.07091341201273586,0.4692727852312173,0.05831930775350801,0.08044179601786351,0.10072499073517228
10595034,0.0637318153003899,0.07075004663701405,0.03233659062134891,0.048712782888270384,0.07943324923399825,0.40939401383598534,0.07994049605146246,0.07068802012544673,0.14501298530608403
10596119,0.033173793104991314,0.06506765015331671,0.028380326911556987,0.03268172225488869,0.03581201745557399,0.47531600693154985,0.15842500911122342,0.06680284443258497,0.10434062964431408
10599481,0.018473090152841203,0.06716825007710517,0.017266033720406745,0.022051103432211165,0.026035537766711928,0.43049963372229183,0.2698870201950536,0.05027181627843772,0.09834751465494068
10599552,0.21412699505332422,0.034197349354162646,0.0384374838511026,0.03802357658377426,0.029473543697315353,0.2169064280067418,0.17742666498080928,0.062150793547905966,0.18925716492486389
10599609,0.06517461408531107,0.03223130179904727,0.04931145329187371,0.03588383439885571,0.023079505182222883,0.1402992050567235,0.2509642931467914,0.06672188966538378,0.3363339033737907
10599643,0.02080388709162089,0.030855022522879045,0.022823401459512407,0.023698162556065418,0.02166095233380108,0.42536309735128763,0.32137903960818254,0.04288646706679111,0.0905299700098599
10599718,0.10424829758980592,0.046476039397763,0.04187514453479872,0.060180682871244465,0.037717395948118036,0.297466326593058,0.12666307125149695,0.09627572694519794,0.18909731486851705
10599755,0.04360746398846327,0.0319035774493099,0.02912402527845656,0.06067809200800281,0.024777827593313862,0.2999137214828331,0.27966983096573306,0.08438365459145548,0.14594180664243203
10599776,0.04729383400294407,0.03292440392644371,0.033068569654327126,0.04202960242473318,0.025801983350946016,0.324188390319995,0.26585464601602354,0.08235084469608113,0.1464877256085062
