track_id,Clutter,Cormorants,Pigeons,Ducks,Geese,Gulls,Birds of Prey,Waders,Songbirds
6868504,0.03679906796550058,0.015947557972417557,0.1980381358679623,0.3920502273215939,0.27034011798048363,0.0728162704218081,0.0001826580024444848,0.00745970115655429,0.006366263311235102
6868536,0.015336041371464366,0.0759150095200971,0.24454007054771545,0.43122338796435483,0.014245700010200152,0.19327311001684735,0.00018531500667106634,0.007569151392350654,0.017712214170299032
6868565,0.0010992779791588296,0.0088663193011165,0.0027052224192749006,0.2519104125735809,0.6992966770677193,0.03178442972663293,8.068830064543977e-05,0.0016246043530884484,0.0026323682787828357
6868861,7.267887819219289e-05,0.005942098403640071,2.1147353942777653e-05,0.010287366938456256,0.9815888231580309,0.0019936109761134677,4.879967442106128e-06,5.880986869177321e-05,3.058445549052953e-05
6869275,4.653166808704913e-06,0.008696285555734718,8.406585510750648e-06,0.001909502204648733,0.988019026098171,0.0012552940266745128,3.0361989239413554e-06,6.0395639047989805e-05,4.340052447966911e-05
6871418,0.00047601766528793983,0.07473714087003505,0.06646973936626852,0.5535202161048692,0.08463582937486075,0.166815504601061,0.0008077478141582134,0.04252995606156517,0.01000784814189416
6872996,0.5381340635006534,0.00025256224950882106,0.0005588092600455058,0.00047137582795203577,0.007261977506339532,0.37923094577897987,0.007030632535622715,0.0005384789687861779,0.06652115437211191
6873817,0.005407452557541973,0.002009100109133181,0.0006153514203703368,0.0011891778308944364,0.06823177908056205,0.9059599421946042,0.0002683886554471026,0.00491069060179304,0.011408117549653703
6874023,7.025076107262118e-06,0.007641242842351108,0.00013815488949178603,7.931953041761886e-05,0.0002269357167122895,0.991576990485025,9.649311497527931e-05,0.00012483245040923805,0.00010900589451027597
6875504,0.0001206489601372866,0.01181964888484104,0.0013965900412009407,0.00039714716852815566,0.0006991580525064036,0.6843730049861657,0.002255665376260509,0.003843426258067126,0.2950947102722929
6875899,1.1128433841692756e-05,0.0011100840362442683,0.00012187649667156057,5.02723096987397e-05,6.013728580811172e-05,0.9889880668431291,0.0009562295363287781,6.390003600347312e-05,0.008638305022274346
6877293,7.020396993189303e-05,3.3449922116544734e-05,2.0676571854489218e-05,0.00010113316292162408,7.956730519819224e-06,0.00015756148643997044,2.1375398144924274e-05,7.787683727104545e-05,0.9995097659207998
6880408,0.00014008078093292304,0.005400797274467285,0.000288177558865861,0.027972199622944453,0.000575450460888327,0.910998355077008,0.028790491776038124,0.002311476810244719,0.02352297063861034
6880690,7.874814376877374e-05,0.0006510013650307388,0.00885701222746066,0.026363133122187802,8.521135324373019e-05,0.6560146796454529,0.0005680125610456478,0.0006696485273024868,0.3067125530545073
6880833,0.0031507454061840143,9.415556616744955e-05,0.0041547925317257685,0.000711634928641334,9.809797122532304e-05,0.015283793293467622,0.06697845416716544,0.0008900064847099829,0.9086383196507132
6880956,3.56868030960031e-06,9.53984021788105e-05,9.400363607526382e-05,2.9958098654997095e-05,5.060831651976635e-05,0.9991020487350615,0.0001753559498351825,2.375349511170126e-05,0.00042530468625310154
6881733,9.059026376928149e-06,7.934915588792028e-06,1.5443770912247822e-06,1.8190497717604525e-06,2.8197021095723997e-06,0.002956055607718436,0.9965417865381466,2.211992917244281e-06,0.00047676879027944017
6885154,0.0008773008520414354,0.0003196892413831543,7.966174130865225e-05,0.0006550965578658398,7.556427258211509e-05,0.9945594778173377,0.0005304256029624445,0.0008290240409796801,0.0020737598735389375
6887294,1.5986779487251946e-05,0.00014628415103649865,0.00018836612263527588,1.3650954072245437e-05,6.690850046617365e-05,0.9636105617990125,0.00011226560346508928,0.000173083954733477,0.03567289213509164
6887586,0.000250865659837537,0.00021413404891257328,0.005366924556190939,0.00022230461225953375,4.31095765392476e-05,0.053523784475275726,0.0003132420111068004,0.0005964963246814757,0.9394691387351961
6887600,6.93218661839872e-05,6.722999701910725e-05,0.001593122218490256,9.834802100359451e-05,1.23040455787784e-05,0.005042035981731098,5.269094844823334e-05,0.00020477668850720298,0.9928601702330377
6887637,0.00046242165884972117,0.06377027645069103,0.0008346272511763474,0.022294279103380835,0.05232049188631245,0.6248138326041289,0.004850573090365143,0.002158448569354431,0.22849504938574106
6887702,0.008212668002056108,0.00016718552577513185,0.004771806659271151,0.00012543477182387413,2.8325408299233996e-05,0.002492110378070283,0.0008719053047025557,0.0004314561674606242,0.9828991077825411
6888243,0.0001383778005686308,0.004778799336389443,0.0005834155395751199,0.0028236024701965845,0.0010193670706182103,0.05321587401999894,0.0018373115617329352,0.00040149076417257034,0.9352017614367476
6888737,5.8674982994150224e-05,0.00242820736311049,0.0017400203454190236,0.000396251474382167,0.0003416598983675487,0.038816673740162316,0.00018486458054516868,0.0008128002708370688,0.9552208473441821
6889024,0.00036694748465710314,7.903833640663575e-05,6.783070615833543e-05,5.550885973198736e-05,5.8149209638413594e-06,0.0006435900530464243,0.006000645989388078,4.6038670474120134e-05,0.9927345849791734
6890285,0.00018311017819162563,0.00111914112021684,0.00021164912161883092,0.0002236954449676037,7.471183990505738e-05,0.9282520604096205,0.06674278547762767,0.00014144205160417488,0.0030514043562477272
6890416,0.0016749847080383435,0.0032971577535949683,0.01036612781180787,0.001990373399365026,0.0002168930102187116,0.12039220767786296,0.006604781658714238,0.0066701976777677335,0.8487872763026303
6890579,0.00018860889952287168,9.61428224698354e-05,0.000504146503628488,6.510339106037587e-05,5.455716939994689e-06,0.001007507753630218,0.001328808937722821,3.6746454947358124e-05,0.996767479520078
6890917,0.0010016695730622406,0.0003001106506506628,0.014550168425775643,0.0004635851294293842,0.00023308275417164702,0.1241206335910372,0.1889411634387974,0.005541175309764409,0.6648484111273114
6891091,0.0006321258270675691,0.0028128506557212763,0.013113785066463353,0.09697794377579948,0.0011749229895289665,0.03406374345856775,0.00043029847172826373,0.0008597413927466807,0.8499345883623767
6891208,2.342986835796703e-05,4.599687912058762e-05,0.001169180733316438,2.806376248337459e-05,6.401830908044962e-06,0.0018961246624120635,0.00022552025419706552,4.900207173605448e-05,0.9965562799374684
6891245,0.00016511870165711757,0.0001685944542474664,0.008513769032472066,0.00013040244201777937,6.346211397675713e-05,0.09628056983209268,0.020027292050697705,0.0003301993368039647,0.8743205920360344
6891309,1.801255798289185e-05,4.871558996507129e-05,0.000207871765701425,2.3408790162015774e-05,9.609865377428996e-06,0.0013186450806140552,0.002478912560927301,0.00012430319240494168,0.9957705205968648
6891366,0.0006040112341921336,6.680789975551983e-06,4.4436867050255655e-05,1.2483503046660372e-05,2.0347121574814155e-06,0.0009499680947539015,0.0005167048361510847,1.6408705830411743e-05,0.9978472712568426
6891473,0.00038836140389437746,0.00041265684641364264,0.011865990744742573,0.0003483399731379308,0.00011472014844333278,0.19148107041446735,0.0014219982511573393,0.0011828290569241954,0.7927840331608192
6891484,4.184770849626675e-06,8.752958725305286e-06,0.0001066612795431994,1.2409548282645453e-05,2.664162438771257e-06,0.000642201877466697,7.550605671856728e-05,6.0264157529102655e-05,0.9990873551884462
6891531,0.0009961310875407062,0.0006933672594299636,0.0017585274862931463,0.0005237813044107521,9.08019366496873e-05,0.0195197621825248,0.09170057690084227,0.0005739985278624717,0.8841430533144462
6891557,0.0003611840985084729,0.000321590340008255,0.016374858578295653,8.790898141625378e-05,2.9512161730401435e-05,0.002190012764239062,0.0003955997175052883,0.0007012980617025939,0.979538035296594
6891579,5.209410923763456e-05,6.581286321607552e-05,0.0002600745492652421,2.9439075018110173e-05,1.7204676951312582e-05,0.003631387470366169,0.009205475070833012,0.00010236251603896822,0.9866361496690734
6891867,0.010806704203955374,0.00019802683526486781,0.0003106128169092617,0.0005818232353859277,4.37721131014337e-05,0.007544251179488601,0.6866289929232166,0.0003125950457170858,0.293573221646961
6891888,0.00037363073642656075,6.0775580454286185e-05,0.00011632220720224649,0.0010946199512469957,2.5028807592883363e-05,0.0018509136274504835,0.00035413604805489493,0.0006480521035998144,0.9954765209379718
6892297,0.0023085378647451135,2.712949668932628e-05,0.0001358772069153508,6.172342768672885e-06,2.238238559824804e-06,0.0009384569940262138,0.11807386747298652,5.336866054453082e-05,0.8784543517227645
6892562,0.0013058918409227563,0.0005062526521970595,0.0013742407632232965,0.0004571341981672461,0.0001230895954954541,0.023982735104845596,0.013817155785552414,0.0026618584413932904,0.9557716416182028
6892587,0.006610035790584767,0.00021131992540149912,0.0005700715856488415,0.0004193173356334922,4.05696743759036e-05,0.014140176776364394,0.02739826925235206,0.0005858384759120845,0.950024401183727
6894293,6.731435828075154e-05,0.9416767629284781,0.0014732784484214599,0.02736871221630817,0.0022369719987031926,0.017369550390560616,4.895149286561492e-05,0.0034481140919825955,0.0063103440743994335
6895609,2.6393859617068767e-05,7.740599487718929e-05,0.00366518237804703,0.009309200899807111,3.708526222600565e-05,0.0052958683147462495,0.00012922803311784,0.0007902867999287,0.9806693484576329
6895723,7.37567939888682e-06,6.883110108353732e-06,6.663561289396575e-05,3.327526146092298e-06,4.130850672992725e-06,0.9995599377041801,0.0001729432301802466,5.4082972795100436e-05,0.0001246833136244253
6895905,8.74890262532329e-06,2.9299792484381973e-05,0.00012021829577298463,5.948098801019045e-06,1.8771231030009553e-05,0.992856783957767,0.005097756899718291,8.32630382661254e-05,0.0017792097835349267
6895906,7.601529931117716e-05,1.847494555669645e-05,0.0006154098785055486,9.717923832404777e-06,2.063602405024935e-05,0.9846086389214584,0.005696409937144065,0.00026811877742510327,0.008686578292716442
6895927,9.932591547142944e-06,2.589428916531083e-05,8.976076400129247e-05,1.8610818710877406e-05,8.388961612777072e-06,0.9992889723829006,0.0001620160797357771,0.0001717206530188266,0.00022470345930733802
6895938,3.363892888273455e-06,1.839626033054625e-05,2.572858646646656e-05,2.5485532282206442e-06,4.815566062262272e-06,0.9931040290658059,0.005802238457189581,1.9796715945923608e-05,0.0010190829020829124
6895939,4.36223100866193e-06,1.9520717567710488e-05,6.071343763353527e-05,4.201776775076156e-06,1.9256288539610235e-05,0.9982477618577466,0.0001835039544558908,5.992805669846476e-05,0.0014007516795745774
6895948,6.0175849559418536e-06,2.1554826421466278e-05,9.804324659598911e-05,7.897816933877646e-06,2.501081860319074e-05,0.9975162060452079,0.0008632262610741347,4.579622680395567e-05,0.0014162471734035353
6895973,1.944895606017846e-05,3.900102024915839e-05,0.0004498010757727142,4.4601326534842035e-06,8.998409549371673e-06,0.99384852664836,0.0003233577828796676,4.7836527110596125e-05,0.005258569447364867
6895974,7.395915777430053e-06,2.4087228979933672e-05,0.0003783741735179949,9.389300592271456e-06,2.0946285293061218e-05,0.9849461353793904,0.0043556966774501065,6.3455370328067e-05,0.010194519668670887
6896754,9.931980447243547e-05,0.00013389649919570479,0.0002406277847970209,4.911700991548115e-05,1.7541653739440854e-05,0.28744891442253634,0.0031040114588359044,0.0004182607959021421,0.7084883105706056
6897915,0.0004558343412303325,0.020574434686615593,0.021697572072881657,0.13758584605721821,0.0046109416561490695,0.3122136179010943,0.006088884708144132,0.07992588053392001,0.4168469880427467
6897964,0.0063603934533844565,0.00990967580971524,0.022927127215716683,0.024824502375846772,0.03527212082329148,0.3196729508855233,0.0027729534148489077,0.01949490612168642,0.5587653698999868
6899282,0.0005096776491104642,6.38832577558974e-05,0.0003094855452198654,4.302819795958735e-05,1.80751329245198e-05,0.04336308019142782,0.27656181526674756,0.0001691623422190507,0.6789617924166351
6899294,0.0037118912659264264,2.010704280298657e-05,6.54427571260932e-05,0.0002872092427993959,8.835898490483584e-06,0.0006612464567586973,0.476562957077114,0.00012731361476786486,0.5185549966442141
6899376,0.00010991965370778158,0.0006661911428987679,0.00024343025209141764,0.00010916984959725152,1.5251084938177008e-05,0.0012267350109794644,0.017782659503864925,0.00094818158884339,0.9788984619130787
6899506,2.548770377359196e-05,5.621261836556609e-05,3.193801207847981e-05,7.128614999235155e-06,1.1314953766021495e-05,0.8671690738298428,0.05788602117873368,5.681822109319198e-05,0.07475600486734749
6899530,0.00305922761184219,5.4441257434844075e-05,0.00040157134076809027,0.00027397282594746855,1.17005227634189e-05,0.007778953236406028,6.823411815153159e-05,0.0005582295599154171,0.9877936695267711
6899560,0.003164705698983134,0.0001973689425458513,0.0001168454476869367,0.0007954614334139588,2.8722209389876247e-05,0.1298710394787996,0.003830154998394644,0.00027655026340635253,0.8617191515273797
6899670,0.00025519058651193947,1.2654263477876914e-05,2.9711805762686453e-05,1.722179138461842e-05,4.412927393562555e-06,0.05945013122128546,6.608863100765263e-05,0.0001634151929137428,0.9400011735802625
6899695,7.377007666651509e-05,5.601172712889744e-05,0.00012300158631424666,8.14572137998554e-05,1.567571179253584e-05,0.05439526402252474,0.00016718312819188582,0.0001020274454125661,0.9449856090881686
6899730,0.001127840214793956,0.0002378859165005067,0.0005460732122704565,0.00017218714664852644,2.6428917789075196e-05,0.11016426602445331,0.027499436948050678,0.0005754213063173671,0.8596504603131762
6899754,0.0028301172226921677,0.0005981784527323946,0.002557316502725701,0.03134737529674491,0.00014994933512600756,0.011694761154126246,0.00015397998632327446,0.011538418818862377,0.9391299032306668
6901206,0.00012819338084729627,0.0025236364621252596,0.01086929146889363,0.00203018772932676,0.0004145002012286727,0.4627589945171161,0.09989373504081973,0.009363736858566044,0.41201772434107653
6902131,6.854550690110549e-06,3.7505575234041174e-05,1.4305268028716881e-05,9.09815171736165e-06,1.3099185390829996e-05,0.9916087975804179,0.008015802786308611,5.271014931054084e-05,0.00024182675290191117
6902271,0.00024804123300053695,0.00465551900057534,0.0006527250113885407,0.001988987028141034,0.0026896705738360754,0.34265950920817917,0.00022920060837339378,0.005103720458278339,0.6417726268782274
6904326,0.0026035365332025087,9.334192046645365e-06,4.981198872717869e-05,1.754692548192564e-05,1.7779560834062196e-06,0.00040819213887608884,0.0001349673223833727,7.782924285245832e-05,0.9966970037003464
6908023,0.00014870115622132957,0.035352834853782274,0.0015992407870777294,0.666196408912255,0.008852273184518618,0.27074861093946206,0.0003810217112116935,0.014114413984329091,0.0026064944711422654
6908625,9.49681297512843e-05,0.0005384355445343502,0.0003579832246306075,0.00015561054858647202,0.00022506911190708367,0.6503104753858879,0.2215960899148491,0.0007512305520841802,0.12597013758776904
6909657,0.00017198806856275064,0.00037125898941646365,0.0002955403783441028,7.436781429063695e-05,3.806599760465262e-05,0.02587877766814665,0.04258997138630293,0.0005494124591462594,0.9300306172381856
6909786,0.032362755877735946,0.0003644132369715107,0.00045460536417187003,0.0002892081585284616,2.6276588234944292e-05,0.01449197632667349,0.008407199562818286,0.000785288347670919,0.9428182765371946
6909952,4.858789808448347e-05,4.631737005985095e-05,1.5528406821274718e-05,2.6399086852134984e-06,3.3223438232457727e-06,0.00011307240138661796,0.0023500477137501355,3.7220387130488574e-05,0.9973832635702587
6910003,0.0010413186587559789,6.802980993042482e-06,1.9312758251059265e-05,6.902196899927271e-06,1.0557067164709183e-06,8.704337131571875e-05,0.00026570147928661785,4.036769069728777e-05,0.998531495157084
6910407,2.496358363695405e-07,7.063783875825585e-06,2.750963341830332e-07,6.430971186862983e-07,3.3381126992337365e-06,0.9999778765918491,2.0760487157780628e-06,1.6735688967763637e-06,6.8040646741074124e-06
6910422,0.001218132028140127,4.52830177602243e-05,8.129489947221693e-05,0.00024223296437792896,9.180299836456489e-06,0.001851131524379582,0.0010269658095901153,0.00036564362206667993,0.9951601358343767
6910425,0.002299997446795989,4.583889945525012e-06,6.478705578088489e-06,5.447986011527608e-06,8.71811526885652e-07,5.912780528129931e-05,0.0008152235160759501,1.257401267692341e-05,0.9967956948261079
6910560,0.00043547064271123095,7.710893068031948e-05,0.0005096530389599128,0.01228686648078581,8.598103787308652e-05,0.002506856141066593,0.0002018757669301691,0.012216679445674134,0.9716795085153187
6910590,0.0007603647925713567,8.094915700722938e-06,1.753113802121344e-05,2.340896295511673e-05,1.3250023123129515e-06,8.743411072267693e-05,0.0014601767448872637,5.597138063831372e-05,0.9975856929521911
6912744,3.738910264256374e-07,7.784693421032129e-06,2.399186767812979e-07,7.184868975636591e-07,3.1987495230696847e-06,0.9999664160072408,4.493900107595743e-06,1.0417612674884518e-05,6.356740431979439e-06
6919118,0.00012804812116628877,9.229350274683062e-05,0.005524166220849214,0.00015852060599266734,3.879148485785857e-05,0.9246306237334748,0.0018634963960587664,0.0006336994044842342,0.0669303605303694
6920152,0.00011331755080363544,0.0005049912668256528,0.008877163525243372,0.0002513269566844334,5.349400487136337e-05,0.717044128034455,0.012040244743941126,0.0006547639307819088,0.2604605699863936
6925791,9.579234470242524e-06,4.2196952218897544e-05,9.935363362727301e-06,2.3336381197895686e-05,1.2396567103849069e-05,0.9987079088422656,0.000526209192439326,0.00030693099370976,0.0003615064732317784
6926246,1.4598525566351344e-05,1.794652950603495e-05,3.1305319817296235e-05,1.021334920412623e-05,4.205777076675823e-06,0.9947836658683821,0.0034431712670383377,2.5140298410197502e-05,0.0016697530649988992
6928841,0.00017669845645857903,0.0004865507439497041,0.0005372847574622754,0.8144938193417885,0.000868965231323959,0.03330177310575207,5.415656291076698e-05,0.14952880983517858,0.0005519419651755896
6928933,3.5490299990348244e-06,2.541628640914078e-05,1.4181651853143015e-05,3.227233610059898e-05,8.179755762220771e-06,0.9993646957628064,8.143233355861689e-05,8.138466131564276e-05,0.0003888881821952563
6937241,0.0010625520676861868,1.0831591372354759e-05,0.00016823070976517047,0.00031847097857280173,5.155948010519072e-06,0.0002331077338076675,3.0125960403235828e-05,0.0012491392652214067,0.9969223857451608
6938426,2.1474716573333436e-07,8.50294652242437e-06,1.1060767894032631e-06,9.197520159395502e-07,4.5295133593127944e-07,0.9999588154585088,2.261541214323411e-05,2.230483168698968e-06,5.1421723498048414e-06
6938530,4.521095564747751e-06,0.00021472613827239686,6.8671285067683314e-06,7.65637886101636e-06,2.3962962076130962e-05,0.9994708655038624,0.0001736624288439843,1.9776797602960304e-05,7.79615664094459e-05
6938682,5.347557907609191e-05,0.00027818435505971975,0.00034127323849216033,0.0002053785440873047,0.00016734452925107506,0.47676672496711114,0.2715958383946437,0.0003803304473636044,0.2502114499449152
6939166,1.3897401873866013e-07,6.419955302135842e-06,1.9344776863057948e-07,5.316079468414524e-07,4.273716562138058e-07,0.9999860438646441,2.0469596877846003e-06,8.62399557793921e-07,3.3354194178439683e-06
6939222,0.00010084100701270917,0.0001233552555673393,7.806323489411599e-05,6.220969447673372e-05,2.0622858266159755e-05,0.18134469565926256,0.7952304302084964,0.000313957019763882,0.02272582506226028
6944591,0.006186671921357225,0.0006105183995791156,0.0024493854580781445,0.00016421635541875222,5.747713700633048e-05,0.8209902669326865,0.12776044134686676,0.0004820001546657261,0.041299022294341445
6947293,2.2124145695993398e-06,0.00016681317596666157,1.2475630002723634e-05,7.414328377374398e-06,1.681060892962536e-05,0.9994450213245083,0.00020693651688600263,1.379063274539341e-05,0.00012852536801429587
6952804,4.6833708382459384e-05,0.00023117462788057252,0.0034710399441683936,4.430439164655862e-05,0.0002732956483987689,0.8502945331250981,0.00010329087649689527,0.0004944130955208248,0.14504111458240757
6975207,1.5648837123140735e-06,6.783202041938431e-06,1.3485812517093972e-05,1.385955507488261e-06,5.440906440043434e-06,0.9998098813541496,1.443337325422629e-05,2.2511415453091727e-05,0.00012451309692424237
6975472,9.609718303436737e-07,4.660525330355859e-06,1.9985950729764297e-06,6.588221951859447e-07,3.524955359832546e-06,0.9998966664508127,4.67920030928168e-05,6.835736921914654e-06,3.7901939383906195e-05
6975490,1.7316736568977615e-07,4.96831237291101e-07,1.7922747292296666e-07,9.346532532453269e-08,3.4645302423680875e-07,0.9999828561993087,1.512399856090632e-06,5.526294589718857e-06,8.815961819896387e-06
6976427,4.875792341167216e-07,1.3825957016654175e-06,5.601753952154924e-07,2.1784162994857418e-07,4.840374037991021e-07,0.9999638408035667,1.2266015881892842e-06,1.0992790489495775e-05,2.080757499075132e-05
10551287,4.703697715067765e-06,3.7585650061762314e-05,2.1370048023523672e-05,0.00010476774342602225,2.543667181568588e-05,0.9993789985668479,4.292810391923854e-05,0.0002059193545118499,0.00017829016367891954
10554874,0.9689096419073375,0.0006687176960646202,0.00010024409596081414,0.00013803024902770997,0.009606957909386966,0.01306939544168246,0.0020989999825052935,9.005406636158272e-05,0.005317958651673125
10555071,0.0007443590490595723,0.0005152754683347482,0.00046152549492552413,0.0001842517049584053,0.00027611514460217047,0.7962094586276169,0.013518589237299039,0.005128222116701586,0.18296220315650208
10555459,0.0011156642179373762,0.0045485563785411425,0.028946541909000388,0.0015780001662491529,0.010703127152095402,0.6443063200135852,0.004757410517438843,0.20166149442941508,0.10238288521573734
10555968,0.0024045118153136424,0.0006369065279012806,0.0001954066127005774,0.04354009905181965,0.004633983321358907,0.9275277192135349,0.0003082550445386691,0.0067935414504987695,0.013959576962333556
10556692,0.029244316410107912,0.0011245816168019129,0.0034686698404908694,0.01617782332144161,0.0003023148448259316,0.3900195014219121,0.04914346742427237,0.04234882052129101,0.46817050459885634
10557065,3.4118990068259765e-07,1.030038926121676e-05,7.39165941093145e-07,1.8864817802739163e-06,1.0027879488158601e-05,0.9999528412643804,9.077768438822866e-06,5.459673504821829e-06,9.326187304469164e-06
10557235,2.8058918045605032e-05,0.00028265199879471385,0.0003727461188716306,0.0032507274011743283,0.0007557540153103545,0.9920744871205156,0.00022475684515849844,0.0009040449181100793,0.0021067726640192847
10557310,0.0004957438332022871,0.006299098101280427,0.04279098295581541,0.011412635028754796,0.029125861271871646,0.7017938291030771,0.0018583625058331756,0.006202871649938158,0.200020615550227
10557603,6.470909148208301e-05,0.0003550920322408808,0.00024327216311390186,0.00011859732430595139,0.00016297242991802864,0.9885717486040722,0.0016278068402303387,0.0008831871661333251,0.007972614348503255
10557649,5.809411496756544e-07,1.4802427719690276e-05,3.3092179215665576e-06,2.1984506176905937e-06,7.938234248816961e-06,0.9999369935640736,8.046471285976955e-06,8.334336902179396e-06,1.7796356080747635e-05
10559369,8.747357933575306e-06,2.7566516304912784e-05,2.1583861867686604e-05,1.299453788020468e-05,1.0238835425845503e-05,0.9994726299657763,0.0001947989879064114,7.606317049884754e-05,0.00017537676640626152
10559516,4.286189080694451e-05,0.0002131093466152947,5.160029301972397e-05,0.0006685536615263713,0.0002527173873824999,0.9960019198078667,0.0009670154094591448,0.0012246822381670268,0.0005775399651562588
10559765,2.494524076020643e-05,0.001101853347948842,4.123450446885732e-05,0.00010803386734363268,0.00010174791160833458,0.9827217043972853,0.0014686411541268856,0.0010666394848589766,0.013365200091598976
10559904,0.00010923726216163477,0.001366074264079763,6.954840141561718e-05,0.00021141794128664846,0.00032759392815848707,0.9903504790788995,0.0009217990949588594,0.0033373624967201316,0.0033064875323192975
10561136,3.0702578519948965e-05,0.00025213197713699545,2.0387360037635278e-05,1.4527752580354841e-05,5.582220684705367e-05,0.9956112016129883,6.377936648741637e-05,0.00012882187797189258,0.0038226252674303674
10561583,0.0005976671255341174,0.00024210426171135187,0.0004202106718480298,0.00020853434746701303,7.718470520259323e-05,0.9747125504702806,0.011558544168368615,0.004699565683984319,0.007483638565603329
10561870,1.630660711264622e-06,1.690411168348546e-05,2.8674071777206255e-06,2.542343653721721e-06,1.677903693355152e-05,0.9973415230072386,0.0024645001911000088,4.0881011707096e-05,0.00011237222979464513
10562711,0.000492951479278348,0.0017516333803446723,0.005584830393722952,0.00915080287233515,0.03525492017010464,0.6598593074748125,0.0013281926294528162,0.01874280947823236,0.2678345521217167
10566953,2.3868489348214283e-05,0.0004505618963110997,4.839663059982436e-05,3.697303928712967e-05,0.0001285587015471166,0.843918622464249,0.1541177460495983,0.0004567331503410294,0.0008185395787182555
10567563,0.0014302399260764094,0.009907423846472802,0.00011888528046699973,0.0001653052751789955,0.0010490887467038044,0.9678471664956327,0.0009646819696280068,0.00128791819306134,0.017229290266778833
10568512,0.0021486135430813904,0.0021082296599635054,0.0039981790179471205,0.0011558688403266197,0.0005091454718215238,0.5993054676503106,0.15219111716904282,0.015303361681743576,0.22328001696576286
10569249,1.020190193298972e-05,6.319907686940817e-05,1.4790221605412452e-05,1.757233396655509e-05,1.8923092096193564e-05,0.9887619969393777,0.006281760139676787,0.0006992227011040704,0.0041323335933708735
10569900,0.00016931044272651202,0.24537221576374285,0.002579277585382919,0.01595985156542008,0.6324000231830686,0.045654401618167646,0.001409107205283062,0.010418805789080249,0.046037006847128005
10569996,8.634918997417243e-05,0.0010362186975358782,0.0007115564974966379,0.0003954972753808314,0.00010508847728704416,0.9247645840807996,0.06444100712348691,0.0028978625725891573,0.005561836085449688
10570047,2.0755215979134155e-06,3.4700162655526516e-05,9.367955872441638e-06,6.438897849699435e-06,2.7281163658814977e-05,0.9994973663776509,0.0002444169305672028,0.00014162624907028865,3.672674107728376e-05
10570186,0.00012908394908886666,0.0015099189222305895,0.00015013860172703465,0.0004239438875353687,0.0006380883171648836,0.9786311907851863,0.0035675318649187027,0.011868815349739891,0.003081288322408372
10570190,2.8754278892432614e-06,0.00021594865447812316,3.708495564695061e-06,1.9910210923354883e-05,1.8286821499580236e-05,0.9628754594563308,0.036779651547930614,5.499267195537081e-05,2.9166713428177593e-05
10570281,3.132633883451899e-05,0.00036614712447791386,8.901338562006712e-05,0.0003150025771741193,0.00014116274950700243,0.9808579485129061,0.0165019411720611,0.0009499845655484852,0.0007474735738706604
10570444,0.2737163892867927,0.006439932875217798,0.0005833201213143193,0.008723999425794252,0.015557073235898854,0.5877845572768707,0.004505891508086184,0.012363776157250931,0.09032506011277433
10570516,6.788602291033111e-05,0.00041044664327934594,0.00014363078776925755,0.00021818064172383068,0.00010178933501989579,0.9832379283695244,0.0012931930559813662,0.011268789316679203,0.0032581558271123734
10570563,0.00109117448617838,0.000483958517488284,0.00012124772643213387,0.00011014282170951882,8.855436295636823e-05,0.6941835059686446,0.28165072783814765,0.01288445366693232,0.009386234611510592
10570908,0.0005368515763015198,0.00016333869504142756,5.242589346709081e-05,0.00013393571347441972,0.00014626582848857865,0.9504615049695472,0.0451823809136524,0.0023090109622082157,0.001014285447819278
10570962,0.0004912076352189667,0.0029422830017045293,0.019036080227922473,0.0005790538933238208,0.0012029401152540463,0.7617811079299436,0.005570317390396096,0.15787995459820217,0.05051705520803423
10571126,0.023323699334314985,0.0011916415278335534,0.0017363291498212832,0.0007066354034817625,0.00017811799659542225,0.6256343125965065,0.08860403622006521,0.04001482699795428,0.21861040077342703
10571129,0.033469354044111076,0.00012433215460323755,6.642204061278097e-05,0.0004529515934456219,0.00011754362420574403,0.9581043616776334,9.418937331055681e-05,0.00672947942184301,0.0008413660702345931
10571130,0.0014649968719419623,0.000539532409625555,0.0014311056422224536,0.0034089957686809424,0.0005038992669636476,0.9267346201062079,0.0002891327040052472,0.024313282740703143,0.04131443448964904
10571150,0.0003529177759659121,7.082066474482921e-05,7.970850112170514e-05,7.363567918890706e-05,0.00010370469931198389,0.9976209037384296,0.00015751712488719063,0.0005441060653199899,0.000996685751029966
10571157,0.01980737180834651,0.00037138902720050716,0.0006617413096930017,0.0003724631304471443,0.0002714240961018516,0.7707350879985554,0.14552483720756135,0.004627040724291567,0.057628644697802774
10571249,1.2849138107102638e-05,1.761468040786385e-05,2.8295538850705205e-05,6.091306757311541e-06,1.4335791448486991e-05,0.9965415748681468,0.0021542848521038972,0.00045668440489651444,0.0007682694192813716
10571563,0.000208571768470767,0.02131445991770805,0.00029235132156625983,0.0004948479017036778,0.00462580008428028,0.8762408285693533,0.002219703889555272,0.009159089002913722,0.08544434754444873
10571600,2.6586958847364994e-05,7.157385411840361e-05,5.147960134509184e-06,5.701475012546237e-06,1.0249622170698465e-05,0.9994362247801989,5.601896702895984e-05,0.00016249586731064168,0.00022600051517795335
10573894,0.0005032907329091437,0.00034072836953448504,0.00032753207546133765,0.002319182442994824,0.00012409866365721683,0.9675134848002127,0.0061621500210862,0.016283793785072373,0.006425739109071758
10574347,0.0007754090832834468,0.0002310973068055196,0.00028028226398414934,7.620747775566405e-05,5.7384764396103955e-05,0.9918653976176002,0.005269141132071066,0.0008332269513224865,0.0006118534027814904
10574370,5.647207218462232e-05,0.00010777923546785339,0.0001401533238539812,5.97572156928258e-05,2.1616257723981046e-05,0.9968494409137855,0.0006668917784641371,0.001526255690887274,0.0005716335119398535
10574372,0.00019622981171190125,0.0003624613887964314,0.0008076674422531245,7.542619829590894e-05,4.933229665255879e-05,0.9016144237009684,0.07737481373684,0.0011448838954652674,0.01837476152901626
10574408,0.0008700357634638026,0.0004531550161865117,0.0002191433726846864,0.0009303115478593247,0.0014638001982256645,0.9670836650180072,0.0002646252140062296,0.017380112625315466,0.011335151244251124
10574430,4.4668162832298e-05,3.779497006769201e-05,3.832519320716866e-05,3.9810737415698545e-05,3.7625034432499014e-05,0.9941168074070932,0.0006668603998662317,0.001299467665455052,0.0037186404296302876
10574439,0.000292920808346512,0.00010331974301271219,8.08927471009277e-05,7.920523170059852e-05,1.4322089542625711e-05,0.9971102476263665,0.0004844699301712075,0.0014102140715843018,0.0004244077521746186
10574456,0.0012091366414517576,0.00013821810423183997,9.365614403088863e-05,7.970786811004578e-05,6.573593492709239e-05,0.9644141347523274,0.0006925347030871201,0.0006548175021844009,0.03265205834964941
10576038,0.014390146564460384,0.0003681276965711006,0.00019611882891424392,6.355219300830254e-05,0.0008163946750953579,0.9763488490094917,0.0007323430083640922,0.0013577478317796507,0.005726720192315271
10576770,0.00035853931348946,4.913327049714986e-05,4.14241495697813e-05,0.00030694152947971943,5.139324034486677e-05,0.9815972716577692,0.0005565815677358533,0.006189363018275538,0.010849352252838531
10577118,9.029630008520781e-05,0.0002978859141294053,0.0006365593422632237,0.0001779771907706367,0.00017149079087671375,0.9175238288487018,0.057544923398326404,0.012083498127803148,0.011473540087043429
10577354,8.578380020719552e-05,5.198096504316518e-05,0.0002139945577320945,1.799013049229693e-05,1.2690877711852277e-05,0.9917770589265833,0.006820481619666477,0.0002186769026102334,0.0008013422199534585
10577622,1.1635664120411852e-05,0.0004702454580165192,0.0001124131552543895,0.00010331401546937199,2.315037082005607e-05,0.9869978077761318,0.00928947726428232,0.0006450775833713761,0.0023468787125338116
10577723,2.716924583960596e-05,8.735113903584523e-05,0.00012638984057625595,4.118790970240187e-05,1.600591413325175e-05,0.9855550094192805,0.000924004418164336,0.00019789274174593412,0.013024989371521837
10578130,0.009765538501103621,0.0034303855187687075,0.00040076518997686055,0.0008242685798198636,0.005428620510108684,0.9614720591660334,0.003504488883257496,0.005454896876834268,0.009718976774097
10578295,0.00018669661392461343,0.000775491115904531,9.475669408823116e-05,0.00022512912511104408,0.00020167248205493537,0.8847356216082448,0.10801923383964407,0.0026840040307125543,0.0030773944903152487
10579132,1.9525596872138273e-05,0.00530340386699011,2.6598287107488793e-05,0.00023711421206790351,4.094110095054502e-05,0.9439511789100957,0.04876039605816679,0.0002505753172930456,0.0014102666504563223
10579372,3.334633844743327e-05,0.0008319267219211614,0.00018418931821503594,0.00017454184938320576,0.00019829634404297644,0.810671000004756,0.1785763653453224,0.004614561757457338,0.004715772320454473
10579452,3.3083790978220318e-06,1.26683006943584e-05,4.4649126838144185e-06,1.5727741293284495e-05,0.0004544085495393361,0.9989621809144514,7.688496460348605e-05,7.802927020888697e-05,0.00039232696742759005
10579754,9.272521002892006e-06,4.553334070242522e-05,2.660028127127885e-05,3.9641799956004855e-05,0.006402600105446057,0.9924538341822721,0.00017072478197689028,0.00043259185093322635,0.00041920113643913393
10580098,5.252919322046492e-05,0.0001650463459712507,8.586990901652659e-05,3.859656966122956e-05,2.5304294000714392e-05,0.9440362142975639,0.05462409312989029,0.000840024411550956,0.00013232184912471612
10580150,1.8393586598416015e-05,0.00013751890106426717,4.2764770609533805e-05,6.818638510472792e-05,0.00038991817458758804,0.9933917917112308,0.0032660306545368497,0.0005300084429157338,0.002155387373352109
10580642,1.2047145039371431e-05,3.1447228340693696e-05,1.2815139619775328e-05,1.5120640277212655e-05,3.854735883107119e-06,0.9996753536218042,5.3396024557520414e-05,0.00015526717387849242,4.069829059968703e-05
10580740,0.00028955292311369393,0.00016479931972186533,0.00036595292236924577,0.00037712481756928224,6.145409518565843e-05,0.9171919424681886,0.06788901769601535,0.010266812131995942,0.003393343625840387
10580745,0.00017624940568954024,0.0005801278363821543,0.0005909306066670531,0.00014689428304535563,6.849935753376306e-05,0.8656864159295452,0.08585245968349592,0.01231067842531464,0.034587744472326376
10580771,0.005692095570447759,0.0007608420221776616,0.000521793841730978,0.025627510751186754,0.0004128263638645211,0.7834894432845153,0.018780790697998498,0.15307490044375743,0.011639797024321026
10580995,0.00032752211258736154,0.0016585266334537435,0.002511360742335767,0.0006118225191973195,9.121270828677046e-05,0.9315199814346384,0.005497399673079561,0.009561710387578004,0.04822046378884301
10581310,4.746012111271897e-05,0.00037451862946539957,0.00039506281047806975,0.0005526654043585858,4.846591175495653e-05,0.8672248353235766,0.10901849591193916,0.0007225634490423899,0.021615932438271996
10581368,0.0012175259027245597,0.004650968306058711,0.00036976957177240356,0.003184212947296172,0.0008225657687727526,0.9598701438078235,0.00021183860765230293,0.012671481432405374,0.017001493655494304
10582173,2.8200899946793374e-05,0.0013764766980216478,1.031259780644102e-05,3.7981011993170326e-05,5.927996412619034e-05,0.9978703137099977,0.00011543379588532134,0.0003175634570671201,0.00018443786515569684
10582418,0.2123850162853578,0.004538279126426856,0.0002609615608637681,0.00047104549175719867,0.011209584880766964,0.7167235624567232,0.0009079406276200711,0.0008622126408793196,0.05264139692960491
10583009,1.59847220501217e-05,0.00042693035197767987,4.82208761283754e-05,6.662494983057439e-05,0.00017786214138109448,0.8947231098164204,0.10392697858998699,0.0003980429269238107,0.0002162456253009468
10583434,0.00013894894149963621,0.015308179505500842,0.004186109990516358,0.0331512908243297,0.00041304752602888185,0.822894334077555,0.09400837116700408,0.02481880844694259,0.0050809095206230245
10583521,1.2719059551293656e-05,4.37383735768991e-05,5.065755792656912e-05,4.008344339564918e-05,7.723384924422491e-05,0.7491588767623457,0.2500876928647048,0.0001854013226367415,0.00034359676661814456
10584210,2.813760440899504e-05,0.00016517894438555078,0.00013294622757673724,0.00011021188244154076,2.3295264668435317e-05,0.984927822823168,0.012258335746909854,0.00044033874916075874,0.0019137327572800837
10584222,1.2170738204884533e-05,1.9424056230320455e-05,2.3398637256119393e-05,1.1453657105591563e-05,9.944663219536012e-06,0.975401071692089,0.02405981749402726,0.0003522646795586519,0.0001104543823085678
10584314,0.0030767452624305787,0.0015090761600713612,0.006034648682579205,0.0009264194568903369,0.00027840813922676484,0.2360902681893365,0.034149284505710226,0.03680829754044175,0.6811268520633132
10584430,0.0009204550994561133,0.0006698914976451762,0.0007374570978976925,0.00027857548236982364,8.12853801305934e-05,0.8775348607185031,0.08733134172837571,0.006009668556835715,0.02643646443878606
10584519,8.471052351947473e-05,0.034524139427663164,0.001373965147517607,0.0006610471732906649,0.00042498026103895053,0.9164340932217427,0.004397513663444643,0.007439461224390789,0.03466008935739204
10584820,1.3716131719256156e-05,0.01170092710691597,4.755857875025618e-05,4.2348744689635676e-05,0.00183070678774362,0.985396404655269,8.562611003764005e-05,9.01332943674924e-05,0.0007925785905070799
10585136,8.439376985200006e-06,0.0008578003057811698,0.00015043962241242242,0.0013815840717839101,3.0567012587556005e-05,0.996107575603435,0.0003019684702212001,0.0009905058990554239,0.00017111963773810485
10586849,9.51122845461405e-06,4.5584665257503086e-05,1.8272560798605484e-05,0.0003898581781296348,6.114587243520813e-05,0.9916448609597445,0.007527215532282122,0.00011371930976035765,0.00018983169313755604
10587734,0.0013923612172166107,0.0002335120643084906,0.00029988645080920986,0.00013757627153261018,0.0002679403540057047,0.796865530215926,0.1871843000364844,0.013159548833426182,0.00045934455629080567
10587840,3.7892697116976013e-06,0.00013393838505289235,2.2987870547018555e-05,0.0001645023374799186,1.4032972511686389e-05,0.9982118819430353,0.001190419852185395,0.00014021528137102849,0.00011823208810511288
10588529,0.0037054900549652135,1.1444355705300705e-05,2.940528476290846e-05,2.356204309746494e-06,2.932421648391344e-06,0.002602810407942433,0.9675992811819749,8.873488151953871e-05,0.0259575452071715
10588664,0.0012116980700294978,2.295062728526862e-05,8.171656195367146e-05,2.2202674730819704e-05,2.8832515038182006e-05,0.009431307834608514,0.8763425507477784,0.00034650344838413983,0.11251223752019152
10588792,0.0002941561107418809,1.0156522882190038e-05,9.930457525523744e-05,7.300328657739364e-06,5.697733667207858e-06,0.0017917870950228073,0.8522560666407405,0.00019124203852865983,0.14534428895450377
10589349,0.0002726317214882955,0.002537431787098403,0.0005999663455998119,8.124034417376559e-05,0.0001739458387365871,0.09148859995264398,0.057055388985532536,0.0030648624573469526,0.8447259325673797
10589410,0.2654177327447417,0.00022159504082602002,0.0003098255128272948,0.0006795452247540697,0.0004456450293577854,0.6443605070777577,0.009405208708009078,0.017251105896766056,0.06190883476496036
10589411,0.0027409610237146293,0.00031794108567151,0.0004003962704655728,0.0003889259504331417,0.0004963485834231663,0.47589439216299556,0.014785402745041757,0.006682935942943339,0.49829269623531125
10589472,0.017839642592592,0.0003670761908447819,0.0008766545969588383,8.814882448808067e-05,0.00013205963840178854,0.011199188696917316,0.014664047332935283,0.004539437248341507,0.9502937448785205
