track_id,Clutter,Cormorants,Pigeons,Ducks,Geese,Gulls,Birds of Prey,Waders,Songbirds
6868504,0.05697598821368572,0.015596505892974465,0.07731598589783252,0.23027375428795274,0.45931295801604494,0.08093110678973092,0.004788161176000287,0.06009364776859763,0.014711891957180756
6868536,0.08203200447209633,0.07130901977779723,0.10841711844297092,0.3489196154025373,0.04208082410391359,0.2312914470873202,0.0019905395399459065,0.09189747111628349,0.022061960057134997
6868565,0.003597355883690237,0.015744291737585955,0.019412404364524807,0.20248884887642243,0.5995039264403276,0.09100766918364078,0.003124655223365355,0.04286472318870998,0.022256125101732947
6868861,0.004452726784622847,0.05321736343599019,0.004063407937640819,0.00488650236925831,0.9108942656018204,0.008526129074061771,0.005168233755573292,0.004445813444337424,0.004345557596694942
6869275,0.0029358659637750604,0.0545964325943569,0.00990718974962771,0.008568626469709021,0.9018013739492581,0.0023753599547296474,0.004933534565703865,0.006111063418319476,0.008770553334520365
6871418,0.0013639538994775443,0.11048147322746314,0.026110275944703994,0.37352601614495556,0.1262593074856732,0.23863865779290594,0.0022273029033758537,0.09495416447855597,0.02643884812288882
6872996,0.30817727264881256,0.01542639200811428,0.011564975424973844,0.006558603030307092,0.008129891559677827,0.5305047076754832,0.03460436375622235,0.010570276271302097,0.07446351762510689
6873817,0.07173065674661847,0.018813826558951367,0.01901271089786218,0.004550911884549178,0.10021347609830573,0.6774466122817079,0.00903431331340381,0.07531422421786528,0.023883268000736133
6874023,0.0007230113987170179,0.047988581465881225,0.012018833002512332,0.0036363199583059687,0.0026496913929308545,0.8864983225910062,0.008497344365629728,0.019150973127616332,0.01883692269740025
6875504,0.005413348161002293,0.04788931805628326,0.013767950721168737,0.004922700602037615,0.0016328902730542124,0.5298454343657059,0.01867974556415783,0.017097123295130256,0.36075148896146003
6875899,0.0040328882150222935,0.007677745536892485,0.00949894707016451,0.006478609710275225,0.004876882725725199,0.7958478415486013,0.11594305233113335,0.007047623592471629,0.048596409269714085
6877293,0.004213643106333592,0.006928692307984011,0.014575447841391052,0.006458687746485486,0.00390982323148997,0.0737431868630135,0.011125603754290565,0.021456617465602793,0.857588297683409
6880408,0.0029999681400723,0.006775938898971266,0.007168728189480392,0.007032083397137948,0.004470073861971986,0.7185116234772566,0.10445641077596568,0.015860043111418365,0.13272513014772552
6880690,0.004650445656450502,0.012830376415973548,0.018559408183294535,0.08010577264328018,0.005000279502018452,0.4459456101813888,0.010015798994557585,0.02550964663973262,0.39738266178330384
6880833,0.006046246645024289,0.00529773185327876,0.014331003000520271,0.006529871115215956,0.0018651922401013267,0.08913123987178961,0.10925661205130531,0.005968847035262712,0.7615732561875018
6880956,0.002213865418652205,0.013540445657535453,0.004009647277993837,0.006167665360730104,0.0031027244351505097,0.9281206905168585,0.01658108144627536,0.016433933838813697,0.009829946047990382
6881733,0.003266824808243032,0.0034658223735376773,0.00419939699729683,0.0029400455149091536,0.00380754418478563,0.06653265091146471,0.8982089293774034,0.0016642158260146876,0.015914570006344927
6885154,0.00444614927816634,0.00949964869759868,0.0048631049805802394,0.004593546565761073,0.0033716155272741914,0.7759411192588973,0.023214362523413745,0.037007458631501004,0.1370629945368074
6887294,0.00479607265954044,0.011415839498504277,0.011753373800608894,0.006147691058040707,0.0030732654189062638,0.7934085501061852,0.007539508228514164,0.01665851752455718,0.1452071817051429
6887586,0.002002453473738215,0.006578842769366974,0.013238243383217583,0.003675042694592275,0.0024895967736622043,0.09032486393540935,0.012208879252749027,0.02035400237180874,0.8491280753454555
6887600,0.002847791492938764,0.006764772598565629,0.015169415134482304,0.005509889716968363,0.0020359125194600075,0.07517551657897381,0.004940896925092497,0.015312660729600887,0.8722431443039178
6887637,0.003517791375317665,0.05657368287678428,0.014270294469991828,0.009872543624247063,0.028177917414434116,0.4423634786761742,0.020325093080881124,0.02096337861202442,0.4039358198701453
6887702,0.0013978719061282995,0.006140652512503313,0.002896507386260466,0.008858307575803685,0.0031310192408974414,0.07712129616218887,0.033354218471061674,0.005128222331432856,0.8619719044137234
6888243,0.002452394434379577,0.017351544314469194,0.021854653301248535,0.00817650537874657,0.007161880395119258,0.1096153973458117,0.007990036079328548,0.017783875767131144,0.8076137129837655
6888737,0.0017544427209790984,0.010674897705912782,0.01388471083847346,0.11291937940197266,0.006756379711846129,0.09719872583400965,0.008758848882462674,0.023893308727806616,0.7241593061765369
6889024,0.0038031569426297254,0.004069487894869946,0.005065480698961126,0.0021223585625895344,0.0025089538026801146,0.06851696992628194,0.098288953390222,0.0023733882208115667,0.813251250560954
6890285,0.001400436486837106,0.012428652451535462,0.0055312368878973,0.006998658120943847,0.004348868801522771,0.7692010711083488,0.14308854163776688,0.00855417480303841,0.04844835970210939
6890416,0.0010367842493520926,0.006336714855407473,0.01665636579097281,0.0038200867451790993,0.002817266017244156,0.16936603509297934,0.03297606665803315,0.023621729346709506,0.7433689512441224
6890579,0.005546461095727405,0.0026705540425984763,0.009094379447490883,0.0023487664623933775,0.005395515902769369,0.06580121198853157,0.10043558204591344,0.0067793713882325,0.8019281576263431
6890917,0.006949051430633306,0.009204268730327711,0.015535434663024563,0.004218494508378585,0.003469276781953027,0.16264928926924227,0.2940335384486172,0.007343849356787938,0.4965967968110356
6891091,0.0036352892568806763,0.005119318856816804,0.012735205979808366,0.11370166946163172,0.0024928333370180886,0.0811376134403076,0.005158916719372816,0.024823733576198524,0.7511954193719654
6891208,0.001088579538286437,0.004921848629634802,0.013802007445985127,0.0011748316269225055,0.004543171995705088,0.07152243718250567,0.033645548471221816,0.003889082021061389,0.8654124930886773
6891245,0.002755278010037794,0.0014434367227182318,0.018277141724033302,0.0024119079549383337,0.002713005678612537,0.16021285252803114,0.10883866527949564,0.006768173490381805,0.6965795386117513
6891309,0.0027683092005231927,0.003810229051321875,0.018181142854973242,0.002355297606351734,0.0032543366041381657,0.07456489743322714,0.035199482602270946,0.006393003553182676,0.8534733010940109
6891366,0.004027809467794879,0.004436448358721047,0.01011511837323582,0.0036986932289366148,0.0026326210521498824,0.07110001905254601,0.0992092981303972,0.003223420247411051,0.8015565720888074
6891473,0.0031714203620957977,0.004070895557507746,0.014424242202237085,0.006227327060015911,0.002869120924863823,0.17216908874435477,0.009085748521245716,0.01685721962587069,0.7711249370018085
6891484,0.006249725292477278,0.0032750387331626704,0.009039794860371122,0.007745354545333581,0.00490606773671758,0.07113828405756227,0.021666889408587593,0.006936848308231987,0.869041997057556
6891531,0.0015968254718295967,0.00402698873502442,0.0072127201578508745,0.001640755333090279,0.0033187463985719715,0.08903001861894133,0.14875832099573338,0.004012110392587839,0.7404035138963703
6891557,0.004515522863170712,0.008955622288486904,0.00785006519350127,0.005892219774355771,0.0023413082769888033,0.07552719983248096,0.019448353737211335,0.009042948554399246,0.866426759479405
6891579,0.00214775247543263,0.0011312876290661836,0.005451795031780253,0.005290502580983977,0.0013194332036359597,0.07534869847236299,0.09546556497514527,0.00423282345372253,0.8096121421778701
6891867,0.0033532342252814828,0.0016863574066842426,0.011477784900803718,0.0035443980494462607,0.0013954730082453017,0.10016138324894777,0.3815121853412205,0.005295640019860467,0.4915735437995103
6891888,0.0026595565555412202,0.0030909567383789432,0.004277212614157421,0.005017177826318483,0.002758339416761887,0.0053499138845095875,0.0274530140390604,0.0037125671941804243,0.9456812617310916
6892297,0.005285884566900496,0.0035193913340890535,0.004064017271807921,0.0010130928357618711,0.002034174251185192,0.002085047765417488,0.2865009676795244,0.005247028188585774,0.6902503961067279
6892562,0.002921374059094587,0.005300004658236471,0.006608388708306305,0.0017910287908189837,0.004036525786302372,0.0814160808015054,0.16212924417586133,0.004190521653957345,0.7316068313659173
6892587,0.005583260705886084,0.0037220777999077037,0.007912717209470479,0.002683264339520061,0.0030417208927233695,0.0773199265132843,0.11492758270771485,0.008201734585175001,0.776607715246318
6894293,0.0033629301347052917,0.7531458693862736,0.013075256141540682,0.08150184369879525,0.02175172917087135,0.06418978219611214,0.0031497612251582745,0.046775949397976205,0.013046878648567297
6895609,0.003594967605658174,0.004135291812947735,0.01360970056693457,0.07844506223934426,0.005783753085305167,0.002276488838939519,0.012287588709467829,0.02823848290886508,0.8516286642325376
6895723,0.004416950961026414,0.0059484623739086175,0.012155593300168927,0.002710912922376876,0.006487188430590172,0.8779831306414806,0.034611340252090755,0.008683648266838727,0.047002772851518985
6895905,0.0015840963896933756,0.004373274715871372,0.005654058366075098,0.0022168631512894227,0.0009900181266660991,0.8334985329486269,0.099577330700252,0.004651204574560446,0.04745462102696534
6895906,0.0028502421954912922,0.0043955016884667806,0.006660162559050595,0.00414651848098472,0.003084590789910994,0.737580686264912,0.10351285989988455,0.010098388245062682,0.12767104987623623
6895927,0.00432225368867108,0.010046387527442446,0.0130572768874334,0.006198565996349645,0.0034181618002396305,0.8802773998410308,0.03304603836229966,0.011589330636076624,0.03804458526045668
6895938,0.007022602929389948,0.00415731048802096,0.005219360668929334,0.004895938284146756,0.0019761821644591667,0.8341592766174313,0.10100660888125712,0.006060078415201963,0.03550264155116348
6895939,0.004105910400014804,0.00418278996249414,0.0059709281074495305,0.005193367985263439,0.002378694338224107,0.8364399305158902,0.0972708048023842,0.005259677611046159,0.0391978962772334
6895948,0.00507242753917837,0.007766501215137314,0.004710213832852876,0.0019624334110900075,0.004190909607445494,0.8235076016510736,0.10431881807601079,0.004681674880263524,0.043789419786947774
6895973,0.0018234830187629089,0.006386059563271243,0.005970558271921439,0.0012665073956542171,0.003128916678473058,0.8135479577328419,0.03463030218083199,0.008985887341715829,0.12426032781652745
6895974,0.003128892332191843,0.005235770402135216,0.00402306264651764,0.00355998581102343,0.00628809390517874,0.7503644703609172,0.10020682742820824,0.006789801900482884,0.12040309521334486
6896754,0.0024730945021291637,0.007024128715227286,0.00488534371417281,0.0052756536917575834,0.007082063087878662,0.3192327837512186,0.11244854404683892,0.0032482999441942185,0.5383300885465827
6897915,0.004996898765385769,0.05503224266059393,0.020902557729918014,0.11208533844531261,0.00307138754304012,0.3250726327945281,0.004414861898602759,0.07033786988048626,0.4040862102821324
6897964,0.0574500458774151,0.013470212100753547,0.013274205389221581,0.005872047998473902,0.03190239711381905,0.31820367319062365,0.007481299400678702,0.038431838049251044,0.5139142808797635
6899282,0.005352956479713875,0.004808963078849607,0.010358785034512163,0.004721925240751178,0.002833656931552611,0.09256609943390054,0.3204628813047457,0.005159509230497125,0.5537352232654772
6899294,0.0031899694952375024,0.0018343475050330623,0.0047444544054339914,0.001721218810864068,0.0036863947364540275,0.006831981186567335,0.3590195539967734,0.0028436175092589853,0.6161284623543776
6899376,0.005453792263299686,0.008126056061513384,0.015431640297380518,0.005258070887896044,0.0024853611913810223,0.06570686745353858,0.10337567292464235,0.005416989707203706,0.7887455492131448
6899506,0.003949465282629066,0.005001884040182924,0.006294663147163334,0.0014221587797227419,0.0025840242746569706,0.6365367476376641,0.1841820229153085,0.005760962005979879,0.15426807191669256
6899530,0.0034163313990934283,0.002937374916586365,0.014478643988762968,0.007614531173826344,0.0010569256985206216,0.07135244378522834,0.004238025765293216,0.038642911939812626,0.8562628113328761
6899560,0.002800406493918809,0.003806279599133209,0.007812340278807435,0.004897227501567608,0.005220910410800801,0.14486952336934059,0.02958273483236025,0.009482666038527087,0.7915279114755444
6899670,0.0038576919311057506,0.0023576104900609467,0.014400309214271847,0.0060023402561955735,0.002141002980971656,0.15090370260669045,0.018832332680254395,0.016745891659848605,0.7847591181806008
6899695,0.002308624618495555,0.0022256130664453236,0.014718315520502236,0.005077974429319784,0.0034581395598751756,0.08750390715468567,0.010244198030191411,0.006703379906464816,0.86775984771402
6899730,0.0023232585333436847,0.0024389222293273415,0.00782370192231926,0.005247571252747283,0.004081799206813415,0.16270057934755044,0.11013401051667396,0.006813701599576963,0.6984364553916477
6899754,0.005801403497899252,0.004407626432117047,0.015398475216898237,0.09825518018345862,0.0019138940854842793,0.07193227805627692,0.00828922677600792,0.06265615509206758,0.7313457606597903
6901206,0.0020183282340214097,0.006763652778024539,0.021133365516743913,0.0066419326977756816,0.0057280538966510705,0.3205992242479514,0.16691170448144704,0.004239002943102018,0.46596473520428283
6902131,0.005864273947367432,0.0035678629249382395,0.005666990220674028,0.0036487364416446584,0.00535042884448417,0.8514599344830475,0.09676375014842979,0.007223276491753764,0.020454746497660468
6902271,0.0019212133335210512,0.012533978001001195,0.017168065092409923,0.020898809419806666,0.005604197657371492,0.34265350770295094,0.007851008851541665,0.04097722512530969,0.5503919948160874
6904326,0.0020536643568611576,0.001250284530669716,0.003333398329802229,0.0026030888400588982,0.0036610350070490827,0.002869389521776602,0.02088510499082083,0.006514356623179665,0.9568296777997819
6908023,0.0010711564628955068,0.10302850776952364,0.006213631024540588,0.33824703858505,0.0030187851866199378,0.42497690845801445,0.010306720628315778,0.09088300748266302,0.022254244402377114
6908625,0.003371689581533477,0.0032890058065033175,0.005409731093478324,0.003048921899614693,0.0034430614172655176,0.48943105582339025,0.33259254579465003,0.002496151105289184,0.15691783747827523
6909657,0.004231679863929222,0.0037754584043549746,0.004764443869435614,0.0025815543402830923,0.0049899270965969725,0.07576866181689454,0.09887707614138751,0.0023740398502989993,0.802637158616819
6909786,0.0032088876913984694,0.007549971818123436,0.004814614720993028,0.00426713031726619,0.004326975459605562,0.07457723797843276,0.034416642991120266,0.020524874089411695,0.8463136649336487
6909952,0.006353312165329262,0.004729692222415633,0.009169763228854983,0.004224966462599506,0.004090498690188621,0.0027160771122810854,0.10595815369909117,0.0041718743881520096,0.8585856620310878
6910003,0.0021896083288425097,0.0025201324283977626,0.006419252809218897,0.004137194521101595,0.0014431441586474608,0.003983148847076866,0.10051443451058704,0.005061459517898996,0.8737316248782289
6910407,0.002926371958763494,0.007948702297202051,0.0037396475900496433,0.004060370941903405,0.0048899003287476385,0.9572329217759727,0.007820787445076444,0.004844169844637696,0.006537127817646976
6910422,0.0034012186001723195,0.001693375249242879,0.0038277435350654895,0.0032328300801445285,0.0012184886910151622,0.07529310117821128,0.098883038221892,0.004815394122071937,0.8076348103221843
6910425,0.0044001069149264055,0.002206427474657005,0.002320363751314461,0.004954934653964198,0.0033649459847472844,0.0025175091852018983,0.10621703624275738,0.0041889737099832436,0.869829702082448
6910560,0.001843231134924851,0.003986203829030842,0.010932242353030357,0.09435591376021744,0.004041182980139275,0.06250540179105117,0.007397074873685076,0.05659701641179345,0.7583417328661276
6910590,0.0008092577935540527,0.004820849841512758,0.0033946066848710627,0.003715543259848479,0.005296999348218531,0.004679198687192485,0.10807537246776797,0.002179659285981364,0.8670285126310534
6912744,0.0023035735752695626,0.009251474723660206,0.0032832974060143134,0.007863854028968303,0.0042373407455460425,0.9302038226355611,0.016762165340619813,0.02275794076262657,0.0033365307817339825
6919118,0.0031820240748616645,0.0072741289391295635,0.01745030916410484,0.006948922985447493,0.0010678855881187186,0.7625676478836113,0.03627575176895129,0.007506867776430424,0.1577264618193447
6920152,0.0076767750756572125,0.005132349399359812,0.014791783787883742,0.00361244246170994,0.004182808156343828,0.44604436689935284,0.1123726330756348,0.004575892692184308,0.4016109484518736
6925791,0.005457834250513587,0.006934826817704143,0.003044481410831903,0.004696553771240592,0.003306486691370994,0.9135160711486425,0.03410195018309212,0.01637051063788726,0.01257128508871687
6926246,0.0027346446210422125,0.004932025465316118,0.007164042527587941,0.006663053343360427,0.002474833385183953,0.8099736020722954,0.11654623229149891,0.004380289538248101,0.0451312767554669
6928841,0.0007773557244587593,0.014235289489160495,0.01704594756532701,0.6302484443505386,0.00400819790295441,0.11686213892789034,0.0029609451410812725,0.19182694312746731,0.0220347377711217
6928933,0.005126699524203449,0.011627084849273632,0.007183037708601373,0.007772603882663065,0.0066732097560781726,0.8192517097791381,0.10012025566811115,0.007533214226259042,0.034712184605671985
6937241,0.001610237288111689,0.005023882500479425,0.014081253950905218,0.009568319585308802,0.0013621092575740435,0.0702437624150107,0.00912767766189235,0.022050216910937726,0.86693254042978
6938426,0.0038015183726497364,0.009121015703984771,0.006584846063899368,0.0034973273040074175,0.003027401544081011,0.9251538243152563,0.03078867320175095,0.0013058463122576343,0.01671954718211289
6938530,0.0062428105872079755,0.015909596470209206,0.0021406458814029997,0.004521481478900415,0.004192748363641495,0.8521462365451741,0.09421342346467981,0.00398401695393382,0.01664904025485017
6938682,0.0012710171929229445,0.0025192105155030817,0.0022105577561366005,0.007455966380732092,0.004114340101215811,0.36102087572434366,0.3393074596989748,0.002816980066754413,0.27928359256341656
6939166,0.004056667780024912,0.005713398019659677,0.0039775512054007495,0.0020585095327895044,0.001275266169473839,0.9271262109035044,0.025631571237302725,0.009652530994661533,0.020508294157182635
6939222,0.004121466917953961,0.00316375956391378,0.005811057987804255,0.00302330478162378,0.004056996736280869,0.17160835505666466,0.7845460575305878,0.002167795769851486,0.021501205655319558
6944591,0.005458448242041876,0.008490907141156996,0.015871437349478712,0.005493726165527447,0.0012793468073345042,0.5975267169543925,0.3088777476175277,0.007577868137232774,0.04942380158530752
6947293,0.002717924461696305,0.00893562968952971,0.005053723265942506,0.0033801390061870234,0.0029460572115227127,0.9301438564493675,0.008961540018926788,0.02163740473738863,0.016223725159438887
6952804,0.003915974502173603,0.005855086765759879,0.016068744538700927,0.006112041911324349,0.00198939108875899,0.7665064573713258,0.0075209604341030375,0.0288871664339329,0.16314417695392047
6975207,0.005799753584945486,0.015765186263204552,0.014317400627143803,0.010086464747665906,0.0047975113380838465,0.9055143660386609,0.004584339858871162,0.02111564124219715,0.018019336299227213
6975472,0.0011323372890781936,0.008625212299047577,0.004251409241618458,0.005095713794706046,0.004639569134885409,0.9217572424571138,0.02283528361305153,0.020600932222309697,0.011062299948189323
6975490,0.002050960090235375,0.006942269363108876,0.00885771896540163,0.0070310804348712305,0.002121054006139273,0.9282370650989038,0.0055872484683371915,0.022619265958703737,0.016553337614298762
6976427,0.003600584510876478,0.004890426106367032,0.003450583872720231,0.003116144460174814,0.004412016715752511,0.9426425574821009,0.013674919596251115,0.010004837091519508,0.014207930164237428
10551287,0.004893073814921767,0.011858223469939937,0.006980069029677838,0.01360512413681376,0.004783461270203734,0.8278531705198647,0.028890919346117393,0.060120925976418486,0.04101503243604216
10554874,0.7637558978548482,0.01176107228300307,0.015660057717291283,0.008756241804278347,0.007965092247901597,0.10492922921869349,0.02856739832307936,0.01007305469436118,0.04853195585654326
10555071,0.00334485038082948,0.006501314158309471,0.010775592076031423,0.008356168712241983,0.0021770576493573375,0.5850292568758708,0.10634054602350752,0.023310750830350956,0.254164463293501
10555459,0.0030326934581053054,0.018634892988132968,0.02096495296263839,0.006876700449281306,0.0047762992860240164,0.5299275179714479,0.027354753735553537,0.2225146408068057,0.1659175483420109
10555968,0.06436248104551519,0.01664887220618521,0.008161874397511216,0.11624037808735177,0.07287475659766621,0.6119149374750116,0.002972768297046148,0.06758279791465044,0.03924113397906216
10556692,0.05620869737909264,0.0076685758882609305,0.021239107584362614,0.005835720780866771,0.0025563199935225937,0.3071817001218696,0.033506810124115875,0.06388103411764573,0.5019220340102631
10557065,0.004141994028134688,0.014483422626969352,0.001995708108102917,0.005104021670788401,0.005480719292932803,0.9158865159556638,0.01896256975460211,0.012857527297837457,0.02108752126496843
10557235,0.0017438793735872857,0.010569993031773806,0.009037384877843443,0.0038243328421624302,0.0066069730648429,0.8732922259608514,0.007193656655966969,0.06733998925091761,0.02039156494205413
10557310,0.004681539708122979,0.036612776308500336,0.016537432184253457,0.024883569499255673,0.0904361401204584,0.5505864492004632,0.006868619080840021,0.08643837514555457,0.18295509875255142
10557603,0.0010409754443953827,0.015140909629486844,0.006883517791752832,0.006689863280032174,0.0024286376488385493,0.7787569252143453,0.01987198037548633,0.03836608094412192,0.13082110967154076
10557649,0.0013042931990238885,0.015392722819001073,0.003856664037758286,0.006262111384113495,0.008623008281720704,0.8874418348306872,0.006434254637477085,0.05660157068019012,0.01408354013002825
10559369,0.004286196857821479,0.010439465918967357,0.006325790679443863,0.006058840543602602,0.0018333764709624395,0.8054215665111495,0.10972704539984526,0.016145456134092743,0.03976226148411475
10559516,0.002740780825542174,0.006081888064092239,0.005958446029704168,0.003379032386189824,0.006915436433845252,0.8665103085824353,0.03013509249136983,0.03992521685716779,0.038353798329653396
10559765,0.00432926881235279,0.012946131765566044,0.0059248861310938735,0.0051751977749954145,0.002774825018953599,0.8215682485323693,0.034951923536114475,0.06718652319733069,0.04514299523122379
10559904,0.001824810172254976,0.011242070708399412,0.005813333290448594,0.005511953363573798,0.008642982309787646,0.754467597920604,0.03275528483548353,0.04070471604216015,0.1390372513572878
10561136,0.05949579630264403,0.013692972271915597,0.004005811970075055,0.00896186368440668,0.005853700185145672,0.7273343067348668,0.022063827222418286,0.021803015839501803,0.1367887057890261
10561583,0.0017914388281103034,0.012420406372906473,0.005528131841564683,0.0031992690129513546,0.0010412706102404838,0.7501139324764645,0.031104729528801837,0.06553883762911895,0.12926198369984143
10561870,0.0038701354401371236,0.011555185054126128,0.003917219702407671,0.0006883135342027075,0.0032418532104761923,0.842904312455781,0.1008122270585249,0.01755825889434082,0.015452494650003456
10562711,0.007977577320764503,0.050087130523220474,0.01755940469524714,0.11133946599465011,0.07287319323312424,0.42508748008622727,0.006725905042708572,0.060272772361250844,0.24807707074280685
10566953,0.0010859827413025758,0.0045899012601063665,0.0034275840310605582,0.004646494046256118,0.003283246883979005,0.6259338254357876,0.31599567836116127,0.028502436435260677,0.012534850805086024
10567563,0.07411135551603681,0.021224050835107863,0.011410222720166495,0.010916812705956661,0.00797570047222139,0.7555245185240603,0.024169055523894808,0.03129506039248685,0.06337322331006888
10568512,0.004979701014797121,0.00620888821195867,0.005053345284384663,0.0033302949175338242,0.007253181183596556,0.4649654805905626,0.3216074245776186,0.027037990542411544,0.15956369367713635
10569249,0.0021798650630174363,0.012184189993343086,0.005429006786945089,0.004506256542852282,0.0029344954950654635,0.7248789374584197,0.10486819686334264,0.0195066847841231,0.12351236701289126
10569900,0.0027274710074164333,0.3219050587443723,0.006353613659320595,0.020354796022278628,0.477154350840797,0.08200983525710094,0.010474734781296699,0.058949789194050355,0.020070350493367077
10569996,0.004022014799627471,0.003536180034308316,0.009424389678136023,0.00288347141355582,0.006938223532622159,0.7176507866460619,0.19253877645030262,0.019760611045058257,0.04324554640032741
10570047,0.002254619697035461,0.012299037157737043,0.004364697648285846,0.006564745294080118,0.0034080298257385135,0.8689803344342727,0.03190000472616558,0.05815449900740199,0.01207403220928276
10570186,0.004255093684432928,0.009096789489982042,0.007606401347593695,0.0049426260774956396,0.004551376958209478,0.7534221611866007,0.1102005789227753,0.06419382408319924,0.04173114824971099
10570190,0.005463919274904812,0.012328027146610349,0.002916415006568229,0.00362970301892077,0.004780132619945071,0.8166127308160671,0.11737924988752803,0.01558714757784599,0.021302674651609524
10570281,0.0030006801901283063,0.014124674561560774,0.004955691012349912,0.005219829874096916,0.005354932078065266,0.7812808876628622,0.11399402446552563,0.025870152845276887,0.04619912731013402
10570444,0.21110866096233818,0.014605090829271463,0.007612403617281075,0.005248366498537698,0.007533624816460195,0.5045176601203805,0.0110331404680612,0.07658229815720108,0.16175875453046848
10570516,0.0015897379787585464,0.010412530694502289,0.008683884777768729,0.008439664234389662,0.003235949204420696,0.7278857140636629,0.03427420980386032,0.06750452224976577,0.1379737869928711
10570563,0.0035837889463554537,0.004211117452967659,0.004898975006927462,0.007658535242977125,0.004271793000462033,0.4703533621166757,0.31939824369930564,0.038951733636261254,0.1466724508980677
10570908,0.00431589980725677,0.01225717686231656,0.0022394462417261282,0.00323991775505258,0.0055780900814939,0.7835339453869652,0.11084535932491799,0.03863699505957627,0.03935316948069463
10570962,0.002854688834907548,0.011493836044014655,0.01694408752488645,0.007608323061074649,0.004099920095463368,0.6660122204703965,0.023656060367439807,0.2102936052083587,0.057037258393458315
10571126,0.056211043512846205,0.008484346359001893,0.00621835199771831,0.003864818861328549,0.004362772180868287,0.40216461093816475,0.09954184015316224,0.05955512309704967,0.35959709289986014
10571129,0.07321016646420411,0.016305373712388983,0.009051659355005579,0.006966114299064498,0.008748228508060797,0.736563508326799,0.008380324268498615,0.08123509207188706,0.05953953299409152
10571130,0.059844306016939616,0.0099187641204546,0.01106170473613932,0.0816127749689058,0.004963387992061298,0.611291607037841,0.010915887623925825,0.06932428070054014,0.14106728680319244
10571150,0.057688548132703195,0.009990642278610806,0.003260539370514454,0.007305874614279202,0.003952346736498583,0.6996189468044068,0.018404670733949482,0.06906464962454822,0.13071378170448925
10571157,0.0034732626044711914,0.008222423606610817,0.006943584433171965,0.0023941360344366283,0.006123583380519621,0.5647476660959033,0.2078645832774314,0.019675811214639224,0.18055494935281577
10571249,0.006227245736948076,0.009903076452700863,0.008985026335515825,0.004067211687426898,0.0034151587376911267,0.7816349988995777,0.1116129848966774,0.03455839197693561,0.039595905276526525
10571563,0.0031882551936327722,0.07868091009867668,0.004878238712943209,0.0068885978611053856,0.03220119375865363,0.6321452052439787,0.01962782059205337,0.07466660336531263,0.1477231751736437
10571600,0.006246165572942127,0.012037257305364034,0.007262359865176398,0.0032404938718858392,0.005015270109249648,0.8606148419978948,0.034628208703839036,0.02572853006446723,0.04522687250918089
10573894,0.0014842632320345454,0.012317353227626282,0.009032831177014502,0.009510774997152057,0.0019075757677880765,0.7261550292829755,0.02129599482485988,0.07366679818740064,0.14462937930314854
10574347,0.0022223753981590053,0.01277473371030953,0.006027372793691007,0.007295012772100033,0.0029461550297430117,0.7307411291516358,0.03950407345509186,0.0664497954562088,0.13203935223306093
10574370,0.002475490561217069,0.013771636655885086,0.007032985701244123,0.007602004545013228,0.003468413540324219,0.7423710545684334,0.03059798965616071,0.06204596962478156,0.1306344551469405
10574372,0.0009592382823531826,0.00658796239580276,0.007275721755475379,0.001497401629501847,0.005287190231590434,0.6400777242040036,0.15697663835392964,0.024245243396576487,0.1570928797507667
10574408,0.07191534713207358,0.01613069524044575,0.00792365966809907,0.02616676148560085,0.006039687661256105,0.7212098897556726,0.01158490017909865,0.0785796067863574,0.06044945209139603
10574430,0.0033685293604250478,0.009975323907471889,0.008465238593373555,0.003646653772848536,0.002039081306015871,0.7372654343785381,0.03476983130194332,0.06649262409634848,0.13397728328303535
10574439,0.005729514265120236,0.012108973396051185,0.004339151254763323,0.005589550591231609,0.004277338312321819,0.819940559357991,0.03154595911806054,0.0657551941458533,0.05071375955860698
10574456,0.0036376623404055595,0.008347374208835991,0.004475922997531043,0.009121401754728543,0.0030180037334302345,0.7528286453288715,0.019591319511037972,0.06517014913145801,0.13380952099370114
10576038,0.07081998917702056,0.011722818514763826,0.006792879956539347,0.005728083769469843,0.006758273640055246,0.7557356152603568,0.018964560847983786,0.07430693044319224,0.049170848390618443
10576770,0.006551443454228287,0.01059671881695867,0.002869415266757537,0.01028196498108901,0.0024645833101730997,0.7383118893124968,0.025484679299372072,0.06633486166990671,0.13710444388901788
10577118,0.0032323222643159486,0.009013321783341603,0.004135488469443601,0.003294253809907928,0.0030172710348177288,0.7467215858966022,0.1129747878183688,0.06709855640475115,0.050512412518451046
10577354,0.0045488878582855274,0.00391168615320237,0.004507011573326957,0.0017191788759034234,0.0032043725805693994,0.7911798951263288,0.12246070163519203,0.02659474886172554,0.04187351733546597
10577622,0.006169839615576352,0.013803438521166632,0.006847611651290555,0.001425080243748482,0.004720877898288089,0.752131719486594,0.10478702273436438,0.06474636494855213,0.04536804490041947
10577723,0.0032352195837688533,0.011643473646127694,0.0018133290832279417,0.005643883179764972,0.004650655864697991,0.7186923405216739,0.09762180342620512,0.033844697751526404,0.1228545969430071
10578130,0.15383493842442772,0.014463112273631342,0.006018215894800624,0.0038269046786177678,0.004668006591929505,0.7064920752808411,0.03251342537879554,0.0284347649047617,0.04974855657219476
10578295,0.0017799215781995723,0.009866535838969499,0.0061197482761789195,0.008666828555333517,0.003936449835057211,0.6132859911165884,0.3070018531193519,0.006946701757488078,0.04239596992283292
10579132,0.0027921843762016567,0.008555258543604068,0.006748142514717579,0.005859099903403254,0.0034386190460657454,0.6243257360734046,0.319950650676367,0.00853634373242005,0.019793965133816004
10579372,0.005069418340787177,0.007884411838238068,0.0037358388946255247,0.002852099109912021,0.002558337625364881,0.6199641390419496,0.3229495084324432,0.016424954996727737,0.018561291719951974
10579452,0.0033961105544071165,0.011579729307052944,0.005315153515601528,0.00931880468148149,0.029990996182541276,0.855438176290846,0.006826029894939926,0.06026409286633021,0.017870906706799573
10579754,0.0031269314350457,0.011910113801599712,0.005225216690897592,0.004242718898187398,0.0282523027508932,0.8603359822558722,0.008824465026090807,0.05757421722902713,0.02050805191238636
10580098,0.005044708451536785,0.013408408825010184,0.003376055095459286,0.010049868489785927,0.002474202043524604,0.7734001556436224,0.10882754094973313,0.06674155196810157,0.01667750853322625
10580150,0.003924897114273441,0.010144998194778201,0.004766448759004641,0.0077025229451963195,0.0016536012217285684,0.7834351265382729,0.09417220441356862,0.056869119354938096,0.03733108145823937
10580642,0.0019214442691889793,0.015334700302956583,0.00896417749317556,0.004090217075517707,0.0016555628031110694,0.8142086496938521,0.037432803708546805,0.06721232261229754,0.04918012204135366
10580740,0.003441865962494926,0.010371790259392827,0.004707116426419526,0.008742118693045408,0.00592032450928692,0.682926460494003,0.18486817269822772,0.041834078120488345,0.05718807283664138
10580745,0.004166934734063018,0.00656368300154884,0.0036649072749615082,0.007960244640737125,0.00452430496911262,0.6209101569384045,0.169094514028734,0.040088421338852785,0.14302683307358557
10580771,0.005898959420351512,0.006292648581772966,0.005210685015294298,0.011005421602026437,0.005479433939893774,0.6050028879599307,0.04258755419255236,0.13525508844381728,0.18326732084436062
10580995,0.001991549079944225,0.0075566736226483,0.019068119128775693,0.006121757454766282,0.005420095214359295,0.6229162602879724,0.1146658133417885,0.07436697971645519,0.14789275215329012
10581310,0.0037775314117064296,0.014383567244503556,0.007032988463467504,0.004947846358487964,0.001450215971718155,0.6537347350206041,0.24487044480943854,0.019482741043251747,0.05031992967682206
10581368,0.0677124297385368,0.01040446960502326,0.005459429065653377,0.08352274181221062,0.0340591178036497,0.6669692563716164,0.006231160933428606,0.06969754490636006,0.05594384976352117
10582173,0.057440973147638505,0.015965589821290732,0.005823309151043786,0.008853960544156447,0.007499690974463217,0.800078840923977,0.03643462307609292,0.02159976460403308,0.04630324775730437
10582418,0.23648004039548595,0.016849138552034505,0.007813834849610774,0.00951146444111885,0.04092539096615944,0.5710254154280503,0.029432671393914547,0.02231106521914902,0.06565097875447662
10583009,0.005843186423000142,0.005419682006408548,0.00518342822844312,0.0036194603669571124,0.0014669857128981553,0.6212831521386579,0.31584857959841467,0.02041129204464247,0.020924233480577887
10583434,0.006422096155475901,0.03441084179793214,0.020030310224687316,0.09117433565181104,0.002164925050009758,0.6702339549139015,0.04372004182080988,0.0751067062993942,0.056736788085978394
10583521,0.004237245645279806,0.009447701760149007,0.0026109365378655276,0.004125718864059437,0.0007428049091255885,0.5593512870540026,0.3829572272443463,0.012664518990014386,0.023862558995157247
10584210,0.0025230571997212187,0.003297079096306928,0.006428724698658185,0.0030474122924500496,0.001985440706630681,0.7778808053295434,0.12803006762646915,0.01656071019901027,0.06024670285121019
10584222,0.003188538115927189,0.007139225491694678,0.009450847112275474,0.004727476996069655,0.0072363562207007626,0.7360868234029236,0.17510036677472376,0.01001337698842749,0.04705698889725745
10584314,0.0030392421746488177,0.005230493347804704,0.010679873496940065,0.0025539841017405158,0.0034473023786860705,0.22651499841268852,0.12097465128206161,0.06754823183588915,0.5600112229695405
10584430,0.005108122904749193,0.0099713656043081,0.006890242770956857,0.006898761497693857,0.003870012476598282,0.5962512478927202,0.3088159970916363,0.007326275274283704,0.05486797448705353
10584519,0.003633890621879198,0.05731827380952888,0.01224322952784328,0.0045820889845720235,0.0035215584748410226,0.7670804292942167,0.03722635466072005,0.07045234747251214,0.04394182715388665
10584820,0.005310560442805582,0.05549641552020181,0.005798574760033812,0.006051253802830208,0.03130336442599851,0.8141252831484311,0.02713445867332751,0.03746764072963994,0.017312448496731404
10585136,0.005422194022198672,0.04985096181464878,0.007305575663709947,0.0055216995329462615,0.00297558872050726,0.8328226754549629,0.023754169794996442,0.05777547463955118,0.014571660356478635
10586849,0.00430124083050276,0.0073533739527802825,0.007790536264933446,0.007271023074256887,0.005274939413731123,0.7942645293809446,0.11694573775171944,0.042498800021193404,0.014299819309937881
10587734,0.005361908017655145,0.01154500957374946,0.010879453072526636,0.005444608711694907,0.0029810909254737467,0.5803311411759827,0.287692120613818,0.07655000022239158,0.019214667686707963
10587840,0.00045647041989110734,0.006437378011111022,0.0031533441806882645,0.007317645637544827,0.006137945573425301,0.766590190221013,0.10842216084813061,0.06380966255422539,0.03767520255397027
10588529,0.0021643073843853095,0.0034858606909770416,0.0060369959918145175,0.0041538560041371785,0.0032772760983049588,0.0019361208798554573,0.9266869468280323,0.005078234611490643,0.04718040151100267
10588664,0.002879823113791877,0.006414721087336373,0.003339915241613459,0.00010049872246496069,0.004962477047118254,0.08165374064846195,0.7557851331574629,0.007762396645030756,0.13710129433671964
10588792,0.003927936550606342,0.0046701905352831054,0.008118162458916767,0.0013170062852435967,0.0032188599365578813,0.004021788330733849,0.794692380082854,0.009826585970200474,0.17020708984960395
10589349,0.005380536395643731,0.004137454630871399,0.007903289401674778,0.004096568385906101,0.0025036866511936877,0.15929872287028804,0.10445278654530599,0.013234596589345844,0.6989923585297704
10589410,0.2109148540366018,0.007403649045269716,0.0071697323133658,0.0059288757154829525,0.0028247226722760334,0.5056399309504976,0.02728234350870615,0.07241540225243893,0.1604204895053608
10589411,0.004978779228777141,0.005789331083787857,0.0044717437814432185,0.004779858788513751,0.003327263897548868,0.39686800546594614,0.0967604109491861,0.022581249306943864,0.46044335749785287
10589472,0.059100086826349534,0.010192050496006643,0.008187520613957989,0.001723987459698638,0.0030070304881353862,0.0768946683152127,0.10546771547616036,0.023792540064584693,0.7116344002598941
10589485,0.052307056790165646,0.0059291106099908725,0.007244477799941296,0.008750532665663292,0.0015815725362673255,0.08616459530827109,0.014645208244377012,0.052318522111309565,0.7710589239340139
10589763,0.005224785689805958,0.01383857419511626,0.007246476506788408,0.0032814679663301124,0.005105007129051368,0.8535069056335799,0.0320795303831867,0.06240106457475134,0.01731618792138992
10590733,0.002650636989243366,0.02265295795483399,0.005473776073340953,0.013803177469656534,0.006427687160326259,0.8654277986206302,0.005852207509644416,0.060238318422000094,0.017473439800324207
10592587,0.27103392997401266,0.014787793737609656,0.008458450043802487,0.009623280382513826,0.040812998336609015,0.5303481865634145,0.029083400224891427,0.03544590849463758,0.06040605224250888
10592944,0.0028192717337272304,0.011008160103999966,0.007260465897456655,0.004404862378475947,0.02740040935744905,0.8518698154272684,0.007812682063992878,0.06580768685609403,0.021616646181535918
10595034,0.06743309827951727,0.010902085201118258,0.00917073234685934,0.004556017179444153,0.0029527195089084526,0.7951958865414669,0.02394587610335354,0.03769542553059729,0.048148159308734874
10596119,0.003787742138918493,0.01780426581692745,0.005985498242402538,0.005511703798443342,0.0026073913049580945,0.8195931812326925,0.10296938288367938,0.024473067844424302,0.017267766737553807
10599481,0.003544708226288578,0.007494933393714261,0.005228152553620392,0.002893235125354597,0.0061840243326768156,0.6259247355644151,0.31436782341009706,0.023188913695265788,0.011173473698567337
10599552,0.0636128315353457,0.009584934018511383,0.009299124610381808,0.006361924590925683,0.00116828944964199,0.6369180668825388,0.12092253668052337,0.007768136493567804,0.1443641557385635
