track_id,Clutter,Cormorants,Pigeons,Ducks,Geese,Gulls,Birds of Prey,Waders,Songbirds
6868504,0.05613702074200975,0.010005464258858543,0.07359138853574387,0.23457255095768356,0.4691451019153671,0.08009794422945295,1e-12,0.060737535515828805,0.01571299384405536
6868536,0.08403369582828334,0.07141846788311731,0.11016181974127898,0.35114080042532675,0.04071197686090745,0.22809146010534048,1.404563201701307e-12,0.09092038582441499,0.023521393329926196
6868565,1.2139961355803572e-12,0.012945456422065422,0.017999942702179927,0.20233268926339287,0.6069980677901786,0.09484344809221541,1.2139961355803572e-12,0.04455031690203146,0.020330078825508375
6868861,1.0492892602690598e-12,0.05335369120012169,0.004954151370486591,0.005581325852494999,0.9282174225457068,1.0492892602690598e-12,1.0492892602690598e-12,0.004035727924111769,0.0038576811039303673
6869275,1.0492892602690598e-12,0.05335369120012169,0.004954151370486591,0.005581325852494999,0.9282174225457068,1.0492892602690598e-12,1.0492892602690598e-12,0.004035727924111769,0.0038576811039303673
6871418,1.4939848576657796e-12,0.10671320411898426,0.025538202695141538,0.3734962144164449,0.12991172675354606,0.2426129256038446,1.4939848576657796e-12,0.09670884123282952,0.02501888517622119
6872996,0.30908863349215693,0.018127828623058968,0.008026380945263754,0.005872150204514207,0.005610519749857634,0.5275823226848886,0.03820196593723288,0.0065384134007956275,0.08095178496223157
6873817,0.07055550625071322,0.016927534308954436,0.017485278437750298,0.006272791969098363,0.10254651219047758,0.6827438837944956,0.00738206504031607,0.076337637981081,0.019748790027113508
6874023,1e-12,0.04768768001876692,0.013905633217992989,0.0032395775717987884,0.0030952399572136942,0.8860741526595424,0.008050280747087978,0.022241684751835952,0.015705751074761354
6875504,9.999999999999998e-13,0.04797371111324551,0.01398903931967785,0.003259008584549781,9.999999999999998e-13,0.5307091791902785,0.018815899990285274,0.022375090558746917,0.36287807124121607
6875899,1.0658618988572176e-12,0.011365825935681232,0.005032398011601593,1.0658618988572176e-12,1.0658618988572176e-12,0.8142920096859487,0.11445496900480187,0.004099468841758529,0.050755328517010354
6877293,9.999999999999998e-13,0.0044356064091565246,0.010038477662827925,0.0050726349891949615,9.999999999999998e-13,0.07450432640380102,0.005969673727503303,0.022616333074355403,0.8773629477311606
6880408,1.0038719980901708e-12,0.01070479618816533,0.004739716704863885,0.005339744670692398,1.0038719980901708e-12,0.720169042108166,0.10779833536538747,0.01687179828722976,0.13437656667348744
6880690,1.0550274794507513e-12,0.011250293027318439,0.01803465776838891,0.0811559599577501,1.0550274794507513e-12,0.45215463405032186,0.006604240872931148,0.025020414532428877,0.40577979978875045
6880833,1.0894138981639126e-12,1.0894138981639126e-12,0.016152759610338078,0.0037630877311361395,1.0894138981639126e-12,0.0880652970437544,0.11698404275585636,0.004064977231954897,0.7709698356236919
6880956,1.0000000000000002e-12,0.013694832772328615,0.004504595608147121,0.003295590154768774,1.0000000000000002e-12,0.9274657265042099,0.01902710384227613,0.0160348462152195,0.015977304901050055
6881733,1e-12,1e-12,1e-12,1e-12,1e-12,0.07135541140278115,0.9133492659555988,1e-12,0.015295322635620076
6885154,1.0228016525365417e-12,0.01090665269292521,0.00482909184389302,0.005440434322002881,1.0228016525365417e-12,0.7813950513167368,0.02298430679857397,0.037534005597671255,0.13691045742615127
6887294,1.0389891916133916e-12,0.011079268630948491,0.015405111572521458,0.003588909124744013,1.0389891916133916e-12,0.7937619289965664,0.008918362159771603,0.024640059880159486,0.14260635963321064
6887586,9.999999999999998e-13,0.0045324087095184795,0.014448452805466652,0.005183339747587623,9.999999999999998e-13,0.08995088054275137,0.006099955383702491,0.023109910020864974,0.8566750527881082
6887600,1.0000000000000002e-12,0.004446665817040593,0.014175120850038792,0.005085282716296422,1.0000000000000002e-12,0.07469008989560372,0.005984558063622707,0.01606778404476853,0.8795504986106293
6887637,1.041633056087657e-12,0.05630448951825173,0.015444312198993266,0.005540601362168388,0.030192262495294407,0.44641416689471014,0.020773308810864956,0.024702760223422694,0.4006280984952527
6887702,9.999999999999998e-13,9.999999999999998e-13,0.004710051728948242,0.003445903130194258,9.999999999999998e-13,0.07793663720244044,0.033069247166560366,0.00383688060073553,0.8770012801681211
6888243,1.158492182809943e-12,0.016629074394401096,0.0171769845886153,0.006162192461755016,0.0038234065439272046,0.10693773995168705,0.009944138908239855,0.01947045685394862,0.8198560062962674
6888737,1.0374526032475992e-12,0.01106288320998625,0.015382328548975935,0.11249486059311317,1.0374526032475992e-12,0.09576485568439377,0.006494225998420026,0.024603619049350177,0.7341972269136857
6889024,1.0000000000000002e-12,1.0000000000000002e-12,0.004415239082969132,1.0000000000000002e-12,1.0000000000000002e-12,0.07305840920100484,0.10041853828433418,1.0000000000000002e-12,0.8221078134266919
6890285,1.1803678350107618e-12,0.012586860799877794,0.005573030382487072,0.004077263678793651,1.1803678350107618e-12,0.7765577861912908,0.14841115166568114,0.004539876288502931,0.04825403099100599
6890416,1.0527618236214578e-12,0.004896566621495152,0.015609318636891465,0.0036364829831483855,1.0527618236214578e-12,0.17096132178468118,0.03489818199850136,0.02496668356414524,0.7450314444090317
6890579,1e-12,1e-12,0.009756651699697678,1e-12,1e-12,0.07241264933369371,0.09953094351369444,0.0034585145950420874,0.8148412408538721
6890917,1.028152680876208e-12,1.028152680876208e-12,0.015244438431442952,1.028152680876208e-12,1.028152680876208e-12,0.16696496527049534,0.2998778652555607,0.003836390600284358,0.514076340438104
6891091,1.0604451687638064e-12,0.004932303110529333,0.01572323973455397,0.11498803034788264,1.0604451687638064e-12,0.08284727880967238,0.005891362048687814,0.025148897282936122,0.7504688886636169
6891208,9.999999999999998e-13,9.999999999999998e-13,0.010103965125918466,9.999999999999998e-13,9.999999999999998e-13,0.07499036616892611,0.031819116694881355,9.999999999999998e-13,0.8830865520052739
6891245,1.0039894708031361e-12,1.0039894708031361e-12,0.014886170077805972,1.0039894708031361e-12,1.0039894708031361e-12,0.16304102517315888,0.10781094988490053,0.0037462293686684185,0.7105156254914503
6891309,1.0000000000000002e-12,0.004572634125439769,0.01457668374419432,0.003395911353953541,1.0000000000000002e-12,0.07680596382574612,0.032589491833244756,0.0037812166806521167,0.8642780984347694
6891366,1.0000000000000002e-12,1.0000000000000002e-12,0.004415239082969132,1.0000000000000002e-12,1.0000000000000002e-12,0.07305840920100484,0.10041853828433418,1.0000000000000002e-12,0.8221078134266919
6891473,1.0885642730605886e-12,0.005063089642142272,0.016140162203534262,0.00579023549500313,1.0885642730605886e-12,0.17677539477052293,0.007567357546408539,0.018295197866564514,0.7703685624736473
6891484,9.999999999999998e-13,9.999999999999998e-13,0.00447214873680335,0.0032718518219514653,9.999999999999998e-13,0.07400008612929293,0.018890050476309532,0.003643081163288267,0.8957227816693543
6891531,1.0537194104699943e-12,0.004901020513813927,0.004975068038101956,1.0537194104699943e-12,1.0537194104699943e-12,0.08995165699134099,0.15053134435285634,0.003931788845037292,0.7457091212556883
6891557,1.0000000000000002e-12,0.004626752274318774,0.014749202060637278,0.003436102725314461,1.0000000000000002e-12,0.07771497960769815,0.01983835376880272,0.005127586283394517,0.8745070232778343
6891579,1.0000000000000002e-12,1.0000000000000002e-12,0.004415239082969132,1.0000000000000002e-12,1.0000000000000002e-12,0.07305840920100484,0.10041853828433418,1.0000000000000002e-12,0.8221078134266919
6891867,1.310856805960641e-12,1.310856805960641e-12,0.006189125618322195,1.310856805960641e-12,1.310856805960641e-12,0.10241068796567508,0.3823332350718536,0.004891256738659108,0.5041756946002466
6891888,1.0188960487979038e-12,1.0188960487979038e-12,0.004810651788469801,0.003519502759232828,1.0188960487979038e-12,1.0188960487979038e-12,0.022896540422424803,0.005252041488648988,0.9635212635371481
6892297,1.0000000000000002e-12,1.0000000000000002e-12,0.004702248217186718,1.0000000000000002e-12,1.0000000000000002e-12,1.0000000000000002e-12,0.2904813836167095,1.0000000000000002e-12,0.704816368160104
6892562,1.0562018268372983e-12,1.0562018268372983e-12,0.0049867886064083955,1.0562018268372983e-12,1.0562018268372983e-12,0.08251576772166393,0.16503153544332785,1.0562018268372983e-12,0.7474659082233188
6892587,1.059355958285934e-12,1.059355958285934e-12,0.005001680634022351,1.059355958285934e-12,1.059355958285934e-12,0.08276218424108858,0.11375634451392579,0.0039628218922754385,0.7945169687144504
6894293,1.0000000000000002e-12,0.7580980019223965,0.011240332812687923,0.08220339779881408,0.021973855128185407,0.0647156830909363,1.0000000000000002e-12,0.04907330816015515,0.012695421084824823
6895609,9.999999999999998e-13,0.004615327853603631,0.016962316043158645,0.0763304221942139,9.999999999999998e-13,9.999999999999998e-13,0.006211552353832742,0.02353269933260349,0.8723476822195875
6895723,1.0079365146194696e-12,0.00468807681218358,0.010609858048625997,1.0079365146194696e-12,1.0079365146194696e-12,0.8980972790519633,0.03341226015313159,0.005195549044430256,0.0479969768866414
6895905,1.0000000000000002e-12,0.004391488870203054,0.004457838088260891,1.0000000000000002e-12,1.0000000000000002e-12,0.8412797749103735,0.10138739405032554,0.003523022787662898,0.044960481290174124
6895906,1e-12,0.004541088593466247,0.010277200501002559,1e-12,1e-12,0.7458949556162416,0.10484124001022745,0.003755130952289397,0.1306903843237727
6895927,1e-12,0.010549500818453858,0.014668498666845232,0.0034173013589618327,1e-12,0.8814994572775875,0.03279476497523041,0.016627037704528582,0.04044343919639263
6895938,1e-12,0.004419607884011488,0.004486381940804862,1e-12,1e-12,0.8466665488056623,0.10203658470469475,0.0035455809517256336,0.038845295710100966
6895939,9.999999999999998e-13,0.00420481240499777,0.00426834120431785,9.999999999999998e-13,9.999999999999998e-13,0.8541186425121238,0.09707754814223041,0.0033732636831138828,0.036957392050216246
6895948,1e-12,0.004371173056340673,0.004437215331035149,1e-12,1e-12,0.8419061438722818,0.10091835781081823,0.00361462387351248,0.04475248605301165
6895973,1.0000000000000002e-12,0.0043365046381849725,0.004402023121859155,1.0000000000000002e-12,1.0000000000000002e-12,0.8307464173856276,0.030906580018003393,0.0048059200887101495,0.12480255474461477
6895974,1.0000000000000002e-12,0.00427623101133964,0.004340838845316443,1.0000000000000002e-12,1.0000000000000002e-12,0.7661580561983522,0.09872640724166686,0.0034305584605896365,0.12306790823973532
6896754,1.0526430136031935e-12,1.0526430136031935e-12,0.00496998589992065,1.0526430136031935e-12,1.0526430136031935e-12,0.32668231456650837,0.11303549139363153,0.003927772438817887,0.551384435696911
6897915,1.0550105142314595e-12,0.057027595363862676,0.018034367764640336,0.11439873045883296,1.0550105142314595e-12,0.3274170561407978,0.009055884242330125,0.0682930913230186,0.4057732747044075
6897964,0.061493940789861555,0.010960243678355488,0.015239613944863312,0.005467166468399545,0.02979209553794535,0.3189808849838631,0.006433973684251107,0.03771843288290329,0.5139136480295573
6899282,1.129324226172212e-12,1.129324226172212e-12,0.005332031285043493,1.129324226172212e-12,1.129324226172212e-12,0.09640572662445712,0.32938623263356187,0.004213896366314224,0.564662113086106
6899294,1.2556691862955642e-12,1.2556691862955642e-12,0.005928560841810974,1.2556691862955642e-12,1.2556691862955642e-12,1.2556691862955642e-12,0.36623684600287293,1.2556691862955642e-12,0.6278345931477821
6899376,1e-12,0.004261620833687052,0.013585232805905186,0.0031649342979023017,1e-12,0.07158191244083721,0.09838909844217089,0.0035240326124719866,0.8054931685650254
6899506,1.1506038715938203e-12,0.005351645914389862,0.005432501754456186,1.1506038715938203e-12,1.1506038715938203e-12,0.647214677771524,0.17978185493653442,0.00429329802833515,0.1579260215913087
6899530,1e-12,0.0045568383545341665,0.01031284469710364,0.005211277905451307,1e-12,0.07654064423631608,0.0061328340921743075,0.03595303655870994,0.8612925241537106
6899560,1e-12,1e-12,0.004356079435783558,0.003186934799650976,1e-12,0.14982679372205293,0.030584009651899145,0.004755760951025555,0.8072904214365879
6899670,1e-12,1e-12,0.013521577013408842,0.003150104489402866,1e-12,0.14809529695692705,0.018187141731552444,0.01532697898625428,0.8017189008194546
6899695,1.0000000000000002e-12,1.0000000000000002e-12,0.014776068006032707,0.003442361650225236,1.0000000000000002e-12,0.09199049517601901,0.008554194830388035,0.005136926277011371,0.8760999540573238
6899730,1.010621795741863e-12,1.010621795741863e-12,0.004771585437874708,0.003490921574237869,1.010621795741863e-12,0.16411806939397777,0.10852314585147523,0.003887006906699474,0.7152092708327031
6899754,1.0000000000000002e-12,0.004342212709325046,0.013842144304026303,0.10123110352462611,1.0000000000000002e-12,0.07293560410194415,0.005843979546196463,0.06043235768446803,0.741372598127414
6901206,1.0585574065870315e-12,0.004923522821335031,0.015695249850549067,0.003656502268003563,1.0585574065870315e-12,0.3285178158373546,0.1653995947792237,0.00545648147725274,0.47635083296416425
6902131,1.0000000000000002e-12,0.004298599487270686,0.004363545277446636,1.0000000000000002e-12,1.0000000000000002e-12,0.8731695032118553,0.0992428338000749,0.003448503320011931,0.015477014900340627
6902271,1.109015620424971e-12,0.011825995952398981,0.016443394701523457,0.021745404322058254,0.0036601175591583204,0.34417726151119793,0.006942194807042072,0.040697820933026464,0.5545078102124855
6904326,1.0188960487979038e-12,1.0188960487979038e-12,0.004810651788469801,0.003519502759232828,1.0188960487979038e-12,1.0188960487979038e-12,0.022896540422424803,0.005252041488648988,0.9635212635371481
6908023,1.3745071540096552e-12,0.09817908242926107,0.006489646619497899,0.3436267885024138,0.004536327240955958,0.42657118572713437,0.008604113640123036,0.08897479345151789,0.0230180623877215
6908625,1.1598042926247975e-12,1.1598042926247975e-12,0.005475940947237004,1.1598042926247975e-12,1.1598042926247975e-12,0.49705898255348463,0.338276252015566,1.1598042926247975e-12,0.1591888244779134
6909657,1.0000000000000002e-12,1.0000000000000002e-12,0.004415239082969132,1.0000000000000002e-12,1.0000000000000002e-12,0.07305840920100484,0.10041853828433418,1.0000000000000002e-12,0.8221078134266919
6909786,1.0000000000000002e-12,1.0000000000000002e-12,0.004649506031972631,0.0034016075218369704,1.0000000000000002e-12,0.0769347951227971,0.03273560824701323,0.016550678614652155,0.8657278044587279
6909952,1.0088528199130403e-12,1.0088528199130403e-12,0.004763233332922758,1.0088528199130403e-12,1.0088528199130403e-12,1.0088528199130403e-12,0.10833318871549426,1.0088528199130403e-12,0.8869035779455299
6910003,1.0000000000000002e-12,1.0000000000000002e-12,0.004463633015618403,1.0000000000000002e-12,1.0000000000000002e-12,1.0000000000000002e-12,0.10151919170018552,1.0000000000000002e-12,0.8940171752781962
6910407,1.0000000000000002e-12,0.010504636126045908,1.0000000000000002e-12,1.0000000000000002e-12,1.0000000000000002e-12,0.9741861809377163,0.006166519137807508,0.003788851662556729,0.005353812131873638
6910422,1e-12,1e-12,0.004399886309507778,1e-12,1e-12,0.07280436877763652,0.10006936057489904,0.0034772235834095054,0.8192491607505472
6910425,1.005069360739464e-12,1.005069360739464e-12,0.004745369975162719,1.005069360739464e-12,1.005069360739464e-12,1.005069360739464e-12,0.10792691122034512,0.0037502588087293433,0.8835774599907376
6910560,1e-12,1e-12,0.012876280256963139,0.09416749537321234,1e-12,0.0678463725345193,0.005436203871310467,0.05621556581431602,0.7634580821466788
6910590,1.005069360739464e-12,1.005069360739464e-12,0.004745369975162719,1.005069360739464e-12,1.005069360739464e-12,1.005069360739464e-12,0.10792691122034512,0.0037502588087293433,0.8835774599907376
6912744,1e-12,0.010337476614477696,1e-12,0.003348620327238217,1e-12,0.9586840270098631,0.006068391766732167,0.01629286697034393,0.005268617308344912
6919118,1.1676979324894613e-12,0.0054311531743695875,0.017313478405939296,0.004033498903245117,1.1676979324894613e-12,0.7682223240062246,0.03870821875655673,0.006019061507677636,0.16027226524365157
6920152,1.0555783874453557e-12,0.004909666918350492,0.01565107987974992,0.00364621204644337,1.0555783874453557e-12,0.45239073747658093,0.1133506993229912,0.00405991687478983,0.40599168747898295
6925791,1e-12,0.0044227680046644464,0.004489589806434636,0.0032846118169355992,1e-12,0.9243761335645293,0.031521385226614004,0.015981430605090014,0.01592408097373204
6926246,1.0805472782077512e-12,0.00502580129398954,0.005101734080300997,1.0805472782077512e-12,1.0805472782077512e-12,0.8255112746556111,0.1160319224921075,0.004155951070029812,0.04417331640471939
6928841,1.2631188903120842e-12,0.013469277266361088,0.018728286676785433,0.6315594451560421,0.004168709208950773,0.11659558987496163,1.2631188903120842e-12,0.19432598312493604,0.021152708689436816
6928933,9.999999999999998e-13,0.010028855956310891,0.004440433546913436,0.0032486487918351142,9.999999999999998e-13,0.8379952032553907,0.10099155170322316,0.004847854769259102,0.03844745197506747
6937241,1e-12,1e-12,0.014113304461404302,0.005063106269546341,1e-12,0.07436437333396191,0.00817050625471856,0.022573849296633492,0.8757148603807354
6938426,1e-12,0.01024230833838177,0.004534942942815137,1e-12,1e-12,0.9337140371726376,0.03183980934657169,0.003583958639135246,0.016084943557458663
6938530,1e-12,0.009600274961916401,1e-12,1e-12,1e-12,0.8751846943591041,0.09667569954192325,0.003462663276862155,0.015076667856194072
6938682,1.1807637710680465e-12,1.1807637710680465e-12,1.1807637710680465e-12,1.1807637710680465e-12,1.1807637710680465e-12,0.3664439289521524,0.3443894332281803,1.1807637710680465e-12,0.28916663781258284
6939166,1.0000000000000002e-12,0.004441532425152818,1.0000000000000002e-12,1.0000000000000002e-12,1.0000000000000002e-12,0.9443485354365777,0.03165512059915544,0.0035631696694322984,0.015991641865681798
6939222,1.0665616004168239e-12,1.0665616004168239e-12,0.005035701607256015,1.0665616004168239e-12,1.0665616004168239e-12,0.17320231117880047,0.7999212003126178,0.00397970746424188,0.017861079432817624
6944591,1.0864146296263198e-12,1.0864146296263198e-12,0.016108289401378713,1.0864146296263198e-12,1.0864146296263198e-12,0.6111082291648049,0.31687093364101,0.004178517806255076,0.051734029982205706
6947293,1e-12,0.010253409239579524,0.004539858041236553,0.003321388370065292,1e-12,0.934726022648096,0.008253578825183707,0.02280336600317554,0.016102376870663432
6952804,1.1586257009840022e-12,0.005388956748762801,0.019805567538188074,0.006162902664808521,1.1586257009840022e-12,0.7622537506473699,0.009945284986987143,0.02747728935139926,0.168966248060167
6975207,1e-12,0.010177258870623158,0.014150916782217372,0.0032967209697969467,1e-12,0.9277839675877161,0.00597433941005456,0.02263400918789445,0.015982787189697402
6975472,1e-12,0.004451821596008298,0.004519082356665647,1e-12,1e-12,0.9332131020632396,0.01908829487747148,0.022699011299805158,0.016028687803809782
6975490,1e-12,0.004450814396225879,0.004518059939511634,1e-12,1e-12,0.9463220470424304,0.005990141440929978,0.022693875775222864,0.016025061402679303
6976427,1.0000000000000002e-12,0.004541904675617878,1.0000000000000002e-12,1.0000000000000002e-12,1.0000000000000002e-12,0.9656894553380891,0.008382055839123123,0.005033554150813628,0.016353029992356237
10551287,1e-12,0.010169021825288569,0.00450249418767367,0.0032940527424845712,1e-12,0.8497072396407077,0.03161198681599834,0.06173040133823488,0.03898480344761222
10554874,0.7666339991180247,0.01401429788502821,0.019486107767650425,0.004539653584710731,0.00433739179133253,0.10267419631044973,0.029533251972443966,0.005054729664514449,0.053726371905845394
10555071,1.0511679613565521e-12,0.004889153308635126,0.004963021536149916,0.00363097741401227,1.0511679613565521e-12,0.5912819782630606,0.11287709652150896,0.024928884459048666,0.2574288884954822
10555459,1.2582114796696222e-12,0.018060451861286443,0.018655524410257987,0.0043461536430729605,0.004152513134223175,0.5392334912869808,0.025092536631587906,0.22203731994169804,0.16842200908963448
10555968,0.06489533473122354,0.011566483999996342,0.005121242522294046,0.11761581320478207,0.07567529066664273,0.6105699980662611,1.084679166221879e-12,0.0702136067420413,0.0443422300656743
10556692,0.06011090749600426,0.0071433309299648185,0.014896866461118494,0.005344206821453266,1.004710882433214e-12,0.3118068255827216,0.033305333119333064,0.0650370883717929,0.502355441216607
10557065,1e-12,0.013713425965662098,1e-12,0.003300064509871478,0.0031530319326989863,0.9287249276824759,0.019052936550582763,0.016056616396769627,0.015998996959939116
10557235,1.0000000000000002e-12,0.014171688494293238,0.004661446168251947,0.005251565417211501,0.0032583970245404696,0.886033344750043,0.006180245999597885,0.06390967556838642,0.016533636576675448
10557310,1.2846356961677007e-12,0.037038381188891654,0.0190473167471323,0.025188935218974525,0.08962574624425819,0.5505581555004432,0.00804153800417966,0.08315722140371279,0.18734270569112305
10557603,1.0215878450759379e-12,0.014663940359941691,0.004823360930481293,0.005433977899340095,1.0215878450759379e-12,0.7804677325735425,0.020373546767896197,0.03748946220462158,0.13674797926213342
10557649,1e-12,0.013562637257728197,0.004461112979013524,0.003263777992936319,0.003118362141765889,0.8926933390127602,0.005914639930861122,0.06116305388325196,0.015823076800682897
10559369,1.0549812940194042e-12,0.011249800528642936,0.0049810259396572435,0.0036441495475627085,1.0549812940194042e-12,0.8059794979154454,0.11328658190812393,0.017730778050746288,0.04312816610771149
10559516,1.0000000000000002e-12,0.01041467890246378,0.004611262718329361,0.003373628475793294,0.003223318296178742,0.8702339530779492,0.03237565006880084,0.03584093371530858,0.039926574744176296
10559765,1.080769461607657e-12,0.015513437247956799,0.005102783104852016,0.003733227846658573,1.080769461607657e-12,0.8256810172530548,0.035826611986994154,0.06996052318442425,0.044182399373897924
10559904,1.0580886293567696e-12,0.011282935621102993,0.004995697022458779,0.005628131007216859,0.003492041681045444,0.7590635819298563,0.035074761194147056,0.03882894052685393,0.1416339110162605
10561136,0.0611285620843466,0.010895121170415871,0.004823986081120026,0.005434682191389477,0.0033720140329413254,0.7329732242473981,0.020376187361448864,0.024230519809831343,0.13676570302110844
10561583,1e-12,0.010510537679219252,0.004653705697860166,0.003404680023512204,1e-12,0.7530158299207101,0.03267364199359502,0.06380355164597482,0.13193805303712847
10561870,9.999999999999998e-13,0.01022755911341119,9.999999999999998e-13,9.999999999999998e-13,9.999999999999998e-13,0.8545985220434098,0.10299251175801992,0.016119626315068247,0.016061780766090727
10562711,1.0125221256820611e-12,0.05148417588213871,0.015012683906323807,0.10979155579685002,0.07064107853595776,0.43393805386374046,0.005625122920455895,0.06554272688566916,0.24796460220785171
10566953,1.0920284903365436e-12,0.005079202280635086,1.0920284903365436e-12,1.0920284903365436e-12,1.0920284903365436e-12,0.6322270207211568,0.31850830968149185,0.025897908861736207,0.018287558450611974
10567563,0.07895631448962852,0.018943039224784422,0.006230870629493145,0.0070196723368438725,0.004355440261804119,0.7640359153996383,0.02631877149654284,0.03129719524094817,0.06284278092031657
10568512,1.1121498075001944e-12,0.005172789802326485,0.0052509433781878865,1.1121498075001944e-12,1.1121498075001944e-12,0.47663563178579754,0.32437702718755673,0.026375094249016462,0.16218851359377837
10569249,1.0000000000000002e-12,0.010177330317898307,0.004506172903318733,0.0032967441137233427,1.0000000000000002e-12,0.7291435575994886,0.10248670291789613,0.022634168085128248,0.12775532406054674
10569900,1e-12,0.3236049355763819,0.004583639314113058,0.019035584445669523,0.4854074033645729,0.08287443472078074,0.0053934155929396994,0.06284292275702061,0.016257664227521583
10569996,1.2464830599427805e-12,0.0057975956276408395,0.005885189140428614,1.2464830599427805e-12,1.2464830599427805e-12,0.7216480873352941,0.19476297811605947,0.020949295125088748,0.05095685465174889
10570047,1e-12,0.010359957929807704,0.004587034147916116,0.0033559027030350035,1e-12,0.8703323916402343,0.03220554140978896,0.06288946683779102,0.016269705329426877
10570186,1.0534902571806668e-12,0.011233900846713272,0.00497398610566887,0.0036389991612458257,1.0534902571806668e-12,0.7557647497165652,0.113126470569736,0.0681946818264271,0.04306721177153669
10570190,1.0922105926027829e-12,0.011646795418750055,1.0922105926027829e-12,1.0922105926027829e-12,1.0922105926027829e-12,0.8344217570816291,0.11728435893721158,0.01835648054794593,0.018290608010094453
10570281,1.0473476574932143e-12,0.011168399191278353,0.0049449842185704165,0.003617781200321983,1.0473476574932143e-12,0.8001475892650022,0.11246686254960689,0.024838284367428003,0.04281609920569744
10570444,0.21604689461745732,0.012670996781474098,0.005610282910273915,0.006320520853170294,0.003921643301637014,0.509253394455435,0.010199638801682533,0.07691848145420636,0.15905814682466346
10570516,1.0330898043945433e-12,0.011016360473401529,0.004877666687415219,0.0035685312759742424,1.0330898043945433e-12,0.741129642283042,0.03424607086390751,0.06687411680232537,0.13828761161186803
10570563,1.106659340037386e-12,0.005147252744359935,0.005225020491205788,0.0038226574785401933,1.106659340037386e-12,0.47428257430173687,0.3227756408442376,0.04061135192797747,0.14813550220972885
10570908,1.038364241123661e-12,0.011072604466958472,1.038364241123661e-12,0.0035867504011180005,1.038364241123661e-12,0.7932844823491324,0.11150220038911797,0.03810510976600592,0.04244885262455218
10570962,1.1969204494123271e-12,0.012763369721221498,0.017746761193922475,0.004134440239766242,1.1969204494123271e-12,0.673267752794434,0.023870208392838432,0.21122125577864598,0.056996211876777475
10571126,0.056551483140430056,0.0043963611477942305,0.004462783979111235,0.003265000506997442,1.0000000000000002e-12,0.40509327718961124,0.10149988153296746,0.061185963742180875,0.36354524875990757
10571129,0.07689206285039597,0.013704695697607813,0.006067969346753223,0.006836148444906025,1.2851959076423327e-12,0.7440607886350347,0.008045044805272817,0.08319348509291888,0.06119980512582536
10571130,0.06366722390231608,0.011347594239867777,0.011201601799354859,0.08185785930297781,1.0641521709387115e-12,0.6139339447723335,0.006661359442495845,0.0688848503509434,0.14244556618864646
10571150,0.05834109232177861,0.010398302338326487,0.004604011737250841,0.00518686003164749,9.999999999999998e-13,0.7059053022241023,0.021913026650555688,0.06312223413513868,0.13052917056019983
10571157,1.3364416268968573e-12,0.0062160075669621265,0.0063099226954525835,1.3364416268968573e-12,1.3364416268968573e-12,0.5727606972415102,0.20881900420263394,0.022461203813392557,0.18343316447603925
10571249,1.0332984236858069e-12,0.011018585086696992,0.004878651669904659,0.003569251895287761,1.0332984236858069e-12,0.7894143236854301,0.11095821999310677,0.037919208208653465,0.042241759458853737
10571563,1.103860988482486e-12,0.07884721346303472,0.00521180825534696,0.005871601002566415,0.03199597068065177,0.636842877970665,0.02201432170762793,0.07145528720087524,0.14776091971812808
10571600,1.135641705607713e-12,0.012109923401030115,0.0053618588555604954,0.00392276927671058,1.135641705607713e-12,0.8676020483835323,0.03764558140136065,0.02693221436223825,0.04642560431729644
10573894,1.1140342981752768e-12,0.011879512658267172,0.005823734662899685,0.005925714351996154,1.1140342981752768e-12,0.7329173014311033,0.022217208225717773,0.07211382733723894,0.1491227013305489
10574347,1.0311032527619193e-12,0.010995176865944638,0.004868287312379222,0.005484591770010209,1.0311032527619193e-12,0.7397045074161595,0.034180218323599534,0.06674552305824927,0.13802169525159552
10574370,1e-12,0.010491253024969394,0.004645167114192722,0.005233225504180949,1e-12,0.751634202227828,0.032613692644840396,0.06368648537677354,0.13169597410521508
10574372,1.127743446590815e-12,0.005245318356236349,0.0053245677365005425,1.127743446590815e-12,1.127743446590815e-12,0.6506212191870087,0.1611062066558307,0.026744903871718927,0.1509577841893217
10574408,0.07519231485993837,0.013401744676288947,0.0059338330221319225,0.024642859491912573,0.0041478080332922156,0.7276128513138397,0.007867203969249083,0.08135444015298818,0.0598469444803591
10574430,1e-12,0.010510537679219252,0.004653705697860166,0.003404680023512204,1e-12,0.7530158299207101,0.03267364199359502,0.06380355164597482,0.13193805303712847
10574439,1.0750611935375916e-12,0.011463922679903229,0.005075831886390895,0.005718410603923359,1.0750611935375916e-12,0.8213200422678495,0.03563738763108038,0.0695910147602459,0.05119339016845674
10574456,1e-12,0.010593491425319469,0.004690434772305965,0.005284223855182997,1e-12,0.758958959175476,0.019812075764731693,0.06430711709477167,0.13635369791021226
10576038,0.06913305825787949,0.012321785772773715,0.0054556642494077295,0.003991397886095188,0.00381356332681372,0.7602037421214192,0.023044352752626496,0.07479861819801822,0.04723781743496617
10576770,1.0416390410188187e-12,0.011107525318921053,0.004918031355140786,0.00554063319690861,1.0416390410188187e-12,0.747262790296109,0.02077342816846647,0.06742752720880749,0.14297006445356336
10577118,1.046064256489316e-12,0.01115471363554958,0.00493892472374559,0.0036133480362325254,1.046064256489316e-12,0.7504374013945093,0.11232904767670508,0.06771398088881736,0.04981258364234838
10577354,1.1126659121837506e-12,0.005175190289226747,0.005253380133067756,1.1126659121837506e-12,1.1126659121837506e-12,0.7982168500448646,0.11948090332174505,0.02638733388578065,0.04548634232197723
10577622,1e-12,0.010636404805521249,0.0047094353456405055,0.0034454521803338827,1e-12,0.7620334407665782,0.10710962751212448,0.0645676200446275,0.04749801934317424
10577723,1e-12,0.010052776840555779,0.004451024894255103,0.003256397487403215,1e-12,0.7202200616782446,0.10123243732652142,0.034595488902870855,0.126191812868149
10578130,0.15372228668093924,0.01311374957467728,0.005806318665946712,0.004247938837469823,0.004058674235800376,0.7119769067327711,0.027635467268483455,0.029164702611403488,0.050273955392508424
10578295,1.0790534861191701e-12,0.005018853423810094,0.004324674471682831,0.0037273004701871165,1.0790534861191701e-12,0.6225308573764443,0.3147239334514247,0.0055621313717483,0.044112249432544694
10579132,1.1103965110846837e-12,0.005164634935277598,0.005242665302571689,1.1103965110846837e-12,1.1103965110846837e-12,0.6428611379963959,0.3238656490663661,0.004270755811864168,0.01859515688419327
10579372,1.1147123765305888e-12,0.005184708728049251,0.00526304238210854,1.1147123765305888e-12,1.1147123765305888e-12,0.6270257117984562,0.3251244431547551,0.018734661790430065,0.018667432142856752
10579452,1.0000000000000002e-12,0.01379034126124251,0.004536010896442688,0.005110250573758305,0.027847162546856853,0.8621909942392219,0.008246584616880355,0.062189924393147966,0.016088731471449597
10579754,9.999999999999998e-13,0.00987043454758413,0.004370289979100306,0.003197331321497219,0.026829780219520143,0.8745191552534387,0.0057942248361405,0.059917846226852485,0.015500937614866303
10580098,1.0291502339134338e-12,0.010974350835569793,0.004859066260214513,0.003554923087783882,1.0291502339134338e-12,0.7862452097599526,0.11051277679607344,0.06661909996314641,0.017234573295201047
10580150,1.0000000000000002e-12,0.009480991162057936,0.004197857801267914,0.004729288735683746,1.0000000000000002e-12,0.7922164951338954,0.09547450011366918,0.05755375488157989,0.036347112169846145
10580642,1.0750611935375916e-12,0.011463922679903229,0.005075831886390895,0.005718410603923359,1.0750611935375916e-12,0.8213200422678495,0.03563738763108038,0.0695910147602459,0.05119339016845674
10580740,1.2043604567065974e-12,0.005601676542821383,0.005686309993893283,0.004160139746827624,1.2043604567065974e-12,0.6948233404076523,0.1881813213604058,0.04419671400758156,0.057350497938409385
10580745,1.1084848088871547e-12,0.005155743297149557,0.005233639324301958,0.00382896307042195,1.1084848088871547e-12,0.6235227049990245,0.17320075138861793,0.04067834161053779,0.14837985630772937
10580771,1.3722922849011808e-12,0.006382754813493864,0.006479189258268086,0.007299427047346706,1.3722922849011808e-12,0.6099076821783026,0.0454903519856745,0.14074792665653135,0.1836926680576384
10580995,1.0953370191981024e-12,0.011680134090975028,0.011529863359980026,0.0037835475619969,1.0953370191981024e-12,0.6341424847989015,0.11762008259845395,0.07090351240344862,0.1503403751840533
10581310,1.15478164365028e-12,0.012314022266412941,0.005452226834987158,0.0039888830523325735,1.15478164365028e-12,0.6662201790290077,0.24540853934905094,0.019408094851265212,0.04720805461463409
10581368,0.06814424547863396,0.01214554679908625,0.005377631674760673,0.0876140299011008,0.03301398228157421,0.6594108566240745,0.006327679937301725,0.07372877069802458,0.05423725660544335
10582173,0.06327409875065035,0.011277526402240152,0.004993302005818218,0.0056254327916611625,0.0034903675407006556,0.8079658874184641,0.03505794579554581,0.025080980984165183,0.04323445831075434
10582418,0.2449840614482046,0.014368141044651811,0.006361720198135624,0.004654274051693006,0.03905543008594566,0.5774624305564823,0.02687147112750962,0.022645585512018913,0.0635968859753585
10583009,1.100329917134375e-12,0.0051178135680668615,1.100329917134375e-12,1.100329917134375e-12,1.100329917134375e-12,0.6370331099199015,0.32092955916419275,0.01849293978377101,0.01842657755966657
10583434,1.2026508996519713e-12,0.03817939363974512,0.017831726683472392,0.09251160766553626,1.2026508996519713e-12,0.6764911310542339,0.039866880651446564,0.07785016984354282,0.05726909045961768
10583521,1.341620950253701e-12,0.006240097443040469,1.341620950253701e-12,1.341620950253701e-12,1.341620950253701e-12,0.5749804072515861,0.3913061104906628,0.005006048321842167,0.022467336487502168
10584210,1.191787645525115e-12,0.005543198351279605,0.005626948279155406,1.191787645525115e-12,1.191787645525115e-12,0.7840708194244179,0.12797719683491168,0.020030044462606974,0.0567517926440531
10584222,1.1500168490545705e-12,0.005348915576998002,0.005429730165507887,1.1500168490545705e-12,1.1500168490545705e-12,0.7565900322727438,0.17969013266477665,0.005927921902343147,0.047013267414180555
10584314,1.1344463044068432e-12,0.005276494439101597,0.005356214846113518,1.1344463044068432e-12,1.1344463044068432e-12,0.22688926088136865,0.12181973738596974,0.07343514024062157,0.5672231522034217
10584430,1.0872316587057247e-12,0.00505689143584058,0.005133293950451958,0.00375554977100423,1.0872316587057247e-12,0.6115678080219702,0.3171092337891697,0.005604286900544973,0.051772936128844024
10584519,1.1686616208538385e-12,0.059423472246805345,0.0055177602495459785,0.004036827705885452,1.1686616208538385e-12,0.7688563295091042,0.03874016422719906,0.07564997099277082,0.04777547506635188
10584820,1.0769165429814158e-12,0.05821170502602247,0.005084591798779111,0.003719918974029069,0.03121497226033089,0.8227374831472927,0.021476968093646465,0.03951987313693269,0.018034487561889738
10585136,1e-12,0.05116129935502909,0.004468763163682899,0.005034489564191692,1e-12,0.843341546740111,0.01887575004694093,0.0612679399642257,0.01585021116381882
10586849,1.057635356280844e-12,0.011278102140435542,0.00499355692295016,0.005625719980217256,1.057635356280844e-12,0.8080071355437505,0.11357158188250674,0.03881230665250804,0.017711596875516527
10587734,1.1175420140861247e-12,0.011916917211818864,0.0052764023327956785,0.0038602487533199465,1.1175420140861247e-12,0.5910965219596904,0.29679420201774753,0.0723408893046822,0.01871481841771022
10587840,1.0042081084937124e-12,0.010708380303842906,0.0047413036283933535,0.00346876721414063,1.0042081084937124e-12,0.7671900456194201,0.10783442775771408,0.06500454273731622,0.04105253273716434
10588529,1.0628342245910232e-12,1.0628342245910232e-12,1.0628342245910232e-12,1.0628342245910232e-12,1.0628342245910232e-12,1.0628342245910232e-12,0.9565508021319209,1.0628342245910232e-12,0.04344919786063931
10588664,1.0318732807013147e-12,1.0318732807013147e-12,1.0318732807013147e-12,1.0318732807013147e-12,1.0318732807013147e-12,0.08061510005479021,0.773904960525986,0.0038502734354526665,0.14162966597861185
10588792,1.2180968577746272e-12,1.2180968577746272e-12,0.005751165523015237,1.2180968577746272e-12,1.2180968577746272e-12,1.2180968577746272e-12,0.8120645718497514,0.004545137529009803,0.17763912509213314
10589349,1e-12,0.0046342600629451485,0.00470427721214923,1e-12,1e-12,0.16180301159940969,0.10699231286262624,0.016745645605600115,0.7051204926542696
10589410,0.2140194869766899,0.00547491710870602,0.005557635403077405,0.006261208395594651,1.1771071783717944e-12,0.5044745050164833,0.02645184670498414,0.07619667002853135,0.1615637303647561
10589411,1e-12,0.004336763793583817,0.004402286192731448,0.00322073995032995,1e-12,0.3996018066945088,0.10012394261696865,0.02211235293961709,0.4662021078102603
10589472,0.060459583000432235,0.00470018020667812,0.004771193316505174,0.0034906346958058576,1.0105387444357959e-12,0.07894833940904655,0.10851422759042104,0.02396534571784496,0.7151504960622556
10589485,0.053110399768994176,0.004128848354134431,0.004191229443526452,0.004721821256057993,1e-12,0.08194175964359103,0.017703466589664724,0.05746287832149149,0.7767395966215398
10589763,1e-12,0.01393533770904302,0.004583704093783429,0.005163981526932608,1e-12,0.8650331106525829,0.032182161118121444,0.06284381090365311,0.016257893993883523
10590733,1e-12,0.026152978485939112,0.004568745061283036,0.018973729489798963,0.003193598032936459,0.8622100535460566,0.006057340869982767,0.06263871856118901,0.016204835951813948
10592587,0.2675043510539237,0.01568894002034268,0.006946524696867706,0.007825925163811595,0.04264562118250957,0.5350087021078473,0.02934164534352154,0.034891871876598736,0.06014641855457717
10592944,1.0000000000000002e-12,0.013875795446038881,0.004564119056062521,0.0051419171067768185,0.028019722205044697,0.8613370373993068,0.008297685974884481,0.0625752947905072,0.016188428020378696
10595034,0.06629727994286831,0.01590590926858973,0.005231877615888028,0.00589421105875045,0.003657134254274206,0.7949496827932128,0.022099093314289435,0.04066464877229668,0.0453001629798305
10596119,9.999999999999998e-13,0.014301046657317988,0.004703995516807459,0.003441472367736856,9.999999999999998e-13,0.8302552087165165,0.10698590608964507,0.02362781621643841,0.016684554433537654
10599481,1.095522573647264e-12,0.01168211275216277,1.095522573647264e-12,1.095522573647264e-12,1.095522573647264e-12,0.6320322540272677,0.31952741731378537,0.018412144094912,0.01834607180749007
10599552,0.06687529095701757,0.0037031742031974637,0.005277491597174596,0.003861045665912191,1.1177727202815794e-12,0.6448688770855265,0.12002928539936422,0.0057617150529978315,0.14962312003769174
10599609,1.302860387529586e-12,1.302860387529586e-12,0.006151371045937611,1.302860387529586e-12,1.302860387529586e-12,0.12026403577196179,0.18612291250422658,0.0050110014904984086,0.6824506791821642
10599643,1.1067523680284593e-12,0.005147685432690508,1.1067523680284593e-12,1.1067523680284593e-12,1.1067523680284593e-12,0.6225482070160084,0.32280277400830065,0.004256739877032536,0.04524459366154079
10599718,0.06732924168419431,0.005234233406678228,0.005313315308950987,0.005985958417211804,1.125360182435819e-12,0.6515243161470532,0.03730475742881168,0.07284697609517582,0.15446120151079873
10599755,1.1501046758767095e-12,0.005089182899716601,0.0054301448341676556,0.003972727723235611,1.1501046758767095e-12,0.6658500755075687,0.12350117324850572,0.04220567617896182,0.1539510196055438
