track_id,Clutter,Cormorants,Pigeons,Ducks,Geese,Gulls,Birds of Prey,Waders,Songbirds
6868504,0.043006563604200305,0.015724447571244166,0.03607800159108776,0.05213758966835798,0.056975781100178494,0.6379938523808063,0.010092907473620747,0.035223574910477715,0.11276728170002663
6868536,0.031126884743034666,0.026954391743609273,0.05019602001095073,0.05083536841794487,0.04339089443767284,0.6174538184664498,0.013991902314501575,0.04212509580195558,0.12392562406388072
6868565,0.007198637789438402,0.00920174676452052,0.017854047029994248,0.0770920468677566,0.08312436982705737,0.690291259112392,0.008561523540586018,0.02698572397924855,0.07969064508900633
6868861,0.004584015402287461,0.03817032526144944,0.006619623932613646,0.028476228119282188,0.48586294805042984,0.36260035847981636,0.005169306578742713,0.024429581260054296,0.04408761291532405
6869275,0.0034187267159457822,0.15945610643494976,0.0050865189419827,0.01733358704695308,0.3952954293613772,0.35511116798176057,0.0047290184548061335,0.020920824206405165,0.03864862085581959
6871418,0.007978701183367394,0.03128907994455414,0.024883370941029766,0.03907124654330606,0.049416170572400595,0.7138296595419885,0.009682544902426465,0.04341898108001732,0.08043024529090986
6872996,0.0716811997891855,0.0027322296979916338,0.013087267834999921,0.002702796644649884,0.008347619698122094,0.6967802536466642,0.05137835294426811,0.01226521680390091,0.14102506294021777
6873817,0.004543363545182987,0.007586568605265742,0.011636400707996203,0.0038331169508796746,0.04144873270834699,0.8714371450815085,0.004932402509068104,0.014350044993076563,0.0402322248986752
6874023,0.004645470114051266,0.010140556728589984,0.007794294798430836,0.004503757806720597,0.006849529746302143,0.864863978623695,0.011420634364234808,0.03313502538381289,0.05664675243416236
6875504,0.006411316444571831,0.018810818435203037,0.01046318434112384,0.005494901894683355,0.007235958282765301,0.682406592158623,0.013380807103859195,0.02654669310992809,0.22924972822924228
6875899,0.0028337347455743727,0.0057122438254590185,0.005947385648114999,0.0025679822813822976,0.0037530142350674276,0.8665700696336118,0.030190486969809176,0.006694721262562112,0.07573036139841868
6877293,0.019810170087145366,0.011361693681216962,0.013915152196496921,0.006383545899683899,0.006516473013880383,0.307178939228256,0.013964095123724688,0.040960206341257285,0.5799097244283384
6880408,0.005859077091334052,0.006739726021064106,0.011180882368816205,0.005971150296256614,0.003913047954025428,0.8387078498243009,0.01288158216055981,0.013294891219165765,0.10145179306447717
6880690,0.004137787758309573,0.0022753035693024036,0.009642217442802473,0.008546558774603346,0.0037033647523264644,0.7871099693822499,0.00802973623645246,0.015778821538260913,0.16077624054569248
6880833,0.006301970208632599,0.002606671004454876,0.01438849333425873,0.004501782377012912,0.0045068665027864895,0.549924379934091,0.033741943351077885,0.018374682153565226,0.3656532111341202
6880956,0.003174335422876704,0.0020452174226980066,0.0062284051838620005,0.002393274274599704,0.003628037964890826,0.906255181141566,0.016403244378769437,0.01027072405744688,0.049601580153290414
6881733,0.003906675282723511,0.001385230556257113,0.0038738762131648565,0.0020733373310428565,0.0023250816829298894,0.6143719998580539,0.32402154746189626,0.0057663437557228065,0.04227590785820886
6885154,0.004912223401787359,0.0022294596814021734,0.005551672808784249,0.003179515391926555,0.004502779329128083,0.8304351518387393,0.01015096677063081,0.01111308690658862,0.1279251438710129
6887294,0.0035585222240274465,0.001781359650119482,0.006915818493425838,0.0026149332945875504,0.006545013382174647,0.745707773637485,0.005950039012333766,0.010699792845430333,0.216226747460416
6887586,0.005905629531611089,0.0030667435854480046,0.012357826977123308,0.00491410028516712,0.004840466222627785,0.5546449629690232,0.009208937270592672,0.0216061623395043,0.3834551708189026
6887600,0.013630770576224903,0.0026546590210821445,0.012923799272538651,0.006170635845407903,0.004853529034457158,0.5419818835995602,0.009076729277125146,0.020275204664998034,0.38843278870860604
6887637,0.00784041212100574,0.010498326930870602,0.010370384362815663,0.013734556688204957,0.01584317757442364,0.6683004831710513,0.012154526249059957,0.017455507796568116,0.2438026251060001
6887702,0.06763210339835247,0.004202628724815355,0.01744151924766636,0.00808210093511468,0.0059905984412927495,0.3271534377231521,0.026100485596965574,0.025709533696890947,0.5176875922357497
6888243,0.005713196316211422,0.007944013716052559,0.0100126966724098,0.009345595837661596,0.014111448440970726,0.5532312907282673,0.009101636149330117,0.020828898345206803,0.36971122379388976
6888737,0.0050565163292624424,0.004272201123998986,0.010949153308614292,0.007027227074629402,0.005514119527902434,0.5792636529710854,0.007650281595716497,0.02038159963976151,0.3598852484290289
6889024,0.033625947237415806,0.0037068066066413426,0.010341448877945336,0.0038730130348554547,0.004712446223925458,0.28827055067064583,0.10089697371599679,0.014537580525134913,0.5400352331074392
6890285,0.060433088194618706,0.005790281750420598,0.00670158038769612,0.004936655726330729,0.0046194647103450955,0.5689172287943842,0.20508626967539015,0.011319364892812284,0.13219606586800195
6890416,0.015134716742943468,0.004024560503614435,0.017584291965933294,0.004964542897383364,0.005408636644997308,0.5819982476733376,0.016888673341951547,0.02177303004535665,0.33222330018448215
6890579,0.007166463021550264,0.004520813650072113,0.02813205348964879,0.00971677382841179,0.004989057728605903,0.35920164892980877,0.07453533481595101,0.01926130243679735,0.49247655209915403
6890917,0.01109606063451176,0.0019012376925793887,0.01137639362448128,0.0024658450646507708,0.0032253746720614027,0.48581667371332565,0.16316755265267546,0.02405275401748994,0.29689810792822435
6891091,0.028311420461696962,0.0033840620522521,0.01919012098448153,0.08368059055331618,0.045091298427192054,0.4119369204464166,0.011860841230425944,0.019979732591378325,0.37656501325284014
6891208,0.004910761365750207,0.0026490919939977397,0.013027888127417096,0.0034690022509825686,0.004351634335891886,0.3454191432608608,0.013720097646674876,0.016578121231790303,0.5958742597866347
6891245,0.003808340773264078,0.0020190151249161884,0.018002600207397666,0.003001556168384607,0.0031882915189323452,0.47963813784030407,0.09440142753246553,0.015951764702162755,0.37998886613217275
6891309,0.004679221651718726,0.0028234634897859995,0.008675392074415247,0.004080519608519901,0.004429125366536572,0.34419693309578253,0.045309493831943826,0.017299611460800727,0.5685062394204966
6891366,0.018926680441120225,0.0019409829390950935,0.013686426253715276,0.0033140366567555373,0.003718677375845416,0.48823496196528476,0.024658607482888797,0.01043888201547674,0.4350807448698181
6891473,0.0046768562402575145,0.00234617269973951,0.010773217195893898,0.0033104582326847864,0.0042822262824396785,0.5966502671052084,0.010918215691462703,0.015317763140911565,0.351724823411402
6891484,0.0037886283755668,0.003473878970912036,0.009429593137351209,0.003098804340858639,0.0037741078429305566,0.27424443610753513,0.008217777787393101,0.016463792586361874,0.6775089808510907
6891531,0.0398207632410409,0.004396463124428368,0.02046466545263826,0.006610562141744908,0.005608114958644756,0.31780166429459183,0.15377623403400964,0.017773755369910854,0.4337477773829905
6891557,0.06409873337944504,0.005355078602705223,0.07189165078050405,0.005967256535337007,0.0061326410023519445,0.3643916976582138,0.022103271483877775,0.04346992711441913,0.4165897434431462
6891579,0.005097890110940506,0.0029893136487878914,0.01881206806246311,0.0038075276757127364,0.004888259652898045,0.3416740742864991,0.12088716351906646,0.01554931413650011,0.48629438890713217
6891867,0.20740645126951165,0.003799077346170477,0.015925654235003465,0.008536759620404235,0.004077923494556297,0.1851360180431688,0.322291984075064,0.020235699499426916,0.23259043241669417
6891888,0.012646966348566085,0.005068496882780105,0.015070573574290771,0.024036813291836323,0.0073506960769175,0.4867077893538999,0.04009162236684101,0.03155053177896784,0.37747651032590046
6892297,0.01535127957442658,0.002718049249929695,0.011929373846854526,0.003222560445118762,0.003793532260076325,0.33983524771694806,0.1431265098600773,0.014893733336072756,0.465129713710496
6892562,0.009240370747115437,0.002448789999493914,0.0070091936187602994,0.0034658397433589513,0.004073163255356188,0.5996788237334977,0.09732148203201929,0.019411151152677112,0.2573511857177211
6892587,0.05006420393445372,0.0033527267002962115,0.01168526067517213,0.007229320915731353,0.0051674012937547665,0.3266850612093709,0.1043589101233383,0.017140369815590906,0.4743167453322919
6894293,0.00590661959254927,0.22987727702636063,0.028386348362549635,0.02142898267298671,0.08258023914393837,0.40043592178139564,0.008452923446683006,0.041244743105750964,0.18168694486778575
6895609,0.005955582363654966,0.0030996302902788053,0.033671807484285866,0.012905564820487955,0.005391452754571815,0.43713954491350215,0.012218705446874464,0.025137364158736086,0.46448034776760794
6895723,0.0029952920790528065,0.0014495227117058548,0.006996041643292905,0.00198822467912604,0.0026861904605681554,0.9092292433786476,0.012694591484200109,0.007319673724478926,0.05464121983892755
6895905,0.002647691300834816,0.0015057515384360304,0.005909107536082571,0.001892755954906733,0.0029892600028584753,0.8861192269706756,0.02840760421066623,0.0059693924170888145,0.0645592100684508
6895906,0.007446983534685886,0.002489499027733132,0.019475437712838987,0.004301613046845914,0.0048744229785730505,0.8076624778537065,0.024575961966311947,0.012189737312559377,0.11698386656674517
6895927,0.003567944878063222,0.0018271633321987311,0.015453080993731452,0.0025783888240408824,0.003057879955667311,0.9031052611999382,0.014407600059219722,0.008940447577963492,0.04706223317917698
6895938,0.0018356605858343407,0.0009198860296380143,0.004362806524122316,0.0012976341999896789,0.0018258771543566714,0.9199433151371401,0.027406278073208248,0.003720927834711061,0.03868761446099958
6895939,0.002147074950307018,0.001455053019563584,0.006563443522792534,0.0018147559071595924,0.0025413481665304103,0.9058560913658331,0.02928634831472398,0.005509497845121075,0.04482638690796858
6895948,0.0025140207182799946,0.0012821680309128465,0.005905503740370678,0.0018619328581818222,0.00362413481241852,0.9155119115832087,0.019868898692119514,0.006211930872726238,0.04321949869178183
6895973,0.0027561662438997593,0.0014806982677981761,0.008452971238082335,0.002494301183476984,0.0027789594755191376,0.9014985800113405,0.031532789435086514,0.006156670798871919,0.04284886334592473
6895974,0.0023384164654271533,0.0012772960153616688,0.006084838688669273,0.001872745679881102,0.0029671191551278245,0.8480594840186005,0.04185913211888284,0.005562724890641835,0.08997824296740785
6896754,0.003726940850817305,0.0019366950851678537,0.006875966219611581,0.0023174741158133515,0.002957959580386653,0.5236603010919723,0.02141875492596134,0.011650792584135627,0.425455115546134
6897915,0.006737211306073227,0.005867385719103574,0.015567672879754251,0.01591852523018888,0.007661941403986297,0.60378996737595,0.011961401858839676,0.03828311201672295,0.29421278220938113
6897964,0.01034879936019126,0.0045328141907616335,0.020102490079315794,0.006372892366061825,0.013885142031773245,0.6516171709519075,0.011746109884862594,0.03301694242391258,0.2483776387112136
6899282,0.014065889218195848,0.0022746174363608,0.016245438492113677,0.0030837298543228246,0.003989444223125739,0.5857353953447474,0.026292874485774387,0.01412349480407259,0.33418911614128677
6899294,0.015651908088380635,0.003872264990542419,0.012023634369282412,0.005247846957294495,0.004790877362357533,0.26695168411273124,0.28159506022381875,0.01579361087076263,0.3940731130248297
6899376,0.007020351274799388,0.0053430406172616934,0.022135116375494673,0.006986641598415337,0.006020424222780567,0.335661593048916,0.06648451962092988,0.023377431419183706,0.5269708818222187
6899506,0.005589318793405771,0.0017957121828487477,0.0062354112796994135,0.0017882365437649301,0.0023374865606569507,0.6273211866798515,0.19548860066117718,0.006862819114911377,0.15258122818368422
6899530,0.046821989235237206,0.002915652127437186,0.018161562294662394,0.010278216996786925,0.004788899038382688,0.39382676349775636,0.009838836223787392,0.019861406017638458,0.49350667456831154
6899560,0.004119793174782063,0.001238401362479722,0.003867966708452257,0.0020306101762336344,0.002178507220532832,0.7713814846503888,0.007665354433038446,0.006916496212671833,0.20060138606142042
6899670,0.02588758207996067,0.0014469980401065712,0.009610140340900096,0.002249800292697652,0.003788038885192003,0.5562094100284197,0.005438288146063351,0.01863873546994425,0.37673100671671583
6899695,0.009619898081501396,0.00227453889905578,0.0072086102344593225,0.003249192211207332,0.004724846221588812,0.5893936351349156,0.005781800689226743,0.014665417228918074,0.36308206129912696
6899730,0.00758404034588196,0.00487521152118734,0.010105358444154876,0.0036928486037443933,0.006260533321769392,0.5424943556627404,0.024419371569939296,0.020202504963047582,0.3803657755675349
6899754,0.028003537752462004,0.005821958681549782,0.01845077794186761,0.061003723432242994,0.01140223023703163,0.40701629978400106,0.009039007109237678,0.05234374792693096,0.40691871713467637
6901206,0.003517442513123302,0.0023115600558431685,0.01972251836782817,0.0031620840170291696,0.0035326683945459516,0.5677502270485217,0.1539475254643602,0.025285668418637136,0.2207703057201112
6902131,0.0019512357382936263,0.0015573427902614285,0.0041554003915874,0.0016175754668962174,0.0020376998551277876,0.9415685616969414,0.014095326180110928,0.00918841066095982,0.02382844721982143
6902271,0.0044619357553428735,0.003233242845824773,0.0069539750310268714,0.004183454574934924,0.014046260286574314,0.6684026405843677,0.006315822065645472,0.017957769488605835,0.27444489936767724
6904326,0.06353350501036144,0.002891158670147937,0.01210723377130702,0.008628218506548564,0.00464830893145632,0.27169288360843846,0.021864374686134013,0.017270037813281576,0.5973642790023246
6908023,0.0024783591663409695,0.0018352029362925805,0.005403892274093165,0.019325640281631286,0.0030152892155744264,0.9119717268319787,0.005574703393278228,0.014073839369353159,0.036321346531457493
6908625,0.0033015252095957162,0.0026562343512104864,0.006094855535899724,0.002441962505833448,0.0035248913497274,0.8419050094995632,0.023832111030071535,0.009461705767860932,0.10678170475023754
6909657,0.007659477688033759,0.002725332574755551,0.01352744870372485,0.0037123070009132887,0.004752792452484681,0.4244230887991824,0.08487793717987027,0.012884098232901627,0.4454375173681337
6909786,0.03955291600257606,0.0036917754725518713,0.016195876401625408,0.008232347252018858,0.005957888578499649,0.4140793552674916,0.0455629472161476,0.023262400030513997,0.443464493778575
6909952,0.02159314103364301,0.008064921693133538,0.007784536256909784,0.0033392142501153833,0.00416559831142697,0.1998079532553209,0.058072936788493304,0.016223457605065342,0.6809482408058918
6910003,0.037372459613717886,0.003659971555174059,0.023475545828782654,0.005751455181967436,0.004616156857083054,0.2557663922957088,0.050567976279299126,0.017197026105458955,0.6015930162828081
6910407,0.0008958668139411929,0.0004998405037173455,0.0013053130831494786,0.0006278528851450793,0.0008952027739593212,0.9825031187590673,0.0016896937694961228,0.0031941785057358523,0.008388932905788378
6910422,0.034597858305708204,0.0035410589551106327,0.02188496697381411,0.00486918736298704,0.005017139524237831,0.3107090435019919,0.10983771009913461,0.017357742880648137,0.49218529239636755
6910425,0.043629630137729254,0.0024474977223873924,0.009172946390735117,0.0038438371207636652,0.004322447214183388,0.2613867299963672,0.08823426551553225,0.012724941756388726,0.5742377041459131
6910560,0.011906923769804503,0.004366101955776883,0.03034845667145967,0.02098935814007083,0.008284772379834297,0.4202653688162741,0.022709291594103807,0.07029082720156121,0.4108388994711148
6910590,0.014006744886057977,0.002381708059705158,0.00941553037718598,0.0038320425785459264,0.004461290111963652,0.2349245268958488,0.08627690345384521,0.014615265239273974,0.6300859883975735
6912744,0.0009275170790731394,0.0012269517537039116,0.0014902645039820467,0.0006940927133087668,0.001002220415096745,0.9812530622530712,0.0016170611823109883,0.0033151620039382225,0.008473668095514818
6919118,0.0057276747529349725,0.0025520180257813715,0.012121418381488582,0.0035452922041030437,0.0044252947804250395,0.5638977437329533,0.043992937404473256,0.012638178043457526,0.3510994426743828
6920152,0.0049675377251108665,0.002837323411518545,0.01729257631318005,0.0034448384860154987,0.004032482350360765,0.5785839093867204,0.04080842821514144,0.016298938990703095,0.3317339651212493
6925791,0.0020060323768272357,0.0016368249723796933,0.005717968502015702,0.002180486464214986,0.0028265220448090204,0.9298716479249485,0.005365415124910444,0.006636069194612765,0.043759033395281574
6926246,0.006201121871966161,0.0019365021600525703,0.005543212155421115,0.0022990628486634105,0.003448638750442876,0.8556762823760288,0.0240226660061182,0.00898214574940464,0.09189036808190225
6928841,0.007093833178858348,0.01122269461687011,0.014667421752258413,0.0493588651990185,0.055978695054932345,0.6934852745693882,0.009578261968018066,0.07164476887896276,0.08697018478169334
6928933,0.0030216831546382335,0.00275794471483004,0.005056427954778591,0.002765341599039708,0.005299527481834753,0.8920301825249485,0.021270623081548957,0.014427752717384898,0.05337051677099638
6937241,0.05557246957465213,0.00388061566084376,0.040001892695824784,0.021076461778229836,0.0055425610602765395,0.36223183298427736,0.018493474301244046,0.05720084988800596,0.43599984205664566
6938426,0.001333672865357613,0.0009367154485277819,0.002321884831149398,0.001009202460155296,0.0023306918247966582,0.9601403938844081,0.012739388095997244,0.0031700462483690494,0.01601800434123894
6938530,0.0016571596841410212,0.0027090273949562913,0.0027213902575559815,0.0014681453877832369,0.0017059758113775372,0.9504001604150556,0.01572572468020539,0.0037629532712532576,0.019849463097671733
6938682,0.002209978742402453,0.0010230172441807344,0.0038958026714742853,0.0018236422127560193,0.0020283045230466493,0.7206879588823784,0.11652701692245518,0.004681785440370396,0.1471224933609359
6939166,0.0009494462178655849,0.0007545396409969923,0.0013720078272984296,0.0007247413537354869,0.0016035749434738522,0.9788254780490926,0.002966557420045866,0.0019169697528780075,0.010886684794613261
6939222,0.0022414985016441452,0.001756922191330885,0.004027129446333789,0.0019355657275273506,0.0022488935981080224,0.5363302323830054,0.3903108041980688,0.007136996587119497,0.0540119573668623
6944591,0.004567844675784884,0.0032246947908557678,0.025018070448802048,0.0041041325356636895,0.004208311577503556,0.8230541519983959,0.0458667637899183,0.012679658822814478,0.07727637136026129
6947293,0.0017309113320893442,0.0031645456285408014,0.002610437683441983,0.0013146939340984252,0.0019129715172743335,0.955208976999322,0.0033006168907920115,0.005412570869792633,0.025344275144648497
6952804,0.003529681968326322,0.0022934600863333955,0.007883008264475534,0.0026629960559383507,0.003571542380990661,0.8346025601599298,0.007044596817555656,0.011810248918822482,0.1266019053476279
6975207,0.0011760095753224485,0.0008878501351097065,0.001856612366612647,0.000930179019992894,0.003191368177440303,0.9680223265631513,0.003743518783038989,0.005139799115748224,0.015052336263583484
6975472,0.0014828294236040966,0.0008177207719948293,0.0020967145165777324,0.0010310947612134163,0.0021884192902108376,0.9660163324998692,0.0030814808341867775,0.004580109265865703,0.01870529863647743
6975490,0.0010255285608738302,0.0004897620623197282,0.0013179262128898961,0.0006431373587699747,0.0013594987077011622,0.9791223558916202,0.0022765287982037213,0.003444380862088352,0.010320881545533176
6976427,0.0009501431574928844,0.0005348773994093973,0.0013708157856702251,0.0006529737922076823,0.0013492639186922849,0.9785689723392531,0.001833511593522091,0.003326148973372036,0.011413293040380277
10551287,0.004761127802315727,0.0051626449015385895,0.008409663614414625,0.0060219464431801656,0.0049924382369577495,0.8537090998280293,0.02326216919001941,0.018777458655447242,0.07490345132809721
10554874,0.3621119628463124,0.009747497276973674,0.01301534943874939,0.0035423400342679255,0.007013218912492092,0.3584441637802186,0.0814364049306523,0.011991910274539568,0.15269715250579413
10555071,0.011693943534071874,0.004399669849452536,0.013644295074314205,0.005843092341058118,0.0076610220883111205,0.4231016618521237,0.03165496195422464,0.02030114201658738,0.4817002112898564
10555459,0.01571157994351601,0.006735407234947857,0.012640824171281687,0.007597298545423811,0.008464133342654827,0.6016950945123153,0.04139777295923199,0.15293767713624112,0.1528202121543873
10555968,0.01133295389435517,0.006372104491064087,0.011760684218399929,0.10250937017575398,0.028634148461436075,0.6406261984284353,0.012643891416141658,0.05469983854600145,0.13142081036841238
10556692,0.018475055195136956,0.005230307580468209,0.018634198831216264,0.01654477858634957,0.007316706999425144,0.5190265790176134,0.026780541339364406,0.042096251801324015,0.34589558064910203
10557065,0.0016819294202880808,0.0023101243872969334,0.002365263154205258,0.0019422630754889537,0.0023325116368831528,0.9554393203592664,0.0029512817870442866,0.007911816425742135,0.02306548975378477
10557235,0.0040203959512143585,0.003515490950513584,0.00795870961192662,0.009791473216344725,0.00622944939247489,0.8822101931923566,0.006950045211501563,0.021027786290265887,0.058296456183401756
10557310,0.006029989476361107,0.007083572817631386,0.01758407128056825,0.012510934836075972,0.048248133551799736,0.5588315956971145,0.009151600436428268,0.02262579281100223,0.3179343090930187
10557603,0.008498765007963534,0.005218254602162106,0.010591001968393946,0.007526421072470503,0.007194220377280865,0.6744343169928737,0.016156383854850166,0.02840943178143953,0.24197120434256564
10557649,0.0021142850265652123,0.0020209187895516194,0.0034580623219609835,0.002232001526781493,0.0025017346614407128,0.9508525041579494,0.0035350016969463082,0.006952694169778076,0.026332797649026175
10559369,0.004851498661030948,0.004048370332966426,0.008371257939533446,0.004322578620248862,0.00661667057034696,0.854818468281443,0.012618760370916455,0.011449904689335525,0.09290249053417847
10559516,0.0024473107484615855,0.004250246049407758,0.005717627316220059,0.0031600648553624503,0.012753813991220742,0.9052668869253111,0.01232685149675404,0.005995822725855112,0.04808137589140721
10559765,0.003074077475832142,0.0048198151690141584,0.004344106777739857,0.002320611181136666,0.003093589046893406,0.8989421680056929,0.020952688752150974,0.008439598757360034,0.05401334483417984
10559904,0.010332648100392028,0.005106476213368268,0.01240902351077524,0.013151921912229119,0.011833990735967016,0.6451807964655029,0.025892688521892693,0.023456566714077476,0.25263588782579527
10561136,0.008713023559746411,0.004287221206716494,0.007745316384447876,0.0043526376355100494,0.008102914496122413,0.8127597719903733,0.013679432907774902,0.013466176523226656,0.12689350529608187
10561583,0.005636133300391195,0.0031167529259089077,0.007372142511881764,0.0036420550662181815,0.0045433189256960755,0.8311352995238069,0.019641848659675613,0.017825395076640046,0.10708705400978145
10561870,0.0017485353988827262,0.0008800835745831743,0.0025654596188748086,0.001343044818990856,0.0018352647287065644,0.9510753242817239,0.015433413865380276,0.003638249522614315,0.021480624190243245
10562711,0.007315352705528297,0.005778932523784771,0.012104193658073695,0.017895945042084294,0.07111757958124393,0.6067465445596476,0.011702015182365712,0.0431130028552146,0.22422643389205713
10566953,0.0025961900716279236,0.0018208726056522032,0.0047470497925398225,0.002076055658084807,0.0027498848610072097,0.8845337929005963,0.060826384532611466,0.006407305902047411,0.03424246367583293
10567563,0.014369351424480061,0.0055636346479743925,0.009593738677118758,0.00477306981913127,0.009352168204719338,0.7351031624310801,0.0467392152061029,0.020934957804690082,0.15357070178470306
10568512,0.016407271825027207,0.0037697078775140625,0.011475503727415208,0.006305524592138668,0.006206163280365205,0.464694810590387,0.1409955890403795,0.03184099496034664,0.31830443410642645
10569249,0.004936447193944027,0.006528820091071709,0.00792039594372179,0.003992258013502146,0.00542978607336318,0.7634932859448752,0.04349390945922619,0.011556286629159621,0.15264881065113617
10569900,0.006426506271791687,0.15715634530941064,0.011113903280923574,0.03958364989466567,0.20390269750316214,0.39127205299237816,0.012034311284510718,0.025602421521594504,0.1529081119415629
10569996,0.007071396059004962,0.004280124119292516,0.010649518901303388,0.00562143153775831,0.006859236381608662,0.7145675941719218,0.07661890812314863,0.019689164752082957,0.15464262595387882
10570047,0.003593675627283242,0.002551249269328701,0.007339743762441757,0.0060607433296146545,0.0038596117231469744,0.8902068216652038,0.02013280305541211,0.013228429967249013,0.05302692160031973
10570186,0.006087087186683448,0.004965822303506882,0.009635427331862786,0.005402884443612874,0.015393727448180107,0.7679035496348439,0.023825393780726206,0.025011763244972132,0.1417743446256116
10570190,0.001866651040256764,0.0013228679618017276,0.0027108300500326863,0.0015673637211359708,0.0019122394655871448,0.9364313078866306,0.02538797171347207,0.0064769353147205696,0.02232383284636244
10570281,0.005729729803770232,0.004627246893636557,0.009747361253110995,0.005620359212405622,0.006072904061906742,0.7172578626716558,0.10126471897383651,0.02288914943729535,0.12679066769238218
10570444,0.19131464531887943,0.006052666060117318,0.00951123537803691,0.0184675559032496,0.013729386119269821,0.5111230360714314,0.02923971269783332,0.03382848795823665,0.18673327449294558
10570516,0.009455613892317147,0.003898932206968507,0.014500811924723639,0.00514826173843158,0.01130819748807831,0.7372984258947893,0.02535557798624876,0.028491614510420094,0.1645425643580226
10570563,0.0063145426281134755,0.003488357942611661,0.007911299144252195,0.004763314863848328,0.0052875916341062115,0.7062198542624563,0.12044116637665245,0.017364666878227044,0.12820920626973237
10570908,0.0042216032490828784,0.0021778154109855846,0.005891552826804621,0.003277133618818319,0.004051207417707214,0.7910531591397855,0.062153282895471694,0.010277413893171031,0.11689683154817324
10570962,0.010700204403707166,0.005318865743053352,0.010712144106743206,0.007541087644135717,0.007171780618965814,0.7111240714957539,0.029592756904884436,0.049925271174541194,0.16791381790821533
10571126,0.04318831631276631,0.0037848122094440552,0.02052423499591831,0.005479876978612019,0.00561521023516223,0.63160714773553,0.051097340648079526,0.02515908320819566,0.21354397767629196
10571129,0.06779440617726215,0.004269016578196829,0.008745018333788162,0.0070232849477832576,0.006714675469364073,0.7598933251140596,0.010717016727564099,0.017599093024616482,0.11724416362736535
10571130,0.04065299866519139,0.014504181597083025,0.013635629167289597,0.046187931641417844,0.012306394972736598,0.6650748070568582,0.02404616832762955,0.04597954728422734,0.1376123412875666
10571150,0.15531566916745046,0.0042244235014101544,0.011055569884284511,0.004519679133469404,0.007593544691268454,0.5964603416221179,0.01775783531967467,0.013631465755694822,0.1894414709246295
10571157,0.0416898415805576,0.002540344987080796,0.009253816027989309,0.0041851190696568915,0.0047703339711937616,0.6550929923501598,0.06606203614276761,0.01225159499130377,0.20415392087929052
10571249,0.0038316934345518374,0.004256350789881775,0.0069242990101487404,0.0036040215325346603,0.003942446691336238,0.8240724728832116,0.06032329345416217,0.011500685484836874,0.08154473671933594
10571563,0.005543667001120416,0.01617996715538014,0.009154313500169561,0.004914533533435398,0.030219841972904164,0.7150301981753642,0.023208507760247386,0.016994651005731946,0.1787543198956469
10571600,0.006527867384231886,0.0038409189943794954,0.005629020994238707,0.0032178162989153184,0.012440708081578654,0.8605354960234121,0.009155642809993201,0.008245977975206195,0.09040655143804455
10573894,0.005746747471364963,0.005015914480072193,0.00911591264987827,0.008490027845378388,0.005756707175644996,0.8026328453244682,0.023545694598467087,0.025112942995795293,0.11458320745893047
10574347,0.022854873537865326,0.005744954271991424,0.01184049866017427,0.006534639804497011,0.006147864156409425,0.6807416957379637,0.04650273196161041,0.022777680068718782,0.1968550618007696
10574370,0.006066843265988234,0.003381386102316699,0.012457317693056863,0.005427189429517814,0.005705453488642062,0.7499686239468095,0.03141035140935412,0.01511995596136439,0.17046287870295035
10574372,0.02967675354104547,0.0041854415914679855,0.009736354426669463,0.004084066638230211,0.0049164098386758745,0.7306272380130021,0.04500569074486127,0.013271198506170371,0.15849684669987724
10574408,0.02247955126599124,0.005675419139773654,0.01157200184289118,0.010969407796072188,0.014753209899942405,0.6951407264857539,0.01988310924797278,0.039551085288026165,0.17997548903357646
10574430,0.014734049221985266,0.004481571619927241,0.01009570709840535,0.005092136560318971,0.006525157629533247,0.6249361697350648,0.024812564502155427,0.016385588458011593,0.29293705517459806
10574439,0.005679304741435759,0.004227187601820475,0.006214576083110639,0.004128816949860372,0.004072185176625121,0.8449913863109129,0.012610246586818606,0.011966169577968483,0.10611012697144767
10574456,0.011048926278706017,0.006123593873265271,0.007511504832372985,0.005482025112189523,0.014129940095895365,0.7295365208983741,0.011292714889454688,0.013257645735202819,0.20161712828453937
10576038,0.16535002656789524,0.0030789076278596164,0.009322388444648642,0.005375855394022544,0.006676832219150117,0.6470987327736977,0.016114642945997983,0.025074922669754245,0.12190769135697402
10576770,0.044004364917396246,0.002967083875824716,0.008881169516655652,0.0105627146068756,0.005801125492224342,0.6634325571238527,0.024031367033782492,0.015577655187558529,0.2247419622458297
10577118,0.004719337525176819,0.003461692488046765,0.00949368963094727,0.003736969692939339,0.00477464512252993,0.7916387100844477,0.023841862075450936,0.01636165291596715,0.14197144046449411
10577354,0.021023520104079617,0.0026861246075049346,0.008575972914250898,0.0034022885260080126,0.00451578419262477,0.7881254068108149,0.06565001190579378,0.00886712790050835,0.09715376303841487
10577622,0.004498008753906926,0.006858431192698824,0.008354642415292815,0.003797973540672645,0.0050374073751729915,0.8430593723733466,0.01426035710898748,0.015893876732803864,0.0982399305071177
10577723,0.004860825862839781,0.0023876049530243684,0.008444848191530949,0.0035902349439319776,0.004512176168600346,0.8187488188814956,0.01652505941794476,0.010703629358196224,0.13022680222243593
10578130,0.12420144732050642,0.01005376076325074,0.01513833465788384,0.011055143706873573,0.010688086624595066,0.5857922990491541,0.015403494636706061,0.020518735139040206,0.20714869810199005
10578295,0.0101215669253132,0.00882044523352777,0.008042444470022546,0.005619037012382836,0.0052256816248023846,0.7674468114905861,0.06854955795173794,0.013308323620272441,0.11286613167135476
10579132,0.0035904762716827436,0.004817981384679168,0.005712732623357289,0.003181614250715034,0.0035317651865408666,0.7373623393732247,0.13217619510042752,0.011204443609178097,0.09842245220019459
10579372,0.004440195389780709,0.0030965040674421985,0.00833527751332375,0.005086989633346871,0.00459064852570828,0.6521474955106448,0.17036227468787885,0.00801769815898627,0.1439229165128883
10579452,0.0025696748004117183,0.0016314134161599548,0.003994353347489681,0.009764986706555475,0.00411883929478364,0.912582124676152,0.01313243227989693,0.008206372047302478,0.04399980343124814
10579754,0.0032421617526849017,0.0020146304631933677,0.004970533105595668,0.003909053023410306,0.004536397626716697,0.8921743631638351,0.015277023292120676,0.020028964800310474,0.05384687277213288
10580098,0.002758190863712246,0.0024935742076805582,0.004392121506929543,0.001923770400739877,0.002536681507713862,0.9184790762920269,0.02724957882322468,0.008228847556379816,0.03193815884159262
10580150,0.004563900204342603,0.003213627967989619,0.007632309175395852,0.008890342245814009,0.005620998206232406,0.7366447186667416,0.03096078834824776,0.01713604549266199,0.18533726969257408
10580642,0.004599860427350074,0.003903920730892385,0.007706946714810259,0.004909233816458981,0.0065489305032085665,0.8420306967368061,0.010351143909166596,0.008621376983835109,0.11132789017747187
10580740,0.006290956854538274,0.0035564387760761073,0.009252246700086564,0.004395608706630407,0.0057857886131577555,0.6959502696471701,0.06955770753109655,0.014735620038718634,0.1904753631325256
10580745,0.006499779101082454,0.0036056849381512143,0.009825376769045824,0.0051032146198300736,0.006109998474903103,0.6476809328666469,0.11603569245643966,0.017765728090208103,0.18737359268369272
10580771,0.006252171046225217,0.003941654772849165,0.012677934683635244,0.007652352255549555,0.006287383061769953,0.727360069960795,0.03249211400659287,0.026548301128325617,0.17678801908425737
10580995,0.007282032261799715,0.003860612469571028,0.014581434147408904,0.005159226543231232,0.005847985052145141,0.6090222445894103,0.09267448641111525,0.02628861483579131,0.23528336368952713
10581310,0.004561250944881224,0.005075751513820936,0.008945637496606328,0.006337161989451208,0.004668618454536586,0.6539584832375827,0.16178395800943637,0.016636906852759183,0.13803223150092547
10581368,0.020132892250754167,0.011375089982697172,0.013934698624819471,0.016820341141833294,0.014822660904461242,0.6974632260470885,0.015098177973565106,0.024399927523066564,0.18595298555171452
10582173,0.018601132305245474,0.004562674743772085,0.005527213612661104,0.004145613647430878,0.005798426880805367,0.8568957726395777,0.01420270405344489,0.015028722586423703,0.0752377395306388
10582418,0.009071798938164621,0.0041547264933151674,0.009846139134184731,0.009409085714845304,0.008954110589813076,0.8030855946972314,0.014993891128078154,0.013758221854763119,0.1267264314496043
10583009,0.0025061721074474412,0.0023967389077227987,0.0056523990072282985,0.002188475940968949,0.0028321240829767705,0.8504776925702364,0.08387307314553322,0.008328577981726601,0.04174474625615956
10583434,0.007291357229731333,0.03668336600308645,0.023609929206676747,0.0818639615729881,0.009121732035712558,0.6305001828607062,0.053972850665283664,0.019135235474740178,0.13782138495107468
10583521,0.002937235492912938,0.0016913437720935953,0.005284556098770837,0.0025027598366635503,0.003000022970732897,0.861788530212117,0.07473796087583555,0.0053459744870717205,0.04271161625380203
10584210,0.004348874941642033,0.002723016559317731,0.01025294006622936,0.006400573309171336,0.004519011178941436,0.7654145677917544,0.07639184893661219,0.01079211112070352,0.11915705609562792
10584222,0.0034922420521239857,0.004655277127988044,0.007189167892157008,0.002843771719521984,0.00374689858623077,0.8749026113038239,0.037537912410569745,0.01054387653867029,0.055088242368914415
10584314,0.00939840150008698,0.004012476896177481,0.012680125039655295,0.005033922081154474,0.0062530536886055334,0.536147634405181,0.09209334371384863,0.017869984787968855,0.31651105788732187
10584430,0.011903352922998626,0.003560512198402252,0.016538975050982167,0.0061149874872327694,0.005544084355686174,0.5288965337329168,0.2390739314083484,0.015804018959428266,0.1725636038840046
10584519,0.004837775348982427,0.021519222191074945,0.010496327986272298,0.0033966555242615757,0.005069732155062908,0.7608704445284673,0.02198586544074789,0.010408453359097704,0.161415523466033
10584820,0.003154056741124066,0.03400916597077945,0.005202969685531856,0.0022130665170352684,0.011546099167584655,0.8923590808173218,0.005567591599887831,0.007955256933033764,0.03799271256770142
10585136,0.005961701921786396,0.01289755005685544,0.01561743029744393,0.03669109067154897,0.008837511383789019,0.7874409545429479,0.03536618816098159,0.021377464080971558,0.07581010888367527
10586849,0.004461158475804589,0.006422424686455778,0.01573673306012732,0.009084990943590767,0.004942982953622159,0.8627038966087786,0.0261816357472102,0.010952502967170865,0.059513674557239854
10587734,0.006033473390729034,0.004459145216694568,0.009646120717583157,0.005345838677914371,0.013295214717620884,0.8190914996462485,0.048222616481934065,0.014918461471139954,0.07898762968013548
10587840,0.00468637567460364,0.006445532249344396,0.010761250061849475,0.010083457947487457,0.004825901880021045,0.8026299239401435,0.05847615511505046,0.01577385629906487,0.0863175468324352
10588529,0.09873575576497329,0.0022275316911043127,0.006002833124720444,0.002715577191138165,0.003755455242552371,0.2871756243174533,0.399940231505007,0.007189561674347065,0.1922574294887039
10588664,0.1266834883832242,0.002726611129038502,0.010919762817091177,0.003789145381999604,0.005198777381912038,0.41285906578256343,0.13937298864670675,0.01025297276163353,0.28819718771583086
10588792,0.026782082199534533,0.0029617495815848502,0.01194595350833295,0.004358288244628654,0.004741169732709802,0.46055676889698427,0.23410163753951604,0.009945241224966834,0.24460710907174205
10589349,0.014404267349234357,0.007224117933889678,0.017634274138094437,0.005637862659223987,0.007705288892527457,0.6010865517164242,0.08966238019660108,0.019192321070715473,0.23745293604328938
10589410,0.13331853664021515,0.003373422142193463,0.012176786650989806,0.025176429772140428,0.006673353567725385,0.5888683490247595,0.03666142891293582,0.028693402749341308,0.16505829053969914
10589411,0.006148916360287955,0.0026694659613537407,0.012952264117443976,0.005355681118816958,0.006452778077110707,0.7398850910037171,0.021551352560784862,0.016590674629568078,0.18839377617091654
10589472,0.06737190377792263,0.0039113803811841544,0.026284207649127173,0.00779990319242114,0.013292105439953688,0.5287720590076829,0.029027935631325157,0.03312472835132995,0.29041577656905326
10589485,0.03615954192431813,0.003225796450282647,0.016362470992220667,0.00679534185279244,0.010028303445795047,0.6027930686900153,0.022091049230038507,0.014706435349744256,0.28783799206479316
10589763,0.004551373188771434,0.004425932095363159,0.007423553456321321,0.03258175014732323,0.007790201399409787,0.8211613742891515,0.04588868299197687,0.024130173015694676,0.052046959415988074
10590733,0.008648092001130467,0.008797154382535833,0.010423545785372653,0.035205686832477025,0.00920018235523305,0.8216823284104915,0.019608219056701747,0.018088338553566282,0.06834645262249156
10592587,0.03349283432576929,0.002968623511980361,0.006773325821018512,0.004705057899643342,0.008267527586342971,0.8052702933859223,0.015637059438717463,0.01448290331034951,0.10840237472025624
10592944,0.0027846584936377797,0.0023539764805885722,0.00404100770966828,0.003046716226970165,0.0031898475150903523,0.918276710047639,0.008839102026056714,0.005397085313543614,0.05207089618680547
10595034,0.006063072099861679,0.0033341555317245677,0.006790680143264077,0.003724706310729831,0.009688566933170661,0.8400625579793353,0.01061520490357434,0.009840076092170698,0.10988098000616882
10596119,0.004640888620999825,0.0035629234526520937,0.007422526367962095,0.003490016168649286,0.014140132137849589,0.839556537290896,0.024733554849244437,0.00937000576879825,0.09308341534294859
10599481,0.002207434011136519,0.003067152495716336,0.003988009774222358,0.0016920617127618963,0.0025176887395068994,0.9201213671621936,0.024982270601353655,0.005117491029820273,0.03630652447328851
