track_id,Clutter,Cormorants,Pigeons,Ducks,Geese,Gulls,Birds of Prey,Waders,Songbirds
6868504,0.06645381074686404,0.011844255706913989,0.2414626042665557,0.18512132993769267,0.3476471799563074,0.10252873658087595,1.1107279796261561e-12,0.02634137501089698,0.01860070779278252
6868536,0.0773570016775508,0.01855933533070426,0.2810797887041442,0.3232417570097658,0.03747730516055256,0.20996900455335216,1.2929670280390632e-12,0.03066324967681573,0.021652557885821634
6868565,1.2145410272109071e-12,0.012951266877841426,0.09525811978124761,0.13169721981805016,0.6072705136054536,0.103680331591175,1.2145410272109071e-12,0.028803344518835736,0.020339203804967346
6868861,1.2085803461583282e-12,0.03266433367995482,0.0057062339289817195,0.023697653846241725,0.7251482076949969,0.19626518441887378,0.007565448176264963,0.004509628157307194,0.004443310096170324
6869275,1.2183641859987975e-12,0.03292876178375129,1.2183641859987975e-12,0.006480660563823391,0.7310185115992784,0.19785401311091586,0.006768689922215542,0.004546135022383573,0.020403227995195176
6871418,1.1892449623843576e-12,0.06047008283310293,0.09327411469681235,0.2973112405960894,0.08297057877100168,0.36907602280893853,1.1892449623843576e-12,0.07698237479720174,0.019915585494474888
6872996,0.2507598049009433,0.014706884292176176,0.006511704093272842,1.379178926955188e-12,0.004551745633515472,0.5015196098018866,0.02750499284526016,0.0051461900259521945,0.18929906840561403
6873817,1.076961702344992e-12,0.011484188769081671,0.011336438972052549,0.003720074964922252,0.07513686295430178,0.8227719837790933,0.00598312056858329,0.025540593731501787,0.04402673625938647
6874023,1.024225410276058e-12,0.027681767845298865,0.004835814023966279,0.005448007501468393,1.024225410276058e-12,0.9191766502477443,0.020426147783283208,0.005279512424103391,0.017152100172087095
6875504,1.0804742427862271e-12,0.015509199657218573,0.011373413081960286,0.003732208092525828,1.0804742427862271e-12,0.6105575090571492,0.024280320062611847,0.06994141303750134,0.26460593700887197
6875899,9.999999999997942e-13,0.009932345253790147,0.004397701917007073,9.999999999997942e-13,9.999999999997942e-13,0.5239312121374303,0.10001967957284277,0.003475497261276486,0.3582435638546532
6877293,9.99999999999802e-13,0.04582108508947114,0.004254712024360713,0.004793340461487229,9.99999999999802e-13,0.14634027460198618,0.00564098908769702,0.004645092818348448,0.7885045059146492
6880408,1.134372369309316e-12,0.012096387824388441,0.005355865766332936,0.0060338955814325315,1.134372369309316e-12,0.6567418980211829,0.03760350395500495,0.004362970651189677,0.2778054781981998
6880690,1.0132530961134312e-12,0.05152134387017447,0.01502352201815631,0.019867707766930025,1.0132530961134312e-12,0.43425132690575624,0.00634274238568658,0.017029463800225735,0.4559638932510441
6880833,9.999999999996757e-13,9.999999999996757e-13,0.004415239082969131,9.999999999996757e-13,9.999999999996757e-13,0.07305840920100483,0.10041853828433417,9.999999999996757e-13,0.8221078134266918
6880956,9.99999999999938e-13,0.03611236641210911,0.004575114939397983,0.0045273970019666454,9.99999999999938e-13,0.9155057607443675,0.019324972675645157,0.0037269590160172806,0.01622742920849629
6881733,9.99999999999362e-13,9.99999999999362e-13,9.99999999999362e-13,9.99999999999362e-13,9.99999999999362e-13,0.06981645736324142,0.8936506542494901,9.99999999999362e-13,0.03653288838126846
6885154,9.999999999998312e-13,0.009763424700229392,0.004322909687857311,0.003162667605831359,9.999999999998312e-13,0.8202180768998266,0.01825967493794088,0.021713650716715695,0.12255959544959871
6887294,1.0084868284903878e-12,0.004690636411583199,0.010615650826214608,0.003483546903248317,1.0084868284903878e-12,0.5818193241290699,0.006312906594619015,0.005198385713867978,0.3878795494193799
6887586,9.999999999999931e-13,0.0046356813809415795,0.010491278914762522,0.005301444132459785,9.999999999999931e-13,0.09200044586791752,0.006238945207527008,0.005137481942796081,0.8761947225515954
6887600,9.999999999998578e-13,9.999999999998578e-13,0.01002765482073446,0.005067165999839222,9.999999999998578e-13,0.07442400062263857,0.005963237608574482,0.003663950799883745,0.9008539901453295
6887637,1.0546889806759714e-12,0.03348218986272925,0.004979645801114123,0.005610047769553039,0.03057069509205714,0.3835232657003533,0.009053124297647824,0.005436541137505007,0.5273444903379857
6887702,9.999999999997096e-13,9.999999999997096e-13,0.0044472709339518305,9.999999999997096e-13,9.999999999997096e-13,0.0735884362352342,0.031224264656718157,9.999999999997096e-13,0.8907400281690957
6888243,9.99999999999989e-13,0.010606208745196896,0.01474734790930178,0.005290567482828712,9.99999999999989e-13,0.0849071561878364,0.00622614514411141,0.003825487256814607,0.8743970872719101
6888737,1.0466475213655313e-12,0.011160933284703533,0.015518661766540003,0.08051134779734856,1.0466475213655313e-12,0.09661361735681828,0.00581470845203073,0.005395090316317171,0.7849856410241485
6889024,9.999999999997035e-13,9.999999999997035e-13,0.004371517423333339,0.003198229327329883,9.999999999997035e-13,0.07903916746139036,0.09942414928987932,9.999999999997035e-13,0.813966936494067
6890285,1.1747022635856339e-12,0.012526445938709366,0.005546280753473247,1.1747022635856339e-12,1.1747022635856339e-12,0.6800907841811564,0.12614252494879288,0.0043832174014389325,0.17131074677290495
6890416,9.999999999998556e-13,0.0043157460692574345,0.013757773713365956,0.0032051309322637246,9.999999999998556e-13,0.28796443600045296,0.01850483713456535,0.015594712687232747,0.6566573634608619
6890579,1.016753266747338e-12,1.016753266747338e-12,0.004800534781621048,1.016753266747338e-12,1.016753266747338e-12,1.016753266747338e-12,0.03370452817946977,1.016753266747338e-12,0.9614949370328087
6890917,1.133499941210969e-12,1.133499941210969e-12,0.005351746653498437,0.003915371126808183,1.133499941210969e-12,0.18407264002571294,0.23991027158396186,1.133499941210969e-12,0.5667499706054845
6891091,9.999999999997619e-13,0.004282083366561828,0.0136504634502424,0.099829292943339,9.999999999997619e-13,0.0719256190477182,9.999999999997619e-13,0.0047456078546948095,0.8055669333344438
6891208,9.999999999996779e-13,9.999999999996779e-13,0.004417144279982911,9.999999999996779e-13,9.999999999996779e-13,0.07986412328661786,0.031012745585647976,9.999999999996779e-13,0.8847059868427513
6891245,9.999999999993279e-13,9.999999999993279e-13,0.009111310747824213,9.999999999993279e-13,9.999999999993279e-13,0.1405633837591684,0.09294759957511949,9.999999999993279e-13,0.7573777059128878
6891309,9.999999999997393e-13,0.004247017302428601,0.009611670737075254,0.004856961276713559,9.999999999997393e-13,0.14828261265316953,0.030268797348800523,9.999999999997393e-13,0.8027329406788124
6891366,9.999999999996878e-13,9.999999999996878e-13,0.004352741577205957,0.004903780138575647,9.999999999996878e-13,0.14971198850420697,0.03056057456526702,9.999999999996878e-13,0.8104709152107444
6891473,9.999999999998578e-13,0.004320966194298964,0.01377441447441268,0.004941530488161049,9.999999999998578e-13,0.15086450345052368,0.00581538486243679,0.0035731066606702975,0.8167100938674966
6891484,9.999999999997702e-13,9.999999999997702e-13,0.004449979316670506,0.005013327762078794,9.999999999997702e-13,0.08045779676702065,0.018796408361526188,9.999999999997702e-13,0.8912824877887038
6891531,1.0867092010422363e-12,0.005054461400196449,0.005130827200388274,0.0037537450813203326,1.0867092010422363e-12,0.1003116185577449,0.11669360548104551,1.0867092010422363e-12,0.7690557422760442
6891557,9.999999999999606e-13,0.0045604094366526625,0.014537713772525376,0.0052153618557463964,9.999999999999606e-13,0.09050658728126054,0.019553892313852583,0.003658537421195233,0.8619674979167671
6891579,9.999999999996799e-13,9.999999999996799e-13,0.004343599541602468,0.0031778044314728932,9.999999999996799e-13,0.08492071226874486,0.09878919548041908,9.999999999996799e-13,0.8087686882737606
6891867,1.1296777578387944e-12,1.1296777578387944e-12,0.005333700461939539,0.003902168420859393,1.1296777578387944e-12,0.09643590615697026,0.3294893460363151,1.1296777578387944e-12,0.5648388789193972
6891888,9.999999999998172e-13,9.999999999998172e-13,0.004433906310471278,0.004995219981690515,9.999999999998172e-13,0.08016718897444777,0.01872851708234962,0.003611928294453141,0.8880632393535874
6892297,1.0349266940909517e-12,1.0349266940909517e-12,0.0048863394433000555,0.00546500932808754,1.0349266940909517e-12,0.0955316948391648,0.1617072959517112,1.0349266940909517e-12,0.7324096604335967
6892562,1.0922298345800777e-12,1.0922298345800777e-12,0.005156892514542387,0.0037728146272196115,1.0922298345800777e-12,0.10082121549969948,0.11728642518980699,1.0922298345800777e-12,0.7729626521643627
6892587,9.999999999996757e-13,9.999999999996757e-13,0.004415239082969131,9.999999999996757e-13,9.999999999996757e-13,0.07305840920100483,0.10041853828433417,9.999999999996757e-13,0.8221078134266918
6894293,1.1130251318844723e-12,0.5565125659422362,0.0052550761656490665,0.021824022193813186,0.032261598025636884,0.19431416262317738,1.1130251318844723e-12,0.040844958968237526,0.1489876160790239
6895609,9.999999999999826e-13,0.00461101203146031,0.014699025174424547,0.10749769013103254,9.999999999999826e-13,0.16099131750867837,0.00550759770424426,0.005110142199814261,0.7015832152483458
6895723,9.999999999999764e-13,0.004614677375796483,0.004684398658150348,9.999999999999764e-13,9.999999999999764e-13,0.5723974821901406,0.03288913709821802,0.0038159832146009375,0.38159832146009376
6895905,9.999999999999757e-13,0.004623033837672198,0.004692881374407565,9.999999999999757e-13,9.999999999999757e-13,0.5754460540049867,0.03294869420219411,9.999999999999757e-13,0.3822893365767394
6895906,1.149295244904439e-12,0.005345559278625298,0.005426323158189041,1.149295244904439e-12,1.149295244904439e-12,0.6653814575762542,0.038098184913959304,0.004288415092927011,0.2814600599765973
6895927,1.0454454349082864e-12,0.004862536906550169,0.015500838408854327,0.0036112104832756,1.0454454349082864e-12,0.7986943384703057,0.02084933915771511,0.004020943980416486,0.15246079259079176
6895938,9.999999999999234e-13,0.004561985801759306,0.004630910988565867,9.999999999999234e-13,9.999999999999234e-13,0.6452808864330598,0.10532369904732895,9.999999999999234e-13,0.24020251772528592
6895939,9.999999999997057e-13,0.004309102990458334,0.004374207473789149,9.999999999997057e-13,9.999999999997057e-13,0.8254970696785084,0.0307112865065815,9.999999999997057e-13,0.13510833334666236
6895948,9.999999999998045e-13,0.0044238020007169535,0.004490639424712678,9.999999999998045e-13,9.999999999998045e-13,0.726630086391055,0.03152875459074514,9.999999999998045e-13,0.23292671758877023
6895973,9.999999999999764e-13,0.004614677375796483,0.004684398658150348,9.999999999999764e-13,9.999999999999764e-13,0.5723974821901406,0.03288913709821802,0.0038159832146009375,0.38159832146009376
6895974,9.99999999999657e-13,9.99999999999657e-13,0.004397586299487467,9.99999999999657e-13,9.99999999999657e-13,0.5373512182104493,0.10001705001143038,9.99999999999657e-13,0.3582341454736329
6896754,1.0840709919548105e-12,1.0840709919548105e-12,0.0051183710668310225,1.0840709919548105e-12,1.0840709919548105e-12,0.336435825089424,0.11641030786091924,1.0840709919548105e-12,0.5420354959774053
6897915,9.999999999999192e-13,0.0487903541043847,0.014227170801443314,0.10404689971657942,9.999999999999192e-13,0.2977894026371066,0.006006532899652993,0.09734500601502842,0.43179463382380456
6897964,0.06141145121295927,0.01094554132147023,0.015219171129029443,0.020126441994163122,0.029752131643545482,0.31855299570071977,0.006425342984052076,0.024342653162900848,0.5132242708511596
6899282,9.999999999995177e-13,9.999999999995177e-13,0.004266101775927417,9.999999999995177e-13,9.999999999995177e-13,0.2804152829404429,0.2635384372079162,9.999999999995177e-13,0.4517801780707135
6899294,1.1435853394953587e-12,0.0053190015790481795,1.1435853394953587e-12,1.1435853394953587e-12,1.1435853394953587e-12,0.08934260464807489,0.33354572401947963,1.1435853394953587e-12,0.5717926697476793
6899376,9.999999999997774e-13,0.004306090485962383,0.013726993559039885,9.999999999997774e-13,9.999999999997774e-13,0.0723288636313994,0.030689816170671128,0.003454512889857882,0.8754937232600694
6899506,1.1079937225817207e-12,1.1079937225817207e-12,1.1079937225817207e-12,1.1079937225817207e-12,1.1079937225817207e-12,0.7289432385406058,0.11897919168662772,1.1079937225817207e-12,0.15207756976611855
6899530,9.999999999998354e-13,9.999999999998354e-13,0.004462381084481218,0.005027299540920861,9.999999999998354e-13,0.29331692493924477,0.0059163212124765064,0.02241420506782107,0.6688628681520556
6899560,9.999999999997613e-13,9.999999999997613e-13,0.004345264776423052,0.0031790227276214246,9.999999999997613e-13,0.14945482489984316,0.030508079988278536,0.003434056267337323,0.8090787513374966
6899670,1.0426347826342556e-12,0.033099516909023984,0.004922732684769856,1.0426347826342556e-12,1.0426347826342556e-12,0.19930971495765057,0.020793286263361223,0.0040101337793625215,0.737864615402704
6899695,9.999999999998415e-13,0.013215152835135056,0.0043468160883588704,0.01805207151989037,9.999999999998415e-13,0.14950818207498948,0.00576310264484763,0.003540983259670804,0.8055736915751078
6899730,9.999999999999618e-13,0.02668155884434033,0.004661084406235091,9.999999999999618e-13,9.999999999999618e-13,0.16031740057753208,0.10600995191845286,0.003683648049405195,0.6986463562010347
6899754,1.1007958028273016e-12,0.03494589850245402,0.01632151931704401,0.021584231427986305,1.1007958028273016e-12,0.10161192026098168,0.006115532237929453,0.04039617625054318,0.7790247220008596
6901206,9.999999999999713e-13,0.004584244453717124,0.014613695251964801,0.005242619986963732,9.999999999999713e-13,0.4224053818067921,0.10583759007239535,0.0037908175290353144,0.4435256508971317
6902131,9.999999999994895e-13,9.999999999994895e-13,9.999999999994895e-13,9.999999999994895e-13,9.999999999994895e-13,0.8643581903222792,0.09824135624337593,9.999999999994895e-13,0.03740045342834497
6902271,1.118274283959348e-12,0.011924725776817692,0.01658067307353234,0.005948267467868871,1.118274283959348e-12,0.34705063984945284,0.006212634910885266,0.02652033875002406,0.5857627201691823
6904326,1.0230155962993243e-12,1.0230155962993243e-12,0.004830101965530332,0.003533732629704056,1.0230155962993243e-12,1.0230155962993243e-12,0.020402020439017864,0.00381722237425121,0.9674169225874045
6908023,1.163543835741564e-12,0.08311027398154028,0.005493596958175467,0.290885958935391,0.0038400786658137425,0.49866164388924167,0.02320457792077193,0.0753186857957709,0.019485183852131455
6908625,1.0361233480111799e-12,1.0361233480111799e-12,1.0361233480111799e-12,1.0361233480111799e-12,1.0361233480111799e-12,0.4440528634333628,0.3022026431699275,1.0361233480111799e-12,0.25374449339049304
6909657,9.999999999994273e-13,9.999999999994273e-13,9.999999999994273e-13,9.999999999994273e-13,9.999999999994273e-13,0.07066889771654372,0.09713416276743728,9.999999999994273e-13,0.8321969395100189
6909786,1.010621795741863e-12,1.010621795741863e-12,0.004771585437874708,0.003490921574237869,1.010621795741863e-12,0.16411806939397777,0.10852314585147523,0.003887006906699474,0.7152092708327031
6909952,9.999999999996476e-13,9.999999999996476e-13,9.999999999996476e-13,9.999999999996476e-13,9.999999999996476e-13,9.999999999996476e-13,0.10197436785519198,9.999999999996476e-13,0.8980256321378082
6910003,1.0216577704080563e-12,1.0216577704080563e-12,1.0216577704080563e-12,1.0216577704080563e-12,1.0216577704080563e-12,1.0216577704080563e-12,0.033867108411316786,1.0216577704080563e-12,0.9661328915815315
6910407,9.999999999998974e-13,0.010390034032423483,9.999999999998974e-13,9.999999999998974e-13,9.999999999998974e-13,0.9635581330383055,0.006099244460695822,0.0036356503828214835,0.01631693808175384
6910422,9.99999999999504e-13,9.99999999999504e-13,0.004252668032748413,9.99999999999504e-13,9.99999999999504e-13,0.0703683663543839,0.09672108341864309,9.99999999999504e-13,0.8286578821892248
6910425,9.999999999999727e-13,9.999999999999727e-13,9.999999999999727e-13,9.999999999999727e-13,9.999999999999727e-13,0.09188705700278475,0.032998114393265235,9.999999999999727e-13,0.87511482859795
6910560,9.999999999998507e-13,9.999999999998507e-13,0.004486224902717472,0.018631028125403154,9.999999999998507e-13,0.07423300268715319,0.005947933861631053,0.022533970776179305,0.8741678396439159
6910590,9.999999999996724e-13,9.999999999996724e-13,0.004463633015618402,9.999999999996724e-13,9.999999999996724e-13,9.999999999996724e-13,0.1015191917001855,9.999999999996724e-13,0.8940171752781961
6912744,9.999999999999473e-13,0.010522862942048718,9.999999999999473e-13,9.999999999999473e-13,9.999999999999473e-13,0.9758765119553138,0.006177218795401924,0.003795425779097913,0.0036279805241377114
6919118,1.1759678455016386e-12,0.005469617886054133,0.017436096556037475,0.00406206509672414,1.1759678455016386e-12,0.6808234895009487,0.12627842636259207,0.00452295325192938,0.16140735134336218
6920152,1.1376472492914194e-12,1.1376472492914194e-12,0.01686791638158612,0.003929696888744109,1.1376472492914194e-12,0.6586378811687165,0.03771206351242274,0.004244952422729177,0.2786074896223884
6925791,9.999999999998194e-13,0.010021103087137996,9.999999999998194e-13,0.003246137403778341,9.999999999998194e-13,0.9135484220242808,0.03115215839979546,0.003614449147668576,0.03841772993433895
6926246,1.1581070721778721e-12,1.1581070721778721e-12,0.005467927630679283,1.1581070721778721e-12,1.1581070721778721e-12,0.7619125474854423,0.18095423002779254,0.004321295045439821,0.04734399980601364
6928841,1.445673668577853e-12,0.015415951442180898,0.0152176175639774,0.36141841714446327,0.004771200226329549,0.44865734542071306,1.445673668577853e-12,0.1466625460876083,0.007856922111836157
6928933,1.0392971167039285e-12,0.01108255219234047,0.004906974110972278,1.0392971167039285e-12,1.0392971167039285e-12,0.7939971761154236,0.034451838122782165,0.003997296602707418,0.15156416285265625
6937241,1.0112605433282972e-12,1.0112605433282972e-12,0.014993978401902266,0.005379045443235623,1.0112605433282972e-12,1.0112605433282972e-12,0.006330269441804677,0.016995975518122642,0.9563007311908898
6938426,9.999999999997584e-13,0.004426338476136303,9.999999999997584e-13,9.999999999997584e-13,9.999999999997584e-13,0.9251223763271335,0.03154683223323664,9.999999999997584e-13,0.03890445295849361
6938530,9.999999999998112e-13,0.025750489738371785,9.999999999998112e-13,9.999999999998112e-13,9.999999999998112e-13,0.9001612915904443,0.031583473601759865,0.0035551049265662537,0.03894964013885795
6938682,1.0361233480111799e-12,1.0361233480111799e-12,1.0361233480111799e-12,1.0361233480111799e-12,1.0361233480111799e-12,0.4440528634333628,0.3022026431699275,1.0361233480111799e-12,0.25374449339049304
6939166,9.999999999998245e-13,0.01385044802599572,9.999999999998245e-13,9.999999999998245e-13,9.999999999998245e-13,0.9380045783979786,0.031986117540697294,9.999999999998245e-13,0.016158856030328343
6939222,1.5554712207318461e-12,1.5554712207318461e-12,1.5554712207318461e-12,1.5554712207318461e-12,1.5554712207318461e-12,0.4827324478133316,0.45367910604678846,1.5554712207318461e-12,0.06358844613054716
6944591,1.0837788418320099e-12,1.0837788418320099e-12,0.005116991698923559,0.0037436229424249044,1.0837788418320099e-12,0.7774935169664419,0.16934044403625156,1.0837788418320099e-12,0.044305424351623046
6947293,9.999999999998665e-13,0.010189394930566587,0.004511514700135452,9.999999999998665e-13,9.999999999998665e-13,0.9288903206822312,0.005981463621212448,0.004925457801488085,0.04550184826136613
6952804,1.0294891387371865e-12,0.004788321575521798,0.01526425411636685,0.005476006057112694,1.0294891387371865e-12,0.786504124625304,0.020531122424958134,0.0173023384661712,0.15013383273250636
6975207,9.999999999998897e-13,0.004480435004863533,0.004548128073869969,9.999999999998897e-13,9.999999999998897e-13,0.9526199135686994,0.006030006422821029,0.016189807160431252,0.016131709766314874
6975472,9.99999999999916e-13,0.004521060207884648,0.004589367066549572,9.99999999999916e-13,9.99999999999916e-13,0.9612575519561943,0.0083435875081133,0.00501045332317113,0.01627797993508707
6975490,9.99999999999863e-13,9.99999999999863e-13,9.99999999999863e-13,9.99999999999863e-13,9.99999999999863e-13,0.9726104800858028,0.00608832851383914,0.005013456082916509,0.016287735312441674
6976427,9.999999999999236e-13,9.999999999999236e-13,9.999999999999236e-13,9.999999999999236e-13,9.999999999999236e-13,0.9846971006658614,0.0061639881105844205,0.003787296541022544,0.0053516146775318555
10551287,9.99999999999965e-13,0.010478080236695088,0.004639334655214906,0.0033941660793592988,9.99999999999965e-13,0.8818304563873871,0.01959623236416416,0.06360652080192188,0.016455209473257463
10554874,0.609955927145339,0.011150176054789542,0.004936915638570125,0.0036118781770264332,0.0034509529117133747,0.3245085720773232,0.020853194090438936,0.00402168743172751,0.01751069647307193
10555071,1.0839484120225325e-12,0.0050416205210350356,0.0051177923136096915,1.0839484120225325e-12,1.0839484120225325e-12,0.7776151651465995,0.03593199155875799,0.018217620370126596,0.15807581008661936
10555459,1.0849321414773588e-12,0.011569181603431553,0.01608630852272855,0.00374760670631212,1.0849321414773588e-12,0.6102743295810144,0.0216368233343063,0.19145861320188687,0.1452271370481504
10555968,1.0306908833799019e-12,0.01099077956210796,0.004866340337015589,0.11176166205324238,0.029875098068982666,0.7874222276753288,1.0306908833799019e-12,0.03782351865614319,0.017260373645117975
10556692,1.049972647402715e-12,0.004883593708849837,0.004957377938634159,0.005584960890439973,1.049972647402715e-12,0.4499882774583064,0.03480572311832204,0.06796697940776505,0.43181308747558267
10557065,9.999999999999024e-13,0.010317637732192525,9.999999999999024e-13,0.0033421939151681026,9.999999999999024e-13,0.9568441950789367,0.008305280158293267,0.004987449167222503,0.016203243945186987
10557235,9.999999999999467e-13,0.010092971297296829,0.004468821621507985,0.005034555422528677,0.0031237505591927106,0.8942358809389587,0.005924860215558004,0.061268741436665976,0.015850418507291245
10557310,1.2196363549403537e-12,0.017506741936942877,0.018083570336842148,0.006487427419895498,0.035351778404068224,0.7036363586194347,0.00677575752744641,0.04475729742900381,0.16740106832514662
10557603,9.999999999998958e-13,0.010108529314727454,0.0044757101781712156,0.0032744573945998733,9.999999999998958e-13,0.8956143191622463,0.01890509376113004,0.022481156104426796,0.04514073408269825
10557649,9.999999999999489e-13,0.010117616207829975,0.004479733542864598,0.0032774009132252916,0.0031313781002598085,0.9223467956510286,0.00593932747654912,0.03481862621573292,0.0158891218915097
10559369,1.0045613263399384e-12,0.010712146844857164,0.0047429713236068856,0.003469987310327939,1.0045613263399384e-12,0.901529395433278,0.033300375458782484,0.005178151166700713,0.04106697246043773
10559516,9.99999999999936e-13,0.010435626919976414,9.99999999999936e-13,0.003380414170201533,9.99999999999936e-13,0.9245951223932204,0.021991683197153795,0.0232086142831623,0.016388539033285663
10559765,9.999999999998616e-13,0.009925530311925588,0.00439468449442094,0.0032151785005815376,9.999999999998616e-13,0.8794006324627405,0.030855055555304593,0.03415758443737084,0.03805133423565603
10559904,1.00078917700762e-12,0.01067192250363576,0.004725161364530784,0.0034569574335323663,1.00078917700762e-12,0.8965403044026597,0.019958758515821483,0.02373413068002261,0.04091276509779579
10561136,1.00078917700762e-12,0.01067192250363576,0.004725161364530784,0.0034569574335323663,1.00078917700762e-12,0.8965403044026597,0.019958758515821483,0.02373413068002261,0.04091276509779579
10561583,9.99999999999959e-13,0.004555543530530811,0.004624371383683307,0.0033832188568708958,9.99999999999959e-13,0.8789862837754963,0.03246768593582733,0.03594282051611466,0.04004007599947678
10561870,9.999999999995967e-13,0.009588978958051188,9.999999999995967e-13,9.999999999995967e-13,9.999999999995967e-13,0.8741549228442803,0.09656194768793679,0.004635222360020161,0.015058928145711435
10562711,1.1717734462593297e-12,0.03166955260160351,0.005532452531913737,0.022975949926653524,0.03396444771766173,0.659122563520873,1.1717734462593297e-12,0.07585140611946556,0.17088362757948558
10566953,1.0419151835350508e-12,0.004846117132721167,1.0419151835350508e-12,1.0419151835350508e-12,1.0419151835350508e-12,0.7474608925360147,0.1627992474273517,0.06744540250561715,0.017448340394127647
10567563,0.056946190238824,0.01014968488853786,0.004493932455107519,0.003287788925705605,0.0031413032805008997,0.8480914760567718,0.018982063412941334,0.01599688897465164,0.038910671766959254
10568512,1.2166312238071294e-12,1.2166312238071294e-12,0.005744245627040271,1.2166312238071294e-12,1.2166312238071294e-12,0.6083156119035646,0.19009862871986397,0.028852914398588045,0.1669885993460766
10569249,1.0001678785127341e-12,0.004651943620989461,1.0001678785127341e-12,1.0001678785127341e-12,1.0001678785127341e-12,0.8975865576396331,0.03315473630428953,0.02371939632836523,0.04088736610272183
10569900,9.999999999999663e-13,0.12685666333309764,0.004641827860394271,0.019277238055519737,0.49156957041575333,0.3051121471546055,9.999999999999663e-13,0.03607850058097273,0.016464052597656813
10569996,1.0338395352594318e-12,0.004808555977950845,1.0338395352594318e-12,1.0338395352594318e-12,1.0338395352594318e-12,0.8615329460495265,0.11101632593389871,0.005329069769378514,0.0173131022651101
10570047,9.999999999997966e-13,0.009939678612576764,9.999999999997966e-13,0.0032197615617020866,9.999999999997966e-13,0.9061255665159841,0.03089903774959406,0.03420627420597263,0.015609681351170525
10570186,9.999999999999279e-13,0.010407698397749127,9.999999999999279e-13,0.003371367279869607,9.999999999999279e-13,0.8743430329886837,0.03235395008361055,0.0631792723172886,0.01634467892979847
10570190,9.999999999996454e-13,0.00423880808277833,9.999999999996454e-13,9.999999999996454e-13,9.999999999996454e-13,0.8610241449128252,0.0978624147970299,0.021612894967525872,0.015261737235840638
10570281,9.999999999998524e-13,0.004422169144230703,9.999999999998524e-13,0.003284167067390678,9.999999999998524e-13,0.8517282028836012,0.10209571715539342,0.022547818956749434,0.01592192478963447
10570444,0.22830045617943284,0.01338965945602124,0.005928482100976773,0.006679002707377024,0.004144067686425348,0.6278262544934403,0.007860109602421787,0.046078991155481856,0.05979297661842288
10570516,9.999999999999723e-13,0.010516070115714414,0.004656155271043418,0.0034064721464835785,9.999999999999723e-13,0.8850276672883298,0.03269084043338108,0.023387518254711366,0.04031527648833631
10570563,1.0715981191940808e-12,1.0715981191940808e-12,1.0715981191940808e-12,1.0715981191940808e-12,1.0715981191940808e-12,0.6182296841504312,0.31254945143160695,0.02541339413108492,0.043807470281519025
10570908,9.999999999997687e-13,0.004382470435774632,9.999999999997687e-13,9.999999999997687e-13,9.999999999997687e-13,0.8440820662236765,0.10117918321519956,0.034577289676753976,0.015778990444595267
10570962,1.186228301967332e-12,0.012649353930931266,0.01758822852999339,1.186228301967332e-12,0.003914944890981294,0.68436248190423,0.023656974683109188,0.2093344062295292,0.048493609828853194
10571126,1.0160184579058545e-12,1.0160184579058545e-12,0.004797065429206112,1.0160184579058545e-12,1.0160184579058545e-12,0.5715103825720432,0.10910265319794411,0.06576905196265578,0.2488208468340868
10571129,0.05552999045027566,0.004316949423709138,0.004382172455606537,0.004936936840943961,9.99999999999928e-13,0.8270002149201767,0.0058099788801093235,0.0600807581625591,0.037942998865619616
10571130,1.1003807451970675e-12,0.005118049977660778,0.005195376511789742,0.021576093043079753,1.1003807451970675e-12,0.840663550678505,0.0038178430867959827,0.0712300035953459,0.052399083104622254
10571150,9.999999999999984e-13,0.010654833973949937,0.00471759514951933,0.003451421943586163,9.999999999999984e-13,0.8967059703432511,0.019926799340961136,0.023696126150233848,0.0408472530964985
10571157,1.204726003783031e-12,1.204726003783031e-12,0.00568803590076974,1.204726003783031e-12,1.204726003783031e-12,0.6974729495585968,0.12936655074180198,0.006209927854551706,0.16126253593946085
10571249,9.999999999998196e-13,0.00444160125535467,9.999999999998196e-13,9.999999999998196e-13,9.999999999998196e-13,0.9022172856735774,0.03165561115694764,0.02264689968145266,0.03903860222866761
10571563,1.0536315211144547e-12,0.0535744841244638,0.004974653074194781,0.005604422984651355,0.003477331752852986,0.8049483049507946,0.009044047391540383,0.06820382614356964,0.05017292957687879
10571600,9.9999999999989e-13,0.010272264017896625,9.9999999999989e-13,0.0033274960011916137,9.9999999999989e-13,0.9101211915406486,0.031932931237954876,0.004965515939922537,0.03938060125938565
10573894,9.999999999999192e-13,0.010232777862904645,0.004530723175055881,0.00510429344934487,9.999999999999192e-13,0.8596480884271653,0.019137464898398432,0.062117428316580896,0.039229223868549885
10574347,1.002676589753237e-12,0.0046636120453638925,0.004734072661724442,0.003463476993966276,1.002676589753237e-12,0.8998379651631614,0.022532058196701954,0.023778891456598505,0.04098992348047824
10574370,9.999999999999844e-13,0.0046152400798166425,0.004684969863836535,0.003427553081729113,9.999999999999844e-13,0.89050465642616,0.019788992365025775,0.03641382081323223,0.040564767368199736
10574372,1.071232699759096e-12,0.004982477673298121,0.005057755900656732,1.071232699759096e-12,1.071232699759096e-12,0.8183951681389366,0.11503169930299018,0.00552181803999534,0.05101108094090933
10574408,9.999999999999747e-13,0.010391273775559415,0.004600899730653733,0.0051833540582577695,0.003216074465189639,0.8682782580153336,0.005413725349735893,0.06307956769111912,0.03983684691315091
10574430,9.999999999999713e-13,0.004584585250012227,0.004653851882684743,0.0034047869732387864,9.999999999999713e-13,0.8845898463164616,0.019657552140365814,0.03617195701844509,0.04693742041679184
10574439,9.99999999999931e-13,0.004490326511359763,0.00455816902711213,0.003334784801182553,9.99999999999931e-13,0.8664027435380057,0.01925339430084457,0.06249371829983959,0.03946686351965578
10574456,9.999999999998285e-13,0.009749119862402879,0.004316575996153618,0.0031580338376004714,9.999999999998285e-13,0.820481483576584,0.01823292185725742,0.021681837058940785,0.12238002780906079
10576038,0.05808089904397737,0.01035192733468317,0.004583478475748921,0.0033533013511696775,9.99999999999971e-13,0.8649905321906629,0.01936029968132579,0.02302246816988826,0.016257093751543904
10576770,9.999999999997972e-13,0.004179349769523535,0.004242493864247214,0.004779575534295532,9.999999999997972e-13,0.8006401786039157,0.007712963093970472,0.058165727261114394,0.12027971187093324
10577118,1.0091486138984876e-12,0.010761063418348803,0.004764629905092009,0.0034858328632072113,1.0091486138984876e-12,0.8409571782487397,0.03345244023972887,0.06532435223896463,0.04125450308390044
10577354,9.999999999998029e-13,0.004345761337582384,0.004411419676960399,9.999999999998029e-13,9.999999999998029e-13,0.8370117409572737,0.10033167114955302,0.015703171219835506,0.03819623565579486
10577622,9.999999999998956e-13,0.010107236272529256,0.004475137663421829,0.0032740385392495456,9.999999999998956e-13,0.8506203974088723,0.03141991681036718,0.061355336063101715,0.038747937240458066
10577723,9.999999999999842e-13,0.004614213019940799,0.004683927286531028,0.0034267903256900573,9.999999999999842e-13,0.8903064865398593,0.03288582760068304,0.023527015002860197,0.04055574022243563
10578130,0.05808089904397737,0.01035192733468317,0.004583478475748921,0.0033533013511696775,9.99999999999971e-13,0.8649905321906629,0.01936029968132579,0.02302246816988826,0.016257093751543904
10578295,1.0629645535878963e-12,0.004944021179478587,1.0629645535878963e-12,1.0629645535878963e-12,1.0629645535878963e-12,0.8120785098839207,0.1596974283960186,0.005479198729834517,0.01780084180649587
10579132,9.999999999997296e-13,0.004336670203339719,9.999999999997296e-13,9.999999999997296e-13,9.999999999997296e-13,0.8307781347872276,0.14568501464344366,0.0035860926681463064,0.015614087693842768
10579372,1.022468698035317e-12,0.004755668362954963,1.022468698035317e-12,1.022468698035317e-12,1.022468698035317e-12,0.7621775685978481,0.19875973362292132,0.01718434786613978,0.01712268154604598
10579452,9.999999999999226e-13,0.009838505974837809,0.004356153101858729,0.004907623547732334,0.0030449941484279827,0.8969024198469229,0.0057754818589901636,0.05972402585320691,0.01545079566702333
10579754,9.999999999999673e-13,0.010314524782228463,0.004566917907984903,0.0033411855368262605,0.0031923208346904372,0.8680657038946689,0.006054918390680453,0.09920750901653358,0.005256919635386969
10580098,9.999999999996906e-13,0.004171505996053808,0.004234531582396453,9.999999999996906e-13,9.999999999996906e-13,0.8473531504867582,0.09630859480822214,0.03291279960189243,0.01501941752167699
10580150,9.999999999999545e-13,0.004545312070071086,0.004613985340251575,0.003375620362919805,9.999999999999545e-13,0.8754460434959832,0.03239476558227459,0.06325897490377955,0.01636529824272006
10580642,9.99999999999968e-13,0.010492224355585722,0.00464559718608454,0.0033987477858815384,9.99999999999968e-13,0.8830208189857613,0.022110954696914726,0.03610779757844791,0.040223859409324436
10580740,1.0709316972510277e-12,1.0709316972510277e-12,0.005056334736784833,1.0709316972510277e-12,1.0709316972510277e-12,0.8181652097010956,0.11499937688601639,0.01799885205463912,0.043780226617180375
10580745,1.0503487108541514e-12,0.0048853428411821,0.004959153497894955,1.0503487108541514e-12,1.0503487108541514e-12,0.8024403194724263,0.11278912331319747,0.024909455593379086,0.05001660527876912
10580771,1.0150990641005913e-12,0.004721390995816703,0.004792724570824321,0.005399463106918039,1.0150990641005913e-12,0.7282232416373807,0.02024414087949897,0.10298106447397304,0.13363797433355806
10580995,9.99999999999783e-13,0.004146587410010339,0.004209236511578011,0.003079503603289198,9.99999999999783e-13,0.7819650594905598,0.02955302629233888,0.05770976004780016,0.11933682664242355
10581310,1.0659776790659917e-12,0.004958035716586008,0.0050329446603682325,1.0659776790659917e-12,1.0659776790659917e-12,0.8143804628889253,0.15228252558085595,0.005494730304463874,0.01785130084560273
10581368,9.999999999999325e-13,0.01030358831701958,0.004562075616181159,0.018946031676611165,0.003188936024776137,0.8609514009967729,9.999999999999325e-13,0.06254727868238376,0.03950068868425535
10582173,0.05810901636949629,0.010356938767278197,0.0045856973662694355,0.0033549247052706956,9.999999999999713e-13,0.8716352455424443,0.019369672123165427,0.01632354121303977,0.016264963912036044
10582418,0.2160483698909981,0.005526818764653439,0.005610321220021196,0.0041045458873937455,0.003921670080529668,0.6879434936002834,0.02369761322166218,0.004570253978463421,0.04857691335599485
10583009,9.999999999997003e-13,0.004302341816968688,9.999999999997003e-13,9.999999999997003e-13,9.999999999997003e-13,0.8242018282058287,0.14453179541379188,0.021936841675452994,0.005027192883957979
10583434,1.1175226276637481e-12,0.0160409946554605,0.005276310801056412,0.02191220838556369,1.1175226276637481e-12,0.8017010154979063,0.03704494898332867,0.07233963438001943,0.04568488729442995
10583521,1.115472048461478e-12,1.115472048461478e-12,1.115472048461478e-12,1.115472048461478e-12,1.115472048461478e-12,0.651683554828754,0.3253460141345978,0.004290277109467224,0.0186801539216037
10584210,9.99999999999847e-13,0.004413638710881361,0.004480322581867292,9.99999999999847e-13,9.99999999999847e-13,0.8455230312480093,0.1018987729223616,0.004891403725976765,0.03879283080790378
10584222,9.999999999999075e-13,9.999999999999075e-13,0.004612027904817759,9.999999999999075e-13,9.999999999999075e-13,0.8703783584834346,0.10489422928755987,0.0037570288855400054,0.016358355434647868
10584314,9.999999999996187e-13,9.999999999996187e-13,0.004271216788844101,9.999999999996187e-13,9.999999999996187e-13,0.38770444966164874,0.09714294935593883,0.05855952625097822,0.4523218579385902
10584430,1.0176730978274907e-12,1.0176730978274907e-12,0.004804877704567945,1.0176730978274907e-12,1.0176730978274907e-12,0.7774769629365302,0.15901142153554543,0.017103749543319172,0.041602988275966604
10584519,9.999999999998776e-13,0.02537353065523885,0.004432580898223973,0.0032429037452291446,9.999999999998776e-13,0.8366785273986979,0.031121125997033285,0.06077187141310557,0.03837945989047134
10584820,9.999999999999323e-13,0.03067224707718875,9.999999999999323e-13,0.003337394759694113,0.02800509515743321,0.8670808308359129,0.01926846290746473,0.0354559920341815,0.01617997722612469
10585136,9.999999999998253e-13,0.04640486202234185,0.004308918569905838,0.004854409325032215,9.999999999998253e-13,0.862238397413084,0.00783372491936529,0.05907642776802599,0.015283259980244964
10586849,9.999999999999043e-13,0.010153619929958169,0.004495674756523288,0.0032890636042543437,9.999999999999043e-13,0.8996093415243646,0.03156410762756793,0.03494252893327092,0.015945663622060832
10587734,1.0833476733752976e-12,0.005038826387792082,0.005114955964944748,1.0833476733752976e-12,1.0833476733752976e-12,0.7771842004648875,0.15476395333932824,0.039755877922029274,0.018142185917768144
10587840,9.999999999999283e-13,0.010280700618712243,0.004551941728146644,0.003330228870540446,9.999999999999283e-13,0.9108686732227284,0.03195915772446826,0.022864061455054364,0.016145236378349793
10588529,1.16964991371862e-12,1.16964991371862e-12,1.16964991371862e-12,1.16964991371862e-12,1.16964991371862e-12,0.3629948008092269,0.58482495685931,0.004364365349696343,0.04781587697591842
10588664,1.352080186049986e-12,1.352080186049986e-12,1.352080186049986e-12,1.352080186049986e-12,1.352080186049986e-12,0.41961109222240944,0.3943567209312459,0.005045075321082037,0.18098711151850208
10588792,1.345691174119968e-12,1.345691174119968e-12,1.345691174119968e-12,1.345691174119968e-12,1.345691174119968e-12,0.41762829541654184,0.39249325911832406,0.005175735285076801,0.18470271017332895
10589349,1.0646729901981233e-12,1.0646729901981233e-12,0.005026784656270648,1.0646729901981233e-12,1.0646729901981233e-12,0.33041575557872793,0.1143273009608723,0.017893663700808794,0.5323364950990617
10589410,0.13433679816494176,1.074694385319534e-12,0.005074100025115835,0.0057164594963805,1.074694385319534e-12,0.6200159915305004,0.021432651559079027,0.06956727047827344,0.1438567287435597
10589411,1.059757969813127e-12,1.059757969813127e-12,0.0050035787054444145,0.0036606492912370533,1.059757969813127e-12,0.45418198706276863,0.03513009844684399,0.02513260007461961,0.4768910864159071
10589472,1.0568989717958594e-12,1.0568989717958594e-12,0.0049900801312363526,1.0568989717958594e-12,1.0568989717958594e-12,0.3280031291780254,0.11349250703848156,0.025064797750099434,0.5284494858979297
10589485,1.1212819756255216e-12,1.1212819756255216e-12,0.005294060319289526,0.0038731674460294355,1.1212819756255216e-12,0.34798406140102395,0.009624737988201902,0.07258298502933067,0.5606409878127607
10589763,9.999999999998746e-13,0.009994749038572016,0.004425332173200494,0.004985560395126939,9.999999999998746e-13,0.8855334022068413,0.018692300512783623,0.06067248945141089,0.015696166220064717
10590733,9.99999999999954e-13,0.01369397966657216,0.004504314998919706,0.005074542110485073,0.0031485607814230815,0.9013383017347475,0.005300077315395521,0.06175536514813533,0.005184858243321705
10592587,0.2728651985636921,0.006980272521396775,0.00708573461803733,0.005183967502937156,0.004952998653796392,0.6431822537572742,0.009394419981848555,0.02522283348067742,0.025132320920340064
10592944,9.999999999999467e-13,0.010092971297296829,0.004468821621507985,0.005034555422528677,0.0031237505591927106,0.8942358809389587,0.005924860215558004,0.061268741436665976,0.015850418507291245
