track_id,Clutter,Cormorants,Pigeons,Ducks,Geese,Gulls,Birds of Prey,Waders,Songbirds
6868504,0.31381288374092736,0.006412282071334525,0.007859881287797079,0.016397051260302307,0.09562668046076514,0.11119534758982294,0.010604083874795571,0.008226530336339966,0.4298652593779151
6868536,0.0319069920805396,0.012138750937597689,0.00917719103843254,0.028332675918364313,0.07099492401554786,0.10659837138731047,0.01332873787004617,0.008020470867694147,0.7195018858844673
6868565,0.012970806430144186,0.004462772662514903,0.005651802213601651,0.046075408815655416,0.32496829900699475,0.1206449726432481,0.010847971640179168,0.006926613992431067,0.46745135259523074
6868861,0.0005107813192342678,0.0004571745806608722,0.00019496488027519987,0.0008628500667243828,0.9638617618643001,0.025943314755324003,0.00042046855913981313,0.0003615458311440671,0.007387138143197373
6869275,0.0003852441406508068,0.0018310927470707595,0.00019799522963657857,0.0006804752334680789,0.9709788698647153,0.019473649530427524,0.0004454474086711855,0.00035587690136005905,0.005651348943999761
6871418,0.01719316833813739,0.008506791206763094,0.006761632826358601,0.01951676876344706,0.38966840980571477,0.2655033197089901,0.012545045452571997,0.012066590216791878,0.26823827368122516
6872996,0.45433726130602686,0.000851224470408371,0.004377571905962777,0.0015582419690222632,0.010505470324774316,0.0840911319175663,0.03625325658154265,0.002567269916530658,0.40545857160816584
6873817,0.0066750685409026275,0.008079970064245703,0.0035651114669225186,0.0031397828649764284,0.3226617488307424,0.5065046166349285,0.007586410321623284,0.004258334389715973,0.13752895688594263
6874023,0.0019116205805898034,0.002142399247241063,0.0010592721572436502,0.0008786198740497532,0.0037711424889756225,0.9485543769840773,0.0036264297831109338,0.0017120700331711184,0.03634406885154069
6875504,0.00163228325652609,0.0036901522757608555,0.0008656593038478372,0.0007442391749808161,0.0021884512112197337,0.2894403913656973,0.003417803634265051,0.001318956558437726,0.6967020632192646
6875899,0.00251197498369696,0.0018982673157232205,0.0014920853995394193,0.0011073707599134094,0.004024402125282788,0.7489940815608362,0.04151150568959963,0.0013144541371305062,0.19714585802827791
6877293,0.001903948602002205,0.0002047770227188427,0.00028627896031819844,0.0002175041235273073,0.0006622049312857933,0.004842231019818874,0.0008955321465607968,0.0004920632768054892,0.9904954599169626
6880408,0.0033826762501717256,0.003100917249701206,0.0020121999698941738,0.0019499660747409537,0.004266269235364952,0.6946085979095991,0.01426934909054629,0.0020778795200759475,0.2743321446999056
6880690,0.0012146723303342185,0.0002791656686949891,0.0007838156562305156,0.0009660366148937877,0.0015081958582000307,0.02932264216230829,0.001974600941366648,0.0007862162624262968,0.9631646545055452
6880833,0.000645778513847152,0.00012097210040634712,0.0004015136591612265,0.0002768769779934639,0.0008217518275620667,0.0064739217201364545,0.0014582514439099906,0.0004488174627892358,0.9893521162941941
6880956,0.0014145772774604034,0.0002984083381381795,0.0008950333164861027,0.0006307843818943815,0.001934665049733919,0.9701917993758553,0.005237791727497403,0.000991071462091823,0.0184058690708425
6881733,0.00048047882048210836,6.864268588845755e-05,0.00017103229114842394,0.0001263895654616274,0.0004237099130812867,0.034236882317658736,0.9582621084900727,0.00018493278862852784,0.006045823127578211
6885154,0.0014824615705087327,0.00019037657204167135,0.00047579802420142286,0.0003958147209713033,0.0013038732352837008,0.020552824798753644,0.001514606070928334,0.0007340965679126214,0.9733501484393987
6887294,0.0007100684022752494,0.00012825812065361613,0.00037611648381586504,0.00023906633039254738,0.001340421756189533,0.007849911378379091,0.0007690626306531782,0.00043894834452474097,0.9881481465531162
6887586,0.00038804922429983566,7.36527707082498e-05,0.00019773604372237805,0.00016087594939609673,0.0004894433521158222,0.003941858883521037,0.0005095943195850839,0.0002520482095657278,0.9939867412470857
6887600,0.0004097303688488174,7.737622578510829e-05,0.00022183681237237146,0.0001615156109308694,0.0005090424201119781,0.0037913136058487116,0.0004648913211704533,0.0002541149150159453,0.9941101787199157
6887637,0.0009008263876609981,0.00034694298827297305,0.0003723006017536584,0.0003575189386241284,0.0012726443153671316,0.009291230789972993,0.0012095337959257446,0.0004760019194274751,0.985773000262995
6887702,0.0006539624833480671,8.759363168954282e-05,0.0002798151640129041,0.00016699455439915726,0.0005723272971034827,0.0037673366300091486,0.000788772927001484,0.0002429086542924871,0.9934402886581438
6888243,0.000491002336493675,0.00011009084183353074,0.0002902457952721242,0.0002964053387877292,0.0010710139154403429,0.004995859396728656,0.0006210602279292607,0.00033213398575601157,0.9917921881617586
6888737,0.00034998017818833687,0.00010421622683061544,0.0001948138009482808,0.0001691279525646779,0.00047951349908583385,0.0049111706150651805,0.0004765123404551788,0.0002293072855158855,0.993085358101346
6889024,0.0009787411089034579,0.0001839065848471771,0.0004208666189105815,0.0002488449307296842,0.0008656340591808105,0.005694872176813655,0.007873178340066409,0.00043866722595761086,0.9832952889545905
6890285,0.012435637468631648,0.00021614911410997224,0.00039857724415450754,0.00037504167437539434,0.001268282448188274,0.021489096817311332,0.028432681953617797,0.0004304193935497505,0.9349541138860614
6890416,0.0005918562242631467,0.00010209934284868172,0.0003195511244272159,0.00019102381898252968,0.0006682220309562429,0.006634710933244285,0.0010229123230594435,0.00031840567703954944,0.990151218525179
6890579,0.0005063167089124907,9.633007858135244e-05,0.0002798521130582409,0.00018523790260010028,0.0005737144329915631,0.0038304237358500184,0.002267679280526186,0.0002847749352459832,0.991975670812234
6890917,0.0006540322304171294,9.92017911587922e-05,0.0004649146917314885,0.0001948292129726673,0.0006875588427609032,0.004888511086043056,0.010228641873898848,0.0005530632201771467,0.9822292470508399
6891091,0.0007187622184513571,0.00010157613481308866,0.0003125666035699845,0.0008224211441110928,0.0014310051775918385,0.006859843411313694,0.0007362625022453713,0.00029684176351300667,0.9887207210443907
6891208,0.00038547656981886694,7.132598357061386e-05,0.00022632316336089074,0.00015728240432988944,0.0004994371983900543,0.003444384220455658,0.0005042947804445183,0.00026193506564564585,0.9944495406139838
6891245,0.000967793909985997,0.00012115987338661506,0.0005128958510336225,0.00022584100684767342,0.0007996928790607806,0.006618319043384557,0.004086871498827925,0.0004463878479974434,0.9862210380894754
6891309,0.0004433417611423402,9.341662402126218e-05,0.0002520210780922303,0.0001781686751254663,0.0005566884702767539,0.004018050848569985,0.0012151778484045007,0.0002974207338214282,0.9929457139605461
6891366,0.0005602309752850589,8.331576437496177e-05,0.00023232984247352237,0.00017453170867896072,0.0005521645115284479,0.004488548350534109,0.0014367510245365098,0.00020944496886663442,0.9922626828537219
6891473,0.00039229094352592303,7.190787672203959e-05,0.00022362728018959194,0.00015200146093717642,0.0005080917870402031,0.004172222612615441,0.0005565609619510153,0.00022858782949106748,0.9936947092475277
6891484,0.0003575153777310054,0.00010846579395059445,0.00022900535075080677,0.00013007444844988564,0.00044119344777291243,0.003125024805569569,0.0004534372005547145,0.00023479227959222285,0.9949204912956283
6891531,0.0037966976260875654,0.00012437910997446252,0.0003038472581062273,0.00021961126009954824,0.0007535115930542348,0.005027485332615665,0.007838877162559769,0.00031726482731801655,0.9816183258301845
6891557,0.0013715011739503544,0.00013206741926279962,0.00058740256064087,0.00019426621263279677,0.0006620357743248022,0.0068324235817701735,0.0009258098807340791,0.00043778739040620625,0.9888567060062781
6891579,0.000505837024654773,0.00010709833868132551,0.00035875445633085936,0.00018252535721197422,0.000557457979813416,0.003912264370999028,0.004712493579416783,0.00022256982826964137,0.9894409990646222
6891867,0.006786556506716019,0.00010332403421041018,0.00031698265299095774,0.00028075474869472707,0.0005759691467163933,0.0038075310242592234,0.9231003990071868,0.0003060916971046682,0.06472239118212084
6891888,0.0006609596236883473,9.818915791442347e-05,0.0002592819452448885,0.00027049892538029657,0.0006862424503081854,0.004676973961720988,0.0017255892668785176,0.0003159639402160237,0.9913063007286483
6892297,0.0013325974285107694,0.0002719312672780907,0.0005924772000323787,0.0003763234848910953,0.0013927258886167024,0.010861935328279249,0.02521516180238361,0.0005901187912750537,0.959366728808733
6892562,0.0005551841502506951,0.00011883213435139079,0.0002761550085433404,0.00020245782003225363,0.0006969980952124915,0.00604529338743615,0.0038398160926020543,0.00036425698151736915,0.9879010063300543
6892587,0.0007328241178790372,9.08494070279332e-05,0.0002560257602078493,0.00019517395079491576,0.0006534267283840022,0.004434007129215497,0.002963999024212311,0.0002824943958469686,0.9903911994864315
6894293,0.0003337213156450444,0.80339051891301,0.0002509687156553601,0.0017394308741765134,0.003288168292329984,0.010919859551684532,0.0003884776733457102,0.00046236253566930884,0.17922649212848357
6895609,0.0004301108537736027,7.500865692200689e-05,0.0002802011729235182,0.0003058793632646583,0.0005369209589066982,0.0039014996769379364,0.0005583051915184958,0.00029825392689420305,0.9936138201988589
6895723,0.016092362275216147,0.0027279949460386815,0.0076187632194062195,0.004808858214918875,0.017294718901675044,0.2513022779612695,0.03020279958202695,0.007830857066923543,0.6621213678325251
6895905,0.00795369549744314,0.001729029337845549,0.004095346405594936,0.0030039222165364854,0.010417881850747199,0.15388528186586567,0.1106675437385994,0.004058526601124251,0.7041887724862433
6895906,0.01828209456358373,0.0021843096290038804,0.010722307801454395,0.006211054831620011,0.015092601241770193,0.17051013494273562,0.03142675896903554,0.006848177341413543,0.738722560679383
6895927,0.028105969900126482,0.0036285506956030243,0.023632753856062817,0.0077903295883798495,0.02170947848654411,0.3174130111178209,0.04038744846055946,0.01068116758307096,0.5466512903118326
6895938,0.006349259807693219,0.00118723302788041,0.0033391969971988886,0.002402429344959196,0.008436569845612673,0.39944290764407725,0.12115753604401192,0.003186081291388338,0.4544987859971782
6895939,0.007586997137883468,0.00262944067168357,0.00655926569139243,0.002917238012759774,0.010272485372270681,0.38987708227765216,0.1687706557530898,0.0045630057760827425,0.4068238293071856
6895948,0.011181577272142775,0.002147743344707431,0.0066187791373254964,0.004175229410103692,0.016045732343641404,0.31342191337355296,0.04506650095859854,0.006015985378998756,0.595326538780929
6895973,0.012548890862076096,0.002464968259932563,0.007058686596590946,0.004611763515254464,0.015677352044155997,0.25221039916297305,0.15167740732344928,0.0062086175151848414,0.5475419147203829
6895974,0.007531581616341464,0.0015789950999029031,0.003928438318849571,0.0027225737147216003,0.00989595697958049,0.13717836751508183,0.2975269255115339,0.0039995100994995895,0.5356376511444886
6896754,0.000577285039971286,9.337085892398647e-05,0.00027407127349118356,0.0001733202243996474,0.0005970738082424498,0.0067636543549435294,0.0009970746890757502,0.0002736287771584488,0.9902505209737937
6897915,0.0012063210966028976,0.0005049763244541184,0.0007941686593458679,0.0008580769567402807,0.0015792337930741092,0.017194931898081776,0.0021339117453741795,0.0009449098756800556,0.9747834696506467
6897964,0.0012664573256923458,0.0001272682237773533,0.0003861892853624233,0.0002588073348373528,0.0012698540234216639,0.007354415982145599,0.0008975698715183695,0.0005157683674203897,0.9879236695858244
6899282,0.0005504467899177852,9.082664340313512e-05,0.00029090265755154013,0.00015888508187500766,0.0005673097305912634,0.00513555017664086,0.0010774833569399192,0.00024891648348934596,0.9918796790795913
6899294,0.0005608136770350658,0.0001409317695080134,0.0002552471037878441,0.0002067057284668801,0.0006446939289469966,0.004426677697824309,0.016064018778180235,0.0002889752351819387,0.9774119360810687
6899376,0.0004462528571327711,9.625835427327583e-05,0.00022571713896486745,0.00016903684530840299,0.0005762017617109633,0.003881623655191755,0.0014611369719374962,0.00029263799818758033,0.9928511344172928
6899506,0.0013212679410038017,0.0002702811410771321,0.0010427784326921866,0.0004534218310950478,0.001592926849986553,0.03472903380119989,0.015874988580866847,0.0006404196210816172,0.944074881800997
6899530,0.0005745091995589068,8.474679617969968e-05,0.0002593988497277634,0.00025717088142335914,0.0005406915996146247,0.004767042607206318,0.0006966226735270224,0.00027177611262461254,0.9925480412801377
6899560,0.0004960936468022443,9.50235232003567e-05,0.00024761048467748797,0.00019246138125718438,0.0006366276334671444,0.010332156822696741,0.0010699088996241367,0.0002576309006257929,0.986672486707649
6899670,0.002851070980580602,0.0001100061872730543,0.0004962471094310894,0.00023238795184305793,0.0008099441854012625,0.008387433486612373,0.0007573916802609934,0.0005475776676300731,0.9858079407509676
6899695,0.00065368327120362,8.753477760148813e-05,0.00023851963327851762,0.00017897121261453822,0.0005725649848754134,0.004967313032425797,0.0005453284525077182,0.00028304013742595644,0.9924730444980671
6899730,0.0009268522058552215,0.00018644384223103763,0.0002975102346942113,0.00018425671688203368,0.0008454032091254123,0.005268300399870888,0.0008452429469028582,0.0003328644927696751,0.9911131259516687
6899754,0.0009802947415901303,0.00014789679796343064,0.0004182470668436267,0.000784743518605422,0.0008666762697966949,0.004780455828777353,0.000575637970185065,0.0004560308481649709,0.9909900169580733
6901206,0.0008326561196699352,0.00015197819798703694,0.0006055883115611587,0.0003716175299791317,0.0009490726825148839,0.013161583421634917,0.009635944975921384,0.0005753665263516945,0.9737161922343799
6902131,0.001268255426460205,0.00027579899601862983,0.0007065030924969691,0.0005614331992375916,0.0016608892431919946,0.9746616129915897,0.0038787382734457327,0.0010494693355911256,0.0159372994419681
6902271,0.00045801692218634985,8.966969207773014e-05,0.00022818751254215694,0.00021526577540157261,0.0012910038276194794,0.0049302524834037,0.0005036200571064124,0.0002788145657370723,0.9920051691639256
6904326,0.0010247242185945232,9.255735270426123e-05,0.0002732314241006643,0.0002693021065325425,0.0005510966269255715,0.0038708712960493397,0.0010327844794463918,0.0002958478056012866,0.9925895846900454
6908023,0.0011047536520326592,0.0002489580776474854,0.0007793336189566016,0.019748967269267396,0.0019244521420642528,0.9531157239773059,0.0016976128339771753,0.0011532437558641631,0.020226954672884278
6908625,0.00703523213952176,0.0028054555352700805,0.0044782268190560045,0.002654038444618221,0.009043453383481066,0.14238723499319936,0.05876369965856699,0.0038033842516958074,0.7690292747745908
6909657,0.0004101361458122377,7.370406361818514e-05,0.00023658482872805598,0.00016490466249953795,0.0005122233979594831,0.004413430964407963,0.00257010272016183,0.0002291641818967885,0.991389749034916
6909786,0.0006683269341037232,0.00010179756501947077,0.00037476980289632403,0.00020223163862799265,0.0006505302174490986,0.004631437852735573,0.0021124933494630627,0.0002947988603265751,0.9909636137793782
6909952,0.00048714956852932185,0.00018219589037930705,0.0002283733030010678,0.0001438877206894978,0.0005027658714591145,0.00342010579229408,0.001435575235786167,0.00024254906000516484,0.9933573975578562
6910003,0.0006721298059786623,9.827469063091917e-05,0.0007414643665219102,0.0002518368880421657,0.0005987384844118533,0.003626075686804176,0.001415689659493105,0.00023951585234150604,0.9923562745657758
6910407,0.0004962629549286456,0.00011027468717549556,0.0002585370749154524,0.00018549060879513438,0.0006372941001633436,0.9913423105314295,0.0007230549296504057,0.0004593668346816399,0.005787408278260408
6910422,0.0006810491547674179,8.762908796067451e-05,0.00033489100919093927,0.00018409532758513987,0.0006312451647686027,0.004646781112255833,0.0038551066575246012,0.0002574640517591326,0.9893217384341877
6910425,0.0008571229759087952,8.377006908778257e-05,0.00024049062247736517,0.00018173593607310955,0.0006124742988218997,0.004621285039633052,0.005895483173262774,0.0002716882533003968,0.9872359496314349
6910560,0.0005802785314763257,9.583465962460546e-05,0.0003772949666338721,0.00027706502986658593,0.0006953306070007131,0.004644802700819206,0.0016303803095402507,0.0006542793031340469,0.9910447338919045
6910590,0.0006036987900557966,0.00010302310038121695,0.00026700052409945935,0.00016885820919180166,0.0005776008274989814,0.004213607215051179,0.005963393751028267,0.00025381571012852554,0.9878490018725647
6912744,0.0005339123043561604,0.00023674312956937225,0.00027185321244516884,0.00021504258919963632,0.0010284374116730937,0.9908333080500895,0.0008281152581387106,0.0004117394976407468,0.005640848546887584
6919118,0.0012418535838646277,0.00017943555903418565,0.0005680300415731097,0.00033857048044761513,0.0011939885537505166,0.01254299291646294,0.004824781076293279,0.0006615362208748983,0.9784488115676988
6920152,0.0010204244526796982,0.00019796301441134037,0.0008875739076651296,0.00037261275496050365,0.001104925626627655,0.011114417520392255,0.0063910269488184355,0.0006491354273171275,0.978261920347128
6925791,0.0009582374907883974,0.00029241416785666147,0.0008683793176026654,0.0005566854592336664,0.001432447199056653,0.9737851701624982,0.0018402433830462276,0.0009526008507022076,0.019313821969215314
6926246,0.029848600554420113,0.001380956269911672,0.003944368442023173,0.0034694972246465147,0.01131056181211311,0.2932934322319304,0.09262706213830915,0.004693115500941535,0.5594324058257044
6928841,0.0002791103472387549,0.00016271318598337224,0.00017698081656496384,0.9784637408357666,0.0007649170677929645,0.01156553664690033,0.0003850232780054012,0.00043402382584860973,0.007767953995899064
6928933,0.004782472704755091,0.0017984837616274103,0.0025308176575738,0.003010165097908952,0.009470355868626578,0.5754263194218476,0.0467329637451326,0.0033391915067595016,0.3529092302357685
6937241,0.0014808420622167738,0.00011710538553501344,0.0007894357953199292,0.0006270892044870216,0.00072550521981952,0.006564290587809738,0.0011863669981439224,0.0005228056768251858,0.9879865590698429
6938426,0.0007090584030590739,0.00020780717281351096,0.0003790689032395595,0.00031341569289458903,0.0012359003229343321,0.9822352584765811,0.004511195878428934,0.0004060532273570855,0.010002241922691876
6938530,0.0006438789324707406,0.0003543449183665471,0.0003729137651415178,0.0003102293206619178,0.0009285758335962896,0.9825179028746059,0.00622841015452093,0.0003810938185862558,0.008262650382049827
6938682,0.0007149605447350723,0.00012878431998903395,0.000536677070217883,0.0003430305950279509,0.0008307995703624995,0.021634195585058896,0.02365032759718303,0.00037341981910627407,0.9517878048983194
6939166,0.0005724843719819426,0.0001377809705346889,0.00028818690323507995,0.00025880199059779424,0.000994268762430679,0.9886558700908818,0.0014224725310221199,0.0003313660048309023,0.007338768374485026
6939222,0.00035193504509101523,7.862855938130791e-05,0.00026662772335078104,0.00017472395023779736,0.0004715569126319924,0.012374584934094551,0.9784485167086777,0.00020121930981700507,0.007632206856717839
6944591,0.016294326547486186,0.0038475046284194092,0.029133920598162312,0.005180575915514277,0.014490600836538282,0.32306917265055274,0.10490804937341186,0.009317013037174698,0.4937588364127402
6947293,0.007417697812706477,0.004185027772338695,0.0035291337481674315,0.0028489890434661136,0.009369210022421226,0.7359330714812763,0.012879408030920152,0.0055455097333212645,0.21829195235538248
6952804,0.003130961079102193,0.0005686824771635146,0.001550110854591758,0.0011310448561150873,0.003945205327767048,0.053767659892005444,0.003956535447019029,0.001967597640280816,0.9299822024259552
6975207,0.001508683600561635,0.00043350897046829414,0.0006707618337966239,0.0005695575494536108,0.004136873484631931,0.9339941953773382,0.005051120197087045,0.0013076140178074928,0.05232768496885518
6975472,0.004324942836509516,0.000887250577043383,0.002342523929539976,0.0017765421018088082,0.008428926684595248,0.8008558319900324,0.009944154340636956,0.003240050797516588,0.16819977674231712
6975490,0.0005390203445534101,0.00010437405408295143,0.0002681720805682411,0.00019995449832186036,0.0009520818086990318,0.9800712849943226,0.0014245852783307154,0.0004378887359658868,0.016002638205155392
6976427,0.0004976591572019337,0.00010168858928900893,0.00027098601853584546,0.0001952030718471591,0.0008822056675971847,0.9897674605454765,0.0009664333084204908,0.0005189619906062383,0.006799401651025608
10551287,0.011883750694269987,0.0060791231977863425,0.006726240693703938,0.006696430200278715,0.016114364566401772,0.40064981034679936,0.05679439836714831,0.009554406597758244,0.4855014753358534
10554874,0.9824368867336251,0.00010430238750532098,0.00015084442657397213,8.159368932041343e-05,0.00030386848368441305,0.00236424478295085,0.0010193064683652565,0.00012813205458072667,0.013410820973393989
10555071,0.000532908397885281,0.00010903474465950072,0.0002700361771224603,0.00018475412038626086,0.0006419358197267771,0.004760740004912935,0.0009548543084043064,0.00028564963809789247,0.9922600867888046
10555459,0.01599474295732083,0.004629530032935883,0.0067641538563661474,0.007750661181972004,0.021469312428428252,0.2950578563387333,0.11270459410161734,0.036643528588889036,0.4989856205137371
10555968,0.0014422099653734147,0.00019937539722858722,0.0003808273527296608,0.011505114863611717,0.0020738572596254398,0.009654884020461309,0.0010506145558055924,0.001001721135136459,0.9726913954500278
10556692,0.0014220149467878292,0.00012006073131756162,0.00044201402583059175,0.0003541585356136666,0.0007284247274605139,0.006569317142178094,0.0012992939705965742,0.0005327972214206467,0.9885319186987945
10557065,0.0009476484933439949,0.0005560637382320253,0.0004528478659915685,0.0005175344073712923,0.0016704189927427963,0.9774525850075414,0.00167512002358704,0.0010542401507050022,0.015673541320484877
10557235,0.0023377620566809804,0.0008277662036823041,0.001421553746489828,0.0030439209882283796,0.004965681664111481,0.9446129824397926,0.003664280971357683,0.002693603312381766,0.03643244861727499
10557310,0.0006026232319647455,0.00013197918340094377,0.00035656875370772945,0.0005242157233845397,0.002649711280497519,0.007387121062108409,0.0007734190093963632,0.0004629663346878894,0.9871113954208519
10557603,0.0006114263277029276,0.0001334369845346854,0.00029345371820630443,0.00024887955343882236,0.0007071569374925984,0.0067582294845763115,0.0011349406089024886,0.00039875347595830034,0.9897137229091875
10557649,0.0012194130330391401,0.0003161626038816003,0.0006494186351293191,0.0005640929389032917,0.0017854725177281353,0.9687804723654375,0.0023041932825438585,0.0011446149655134157,0.023236159657823743
10559369,0.0014363297357085265,0.00028793979470316316,0.000735097152938433,0.0008137357142581344,0.0019388879219016234,0.018785904321045318,0.00416732015225884,0.0008138292852815985,0.9710209559219043
10559516,0.0029222450659882222,0.00387998433880258,0.002153880755352631,0.001237199652451396,0.021996564570605913,0.9161677099874714,0.010758097822727587,0.0012798959549976331,0.03960442185160265
10559765,0.0032589936873051147,0.0027158336607614104,0.0017115263082502828,0.0012235165278997723,0.004364411414876205,0.866155741242548,0.017449825648665904,0.002759639770962837,0.10036051173873044
10559904,0.0010897357893762678,0.00014700921110147558,0.0004380112077290253,0.0004036120166021867,0.00118450813568198,0.008498775919978335,0.0017714013242465928,0.00045537488520528693,0.9860115715100788
10561136,0.0017576367679555907,0.00016721195324627202,0.0003454557854400296,0.0002579022849786168,0.0009132800690257636,0.008715866326248827,0.0015656727692701445,0.0004155673209878565,0.985861406722847
10561583,0.007561912316740771,0.0017056364905807923,0.004199566732582461,0.0034157443698608903,0.009858162198331353,0.213287337231941,0.029533149557435183,0.006038118284908531,0.7244003728176189
10561870,0.0022288827248682485,0.0004084533852406272,0.0011135946066487261,0.0008595505726312147,0.0028799608180470836,0.8367616671594718,0.08724219531411813,0.0014342495196305112,0.06707144589934363
10562711,0.0006260076885814136,0.00015220710108621634,0.00031377046354449397,0.0004890710179538773,0.004298476276561296,0.007151090130028012,0.001065995741827933,0.0007945380379778349,0.9851088435424389
10566953,0.004349519577649626,0.0012536030100470318,0.0024993295419113142,0.001699512627629322,0.005951782462007709,0.7566164731401902,0.10684174040242207,0.0035789973638708896,0.11720904187427193
10567563,0.0018686359491856825,0.00021809727813127742,0.0005223587682965843,0.00038092868374186786,0.001869156339105412,0.012286479065473789,0.005363634683570453,0.0006751065008403096,0.9768156027316546
10568512,0.0007546593711138533,0.00012336429215178588,0.00035082156466035934,0.00026289200463374107,0.0008092091446596126,0.006632979627177224,0.010808502459652864,0.0005236128921412235,0.9797339586438093
10569249,0.001249453061662437,0.0003854888315989824,0.0006446779242876418,0.0005011161837341536,0.0016370532176250366,0.02420850210836084,0.013942093184231485,0.0008149360827467833,0.9566166794057527
10569900,0.0027434351066356897,0.025916525006475725,0.0014466378755651757,0.022159374115134526,0.1319172279659196,0.2554298657697141,0.0035693155655622463,0.004501206154271548,0.5523164124407214
10569996,0.0007151788436844239,0.00013568165021607978,0.0003705328209517568,0.0002845294494293624,0.000919894897425851,0.008294064940715521,0.015027546163513079,0.00046447462645824865,0.9737880966076058
10570047,0.011068844064935347,0.0027439939196654438,0.006686311390132012,0.006542899768052191,0.014348200975883012,0.5116386913613576,0.05791761282021427,0.011882140288025207,0.3771713054117349
10570186,0.0010943742867020332,0.00021918651532771698,0.000551409518882394,0.0005197634040203161,0.0025271128243282742,0.017983898881294477,0.0030832920334643104,0.0007842472780123737,0.9732367152579681
10570190,0.0028728553602346087,0.0006713011547834831,0.0014604877243177806,0.0012838765794093779,0.003863558102837207,0.8656637825785458,0.05499029727375262,0.002698243981223849,0.06649559724489532
10570281,0.0008332486981996138,0.00015214504176760127,0.0004393972533626674,0.0003760933136792705,0.0011255935112201062,0.019394575640774465,0.019854109552380438,0.0006023049343693278,0.9572225320542466
10570444,0.958108817782998,8.148107804401571e-05,0.00016783950113721444,0.00023008008859943318,0.0005009871206761796,0.005360368768888979,0.0008036721077592844,0.00022146104998144276,0.03452529250191547
10570516,0.001086382269228774,0.0001424751078053258,0.0005573109027615474,0.00024611545100820017,0.0010493546049381076,0.008032918658358227,0.0018703932508068967,0.00043713136099436656,0.9865779183940986
10570563,0.0006072537013898914,0.00012785493659661122,0.0002954191604049809,0.00023038945287985168,0.0007495359629689044,0.008427334442127345,0.006050671229021562,0.00036612293413630745,0.9831454181804745
10570908,0.0056868542922307195,0.0011521852858362098,0.0028139146209291803,0.0021755808447440185,0.0074408927532204246,0.4705339051913091,0.11051474542575995,0.0037858743252451067,0.3958960472607254
10570962,0.009983834376162029,0.0029141496009620024,0.004257566233604089,0.004174803484669928,0.016199753727125496,0.38918193684516783,0.01862681575911783,0.023202691981477966,0.5314584479917128
10571126,0.0010267112892413156,0.00010853367769765652,0.00034957637168818635,0.00020693395316608148,0.0006962564233111897,0.006095952005506195,0.006188715778245987,0.0003593943001503272,0.9849679262009932
10571129,0.0031424649424199053,0.00020237214262234986,0.00039304449947951,0.00034335500351707877,0.001022435453247984,0.010105965495676075,0.0011307042615770404,0.000526655852288531,0.9831330023491716
10571130,0.001928139469151183,0.00038523668157678146,0.00042735282817433823,0.00138439876797692,0.0015248498376314139,0.009897052521177396,0.001022381927598768,0.0008517098592139114,0.9825788781074993
10571150,0.17099794621057152,0.00031421780549545966,0.000745321478449055,0.00038267689437530925,0.0014498472498368467,0.011832357442074505,0.0023575060337451235,0.0005907610068043432,0.8113293658786478
10571157,0.0014001598355769627,0.00011144388723327772,0.0004323032902490431,0.0002698740769985455,0.0008042839887645458,0.007328133158777024,0.007573155500305776,0.0003397338234197566,0.9817409124386751
10571249,0.0045752046864677145,0.00134566986739796,0.0026298754736083113,0.0020820555791100986,0.005996111710562784,0.11863195149077752,0.21397406902155441,0.002948829748037884,0.6478162324224833
10571563,0.0010645972918549797,0.0008976397531459239,0.0005464742927047983,0.0004471159297091601,0.006961737538068914,0.026822518799916248,0.002397178732959983,0.0009758201965542561,0.9598869174650857
10571600,0.0021778566915394474,0.00046482793781682866,0.0010291601916648538,0.0006471866120731517,0.0029762135323746753,0.14204730024004894,0.004305314451415666,0.0010138364245360636,0.8453383039185303
10573894,0.0010405412448027103,0.0002996902345340142,0.0005729308087763456,0.0007687525873841737,0.0013735220043477965,0.01977433323470914,0.0022590126227328587,0.0009178203434201769,0.9729933969192929
10574347,0.0010426867504222726,0.00016927585704686719,0.00034832127059932844,0.0002663894751371937,0.0007831900024127275,0.007261026718630237,0.0012450682788286457,0.0003556578876636109,0.9885283837592591
10574370,0.0006027988157808525,0.00010772890720926379,0.0003359296709201802,0.00022120364031237647,0.0007441619441902846,0.007060254968297871,0.0013076323309401776,0.0003204342452547952,0.9892998554770942
10574372,0.003946350986889417,0.0001936792320422535,0.000470142619359613,0.0003379641335777373,0.0011536528157779346,0.011123324495525236,0.008214535161366039,0.0005038466463853895,0.9740565039090764
10574408,0.0019852556244081966,0.0002016732643777186,0.0004606039896046527,0.0003720306050347873,0.001910663193269712,0.010432381898281154,0.0012340074764943415,0.0006583696801918561,0.9827450142683376
10574430,0.0008654345191162724,0.00012215643227711116,0.000290942585075555,0.00021020837673591891,0.0007523091220518565,0.006222655361715272,0.0017612586456396701,0.00032070475481010537,0.9894543302025783
10574439,0.0017164617346029634,0.0004189396392111034,0.0006395863769599378,0.0004797439060495796,0.0016108123385482793,0.03068830223972944,0.0038849266580415842,0.0007510155258355503,0.9598102115810216
10574456,0.0008432977242352789,0.0002123967355063606,0.0003497262728275439,0.0002817390307211141,0.0015632911612980767,0.008374662651308934,0.0010841175824054712,0.000454075924281491,0.9868366929174157
10576038,0.015331155325390537,0.00021762158573979346,0.000621789048496394,0.0008192800088873192,0.0017029771631496932,0.02313570899305873,0.003520877801795943,0.0006211067483493428,0.9540294833251323
10576770,0.0009537373449251288,0.0001012166313224929,0.0002660695910577801,0.00021510619447770522,0.0006865840084514992,0.005918650425534342,0.000980173889208853,0.0003023776859885738,0.9905760842290335
10577118,0.0072049152822367445,0.0028720479320295117,0.006213916306675624,0.0028856886088755663,0.0094232733134394,0.43533565159392734,0.02924346586824349,0.014909324028749341,0.4919117170658229
10577354,0.0051920090143504505,0.0004977000985813107,0.001733023818666325,0.000913676558347909,0.003114983268659762,0.037507068495133064,0.16287629418276683,0.0012887752324770526,0.7868764693310173
10577622,0.01028563554941221,0.005964082074723993,0.007045815927930308,0.004054290221941295,0.014256521899448676,0.27057827973448184,0.020999718475898883,0.008801856453822402,0.6580137996623404
10577723,0.000836397634027306,0.00016916215612021318,0.00044530663555926605,0.0003497028872382503,0.0010586928941078556,0.02013346771100472,0.0015256966892160894,0.00047048426380862964,0.9750110891289178
10578130,0.07330236216638034,0.00031877170057986823,0.0009370739577608596,0.0006981351693569997,0.001860408212643239,0.014747200172226783,0.0035390339648935032,0.0007614621838654557,0.903835552472293
10578295,0.0015701094782884725,0.0006564852542874259,0.000531190146453124,0.0004986404873119156,0.0014323192662665536,0.0808470902370935,0.01841068587089813,0.0007449707460842742,0.8953085085133167
10579132,0.0015186733573038405,0.00042639762131530315,0.0007262198746077438,0.0006041236261192916,0.001965198905499395,0.1294046872624272,0.20469447062472115,0.0010893288447018283,0.6595708998833041
10579372,0.00411093881853173,0.0009492687625425708,0.0022866561259472277,0.0020456674824664207,0.005432200105793429,0.1628269112412486,0.28766471738315136,0.0023852734787021958,0.5322983666016164
10579452,0.0015966622903984494,0.0003883665676291898,0.0007863483012451453,0.0012456451477516192,0.003279706623110102,0.862994145500482,0.00415088707030557,0.0016408044512677001,0.12391743404781026
10579754,0.0022240419024107247,0.0005252268183828597,0.0011102616551014063,0.0008170032391355547,0.003715969529640162,0.9214970598004654,0.006539072844901905,0.004251198742544281,0.0593201654674178
10580098,0.002133419966117061,0.0014755104270293942,0.001192447798797989,0.00078301834568084,0.0028213545622343544,0.9373207240634092,0.011406287483867043,0.0018842420092633804,0.04098299534360072
10580150,0.004583010973551093,0.0010117943070573,0.002333080341452406,0.003399850194413856,0.0075323858747406,0.12009002776842218,0.025071046637575915,0.0033847047195860527,0.8325940991832006
10580642,0.0008650925450771855,0.00017929690653126999,0.00045214977991495645,0.00040185567263295114,0.0011866695611022018,0.011580252025687795,0.002547960970747451,0.00047360854444469103,0.9823131139938615
10580740,0.0009825582822962137,0.00018542331342382657,0.0004814998028767338,0.00035422886397621446,0.0013211080716670895,0.011170472677238561,0.003914646083102295,0.0006004890128402535,0.9809895738925788
10580745,0.0006594290306171334,0.00015114980527770186,0.00034846282482380145,0.0002876462432484998,0.0009013135602794378,0.007676856018544347,0.003511718578367888,0.00038925309329335687,0.9860741708455478
10580771,0.0005740221627061516,0.00010817646816601868,0.00033696323988591177,0.00031425084395621787,0.0007303366948555703,0.006411951864627005,0.0013801675898773306,0.0003414393167179239,0.989802691819208
10580995,0.000753510155779911,0.00017519725814301926,0.00040460601455184525,0.00026131466516064847,0.0009465090917190212,0.0077134999566774165,0.005274288096397681,0.0007846350910834644,0.983686439670487
10581310,0.0009526218984758029,0.00032646571114158064,0.0006191404618126159,0.0005485329300195796,0.00129031284343346,0.013159833317226538,0.013428193782350826,0.0007825610119809725,0.9688923380435587
10581368,0.00800157241676431,0.00040114622215618745,0.00044867848398373996,0.0007058113529669809,0.0013637641975834803,0.010919823244070256,0.001652899588378561,0.0007792124858430187,0.9757270920082535
10582173,0.008926161401553086,0.00022476087576687022,0.0005107228880691239,0.0004170430637965846,0.0012908735072540355,0.03540959365669125,0.003143085239901295,0.0006800119612185346,0.9493977474057492
10582418,0.003607793784389135,0.00025337756150665063,0.0006829355512097597,0.0006973341754123054,0.002444493789405709,0.015001014964334163,0.0031619834052441878,0.0008112378497749647,0.9733398289187232
10583009,0.001746631934074352,0.00060028855305476,0.0009909504180383708,0.0007734566655907554,0.00251803632227683,0.8061069714654556,0.15362294758013856,0.0011375479756628453,0.032503169085707856
10583434,0.001462764257601453,0.0013003432996397753,0.0007267439408880798,0.005581691078831376,0.0015265419415508613,0.01985270692460143,0.014446133139426618,0.0012762736419332243,0.9538268017755271
10583521,0.004181044972038785,0.0007787875960534462,0.002331590091209052,0.0015833944818024357,0.005418011031416326,0.4695501368477921,0.33799249011899146,0.0023015680758122666,0.17586297678488416
10584210,0.0010481568176743566,0.00019949467445426795,0.0011076522086692511,0.0007689142828576882,0.0013947697913689514,0.014980948229203449,0.012509767177680584,0.0006362944699680388,0.9673540023481235
10584222,0.0014576829829151135,0.0004910195740805679,0.0007999971130063802,0.0005583002026522601,0.0018804068693703939,0.07081380466054123,0.056177338286938334,0.001161446608669696,0.866660003701826
10584314,0.0013927630746812885,0.00016995044959462375,0.0005921738639040176,0.0003277422989588972,0.0012028122825547979,0.009358743781599774,0.005489367833140006,0.0005549258542853896,0.9809115205612813
10584430,0.00033437535160196725,7.548186066220287e-05,0.0002736985379865939,0.00018422848357687997,0.00043099807763565646,0.004089268375929431,0.9181252374869104,0.00019964643951826143,0.07628706538617848
10584519,0.008346576026085639,0.03434271502047834,0.005224344862907932,0.003722407979120203,0.013186957112672612,0.23039650344284446,0.041965989539641244,0.007254463470002366,0.6555600425462472
10584820,0.0025315037517330895,0.01363851888884265,0.001287645136730246,0.0012046895839737904,0.009012759260079951,0.9092290913548868,0.0034102058755366526,0.0018851753889756915,0.0578004107592411
10585136,0.00414931885207974,0.00291276451558887,0.004053935541705636,0.029948743653524165,0.006218588505580513,0.8030112751386296,0.030477284574070018,0.00858790924774313,0.11064017997107838
10586849,0.014463946310187718,0.009761856621076488,0.011287450011066881,0.01021827079641146,0.022084876559123907,0.4223412083748164,0.09279061455678535,0.008918156275100973,0.40813362049543067
10587734,0.01606654312299169,0.003653515080920213,0.008521185366602435,0.007113911811208847,0.08043322317225797,0.3156212815075719,0.20254656736734789,0.010615978579566653,0.35542779399153246
10587840,0.0013412899198259735,0.0006267516424440518,0.0006880199005378281,0.0012562734157469395,0.0017149024582944943,0.0221297679332536,0.8459050921312661,0.0011904935590468892,0.12514740903958418
10588529,0.000787188303073098,4.7338512144508876e-05,0.00012856609559317735,8.737741641325615e-05,0.00031274245860631896,0.0033900324939974504,0.9778378728635697,0.00014085734105084694,0.01726802451555163
10588664,0.000655552664780867,5.7932025350000054e-05,0.00020548711812248986,0.00011255553439206854,0.00040470852447757177,0.0031870874205331525,0.9376002365295137,0.0001856724027751914,0.05759076778005494
10588792,0.00033253555914174084,5.090866574914205e-05,0.00015368555959502164,0.00011033680222703741,0.00036079464977807304,0.003996646384712012,0.962086805845636,0.00015870712474536474,0.03274957940841562
10589349,0.0007001155309662665,0.0002123565405068678,0.0004164003584099215,0.000254683547424175,0.0009085494307993653,0.009286630374226555,0.013448985828616871,0.0004003448298925556,0.9743719335591573
10589410,0.003027956367202128,0.00022367379392463353,0.0006106009198161135,0.0011028780105188697,0.0015400442520643383,0.02077633825306692,0.0035945369348791643,0.0008847303286295013,0.9682392411398983
10589411,0.0013363917520868107,0.00018232267500327033,0.0005980780444728955,0.0004115216801910587,0.0013156593505722336,0.012526848189297796,0.005707580808095629,0.0005333828936090287,0.9773882146066712
10589472,0.003029234409159672,0.00029041263423998815,0.0016032742882404684,0.0007369767933097951,0.002459894320350447,0.015017147172568069,0.00402873499438769,0.001202927953766422,0.9716313974339774
10589485,0.0009135326792114514,0.0001395969842716991,0.00041981303367058493,0.0004130470262213867,0.0011089311432562453,0.008243032104664443,0.002884404741518396,0.00041194432242377726,0.9854656979647621
10589763,0.0035376616373104727,0.0016816948511522766,0.0019511144757707285,0.010680186619862411,0.006219737561713055,0.8947560054269761,0.023120203674254068,0.007143335112647912,0.05091006064031302
