track_id,Clutter,Cormorants,Pigeons,Ducks,Geese,Gulls,Birds of Prey,Waders,Songbirds
6868504,0.0901673462017546,0.029146828342466537,0.26844102631800887,0.1681398567258558,0.15760740528975042,0.11590412122833432,0.006209762880074077,0.06390403351212119,0.10047961950163425
6868536,0.06811945383841082,0.04902322865349074,0.28415025136598165,0.16698880143025452,0.051519083325548935,0.20139532775218089,0.005483046529976428,0.05480644039070582,0.11851436671345025
6868565,0.054527884049890785,0.03865419726306028,0.10552995989659301,0.14611803369793183,0.3658530584483475,0.09919497275871783,0.006764565332391237,0.06690089561264764,0.11645643294041985
6868861,0.017917361574536807,0.07803312497469665,0.04001545699911435,0.0433232038240573,0.636335014357275,0.0730464263109027,0.006942624235594224,0.04731808008338272,0.057068707640440246
6869275,0.012487019931058286,0.08014383459164162,0.03303145757028157,0.03581390043090263,0.6620442007351681,0.0729058011596847,0.006550535348447561,0.04792438132297125,0.049098868909844294
6871418,0.02107514730243581,0.07454001887412082,0.15996095084228698,0.22650809892117504,0.08178533018505851,0.241453878445833,0.007869993263699238,0.08186082434810973,0.10494575781728091
6872996,0.33397997252728284,0.01781236226755532,0.03270938913401394,0.010029940160720664,0.02073816329071014,0.34786671198966923,0.03357729181547495,0.025311725861217764,0.17797444295335507
6873817,0.03929522496040284,0.028663828933661064,0.0395114215992319,0.014517004042915681,0.05768688638575341,0.6713716096883852,0.010065454899891886,0.04643262554857645,0.09245594394118163
6874023,0.005471188518254206,0.03555292599967875,0.03345777384505739,0.011476164101992588,0.014607602559441556,0.7862098301320566,0.016406387646158,0.03156653422078387,0.06525159297657697
6875504,0.00487064326953367,0.03276853418117757,0.03473031891042871,0.008831695231088371,0.007594414456732669,0.516152488154759,0.02139980178460822,0.02722189736447207,0.34643020664719976
6875899,0.008228799205601222,0.020163776887052048,0.019823886925444238,0.0061557523177804075,0.0073791452908021265,0.7135948139985655,0.06189643977179937,0.02175519351391749,0.14100219208903764
6877293,0.011401423293844956,0.010208154406223177,0.02418893623425533,0.01476367541540904,0.004272739134907803,0.042021738311026,0.011091356997920939,0.023342832749885484,0.8587091434565273
6880408,0.010681527548463179,0.019308791954746076,0.025417328545636938,0.022318223801124665,0.008131651645560616,0.6717510538833152,0.04908709146668148,0.029798396296481428,0.16350593485799042
6880690,0.007719865490308415,0.01670654831906121,0.07115196797358053,0.034543232234747555,0.007316878521528986,0.4552611206066156,0.0133414380594318,0.03255793678004216,0.3614010120146838
6880833,0.01329693888535238,0.0058173978678921654,0.029840427584035763,0.006086355953790427,0.003033268138192601,0.06443704090441979,0.06787441025226305,0.01484236020189563,0.7947718002121582
6880956,0.005257775531229029,0.023829978026199402,0.02232096692013918,0.007616667932558862,0.008413237899424686,0.809373109215734,0.02454719378790519,0.026805344410278226,0.0718357262765314
6881733,0.0129051106575765,0.011612198295637616,0.022051619909032507,0.006674056596278377,0.007124996572285123,0.13150105955941907,0.6642471589333998,0.02026311099537801,0.12362068848099303
6885154,0.02554389707787119,0.016092958714044557,0.02029649718722576,0.01304491358068632,0.009409289504471497,0.667231341858402,0.027932556939636217,0.036749419230783203,0.1836991259068792
6887294,0.015744902494673755,0.01426338065539614,0.03466664773943146,0.010278764139317536,0.007361643356909697,0.6591529814737066,0.016438114935013667,0.028868142407558042,0.21322542279799314
6887586,0.01681705577786442,0.00959577684299463,0.02909536555340021,0.01594420399967225,0.0042887306984332905,0.08350061314704366,0.010179888606924222,0.024143802767014944,0.8064345626066524
6887600,0.011747541384282094,0.007059682149867221,0.029355787564843114,0.014708560332176488,0.003464370031265712,0.043625750031074086,0.008970905373655767,0.021047519781450752,0.8600198833513847
6887637,0.03191514869351441,0.04091526558791358,0.03217923299091281,0.02259340499845476,0.02711723097644852,0.430332806945558,0.02040985223198377,0.03218606130786081,0.36235099626735334
6887702,0.01660114350351331,0.006021249287744466,0.02057026511268895,0.006432947576879934,0.0029448845015938086,0.04937818699932458,0.03179275070144462,0.015908316487947806,0.8503502558288626
6888243,0.015087103018245944,0.022682199563620532,0.03482380418487339,0.017093517563043892,0.010791259809055603,0.08283026430576408,0.012817144757196725,0.023815184266343045,0.7800595225318568
6888737,0.0075527285064084,0.018198892866294742,0.04457024083319043,0.03140996666264002,0.008724073947179965,0.07791974493257434,0.008354868372199451,0.0261601977659913,0.7771092861135214
6889024,0.014033922383482715,0.005404796580881585,0.016103751412842995,0.004525432580633849,0.0029222584857364555,0.03885764704173252,0.05653324024298677,0.0130048392923365,0.8486141119793665
6890285,0.012952022556327644,0.019623311066041482,0.020966795486232852,0.007546715252405226,0.00711187118383275,0.6840060652409227,0.08424635342020961,0.02223388679059496,0.14131297900343284
6890416,0.008892307160756277,0.010599969526628499,0.031818285005773904,0.008099056753586352,0.003482494022808593,0.11931051651283622,0.026747076760187834,0.027351389805721004,0.7636989044517013
6890579,0.010355861592736298,0.005954046807600749,0.02436935446772775,0.004693972047023642,0.00256046433417374,0.04026994769871474,0.03826478997936812,0.013975476724880212,0.8595560863477748
6890917,0.014083402675862796,0.006677707786841304,0.031542241307021504,0.0043874564073519895,0.003431099263463187,0.1258968700471629,0.12299032587179325,0.017704728235464533,0.6732861684050385
6891091,0.012560457341963996,0.011550221315864065,0.05508661334656261,0.05758354511739611,0.006935413064847659,0.058260905933408415,0.0071526010048498945,0.027607769023786265,0.763262473851321
6891208,0.006620681424854418,0.005651132102426585,0.023030567722166568,0.0048587314458240355,0.0021545945657457026,0.056006883328385236,0.026324806681547356,0.012511367463686267,0.8628412352653638
6891245,0.010843817073169401,0.007717665329960268,0.03361194905913051,0.005092393612835911,0.003627627458645587,0.11540227235879141,0.05723633934198372,0.015132119917315116,0.7513358158481682
6891309,0.00595613507671488,0.008674836255609174,0.030670563262447145,0.005834056679029341,0.002950361349231283,0.0512609401628203,0.03289646390247241,0.016144717861499874,0.8456119254501757
6891366,0.012822972349364503,0.0044010588046047025,0.017834730886185066,0.003766951214663771,0.002439949703224081,0.04277643795761015,0.04348104413071294,0.011655620016095143,0.8608212349375396
6891473,0.009504100623184839,0.009416086626123246,0.03981633351493928,0.013525779248759593,0.003701396348899677,0.15281800677031768,0.011768618677375975,0.022070910707952675,0.7373787674824471
6891484,0.006270147831758942,0.005845222420059204,0.018942842483937045,0.005912968948461641,0.0021195229031601157,0.03883383129837911,0.016745429801571458,0.015314150461018037,0.8900158838516543
6891531,0.011214570413668473,0.010204335321987014,0.02194654548242622,0.006034106194722927,0.004324156544888284,0.07430235576047022,0.06915432025997752,0.015809046770770833,0.7870105632510884
6891557,0.010198476754253841,0.00853327544802766,0.0529803078788614,0.009011131352946795,0.0032899883225201744,0.042787689651270853,0.015854373586669496,0.019028066106423658,0.8383166908990262
6891579,0.006979421067608215,0.006710731209498422,0.02045238717504688,0.004735174469732632,0.002933152232206966,0.05091859798357042,0.044603562046618486,0.012064117471982522,0.8506028563437354
6891867,0.030745115735355044,0.010600470465040077,0.029292406818839028,0.008532840913184417,0.006039288580737948,0.06971651298752245,0.2889854479868857,0.02258577683333316,0.5335021396791021
6891888,0.011703192892206303,0.005909481913727915,0.019693499484440262,0.008259009813811016,0.00290263409589267,0.03569206484595411,0.020751072268248672,0.02044186884740645,0.8746471758383128
6892297,0.016886737677667435,0.0050552640589058674,0.016497709578078407,0.0037618574503851337,0.0029127620802165163,0.03980107122754536,0.09513324316974944,0.0124841002789568,0.807467254478495
6892562,0.0106620837176299,0.005484914496516464,0.021163772490989132,0.004119523435811979,0.0026879101469699895,0.05778728961433418,0.0793386707010617,0.013342293992363944,0.8054135414043226
6892587,0.018718342175724958,0.006297383917462992,0.021676231897717734,0.005765960436934587,0.0031418282679351517,0.05518624212514348,0.0602330070628294,0.017077017458530276,0.8119039866577215
6894293,0.014896269718342885,0.4765747426650998,0.0575327545631784,0.06526350735819257,0.042475774681149436,0.1277318706031862,0.010880843388137405,0.07539288198933493,0.12925135503337837
6895609,0.006316849410780505,0.009268000044441395,0.0657135082165508,0.02652576484074454,0.0037805594580352167,0.03593556724125842,0.00851260951083184,0.02524131771051479,0.8187058235668426
6895723,0.017529817887930736,0.011808388157814079,0.02934594417941182,0.006570934573086889,0.005441717356751149,0.7134135786511759,0.04158755527709503,0.02447662382190296,0.14982544009483142
6895905,0.009238332791739523,0.012144723636230346,0.022959305126266913,0.004894416383991472,0.004781700085893588,0.7355187695520766,0.05279304388752417,0.019508899801372683,0.1381608087349046
6895906,0.015989948245059515,0.011735600755410549,0.03066677416758906,0.005880089509527983,0.004573409994705826,0.6893591034875961,0.049471304467266955,0.022171244411455793,0.17015252496138822
6895927,0.02219608192301804,0.016334575523398873,0.031593670233779764,0.009063974873889538,0.007587396633356122,0.7308346681022923,0.03290643869824927,0.02798399720602413,0.12149919680599199
6895938,0.009215397854144158,0.012522873615177102,0.021579183962526314,0.004591752289487026,0.005416685261717888,0.7499402136917717,0.06297935709716057,0.019774769966613363,0.11397976626140197
6895939,0.009372654895659622,0.011895682650599313,0.019609207181116133,0.004653878133810573,0.005328013355335156,0.7628072006306591,0.04346701685153086,0.019354130997965936,0.12351221530332332
6895948,0.007736414484813014,0.011481914066272376,0.022787153705738847,0.004861490205237483,0.004836970001560181,0.7406665303632223,0.050442701926023376,0.019993027634516384,0.13719379761261605
6895973,0.01279948965371046,0.011904073416792088,0.026415749047848172,0.005956138906890687,0.004338526869186339,0.6926569334221147,0.04147461860009628,0.024405215071675042,0.1800492550116863
6895974,0.009401936246155856,0.011327739245938386,0.02315433737183366,0.004712483521535623,0.004396347816881553,0.7083664172321535,0.06069453570980812,0.018253477268785855,0.15969272558690736
6896754,0.007702672710200824,0.007130916902512564,0.020791431304782813,0.00466481354174424,0.0027399506882383492,0.20221669895139135,0.042199838703040206,0.014505769739338386,0.6980479074587513
6897915,0.007026091270803658,0.04462973213204489,0.07783866168387663,0.04917957541894599,0.012622697044286896,0.27208084775062563,0.01640411251889245,0.07088595345022686,0.44933232873029705
6897964,0.05661431774720955,0.01929539478490211,0.047241122276737255,0.020993361179054922,0.024881450710532448,0.22867809375030698,0.013417740255824463,0.03647250673804384,0.5524060125573885
6899282,0.012228453511265187,0.006719235475657852,0.020542347112272402,0.0050347068527296325,0.003251031200385994,0.07658538893391956,0.1251257716030638,0.01772362948666592,0.7327894358240397
6899294,0.020516006652734158,0.006875023939065593,0.01989779438893202,0.005839720825744942,0.004042554969037014,0.04558647335594431,0.21222066160048916,0.01927737368199856,0.6657443905860543
6899376,0.006634516105262553,0.009579417258280761,0.035352751651364596,0.006482444690187069,0.003175846154719572,0.046007179529210115,0.03701975112911312,0.01881515241618902,0.8369329410656733
6899506,0.01284574750375815,0.009609246077588663,0.017077911446739563,0.004789567943501077,0.00399442240598422,0.5888436139319303,0.09277062656563594,0.018270362260313245,0.2517985018645489
6899530,0.0143295588144888,0.007252478238440527,0.02295052178425648,0.018124983223953346,0.0038004682568483265,0.046192684568930976,0.009673985074995046,0.028724536652953606,0.8489507833851327
6899560,0.011568993767305871,0.005680700468913285,0.01892122568423738,0.008307133098349283,0.0029405089968081834,0.10906811353745206,0.030862513521747306,0.01951646507248956,0.7931343458526972
6899670,0.01465020877346073,0.0063731343716619815,0.027016232036558327,0.006214964101125797,0.003805837208929104,0.10525474178043466,0.01943179283734657,0.022199395692177163,0.7950536931983058
6899695,0.00977752935086206,0.00673237286195003,0.025653949455421435,0.007897731624913086,0.0035446154140704273,0.08237464456532351,0.012835485727177917,0.019653177190358005,0.8315304938099234
6899730,0.01625384974546867,0.007771156149224558,0.023796247706854092,0.006203871334049091,0.004205552389915308,0.1293303008237302,0.049749581433582026,0.01911330100525608,0.74357613941192
6899754,0.021573521350504984,0.008373584308999392,0.03743076262793793,0.03286241008424629,0.005852537878873459,0.0468357013576144,0.007361958447920759,0.03688995177598096,0.8028195721679218
6901206,0.008688300799840351,0.012672419831855759,0.03988605125470036,0.007664094061684543,0.004345809764772248,0.3284417062182107,0.08507046295047332,0.025051363679511877,0.4881797914389509
6902131,0.006435073773637569,0.010164184854189151,0.016705414119181715,0.005010378190575266,0.0051324720615622274,0.8009382314346949,0.06825657695554085,0.01993473456145148,0.06742293404916677
6902271,0.012226952605122996,0.01721601789509777,0.03479069520252791,0.020765120635076535,0.011896635887196387,0.2524619037491722,0.008174127494626047,0.03321938563743059,0.6092491608937497
6904326,0.013314655361559468,0.004769287058966921,0.017027218784769635,0.0072857387869251205,0.0024113118027901106,0.03484218513427431,0.02239078788551851,0.01869280796696408,0.8792660072182317
6908023,0.00785349857305355,0.06627909653812934,0.03758222724394252,0.22832764981420714,0.024556797345154906,0.44045993879098266,0.018839984824869944,0.0799642679097617,0.09613653895989832
6908625,0.010471283063079012,0.008101492381175175,0.019668550518041304,0.004987168113201752,0.0042047225244207604,0.5226761245122874,0.16577285029297606,0.015976413393567993,0.24814139520125053
6909657,0.007025635847108688,0.004924455489219708,0.01444101819705109,0.0038785050798542703,0.0019920798748569394,0.05450491842383817,0.050547962842805966,0.012007644466804123,0.850677779778461
6909786,0.023573890038188248,0.005655682765757759,0.017678850795524503,0.008023312188855972,0.00310708126662858,0.053951429182567776,0.03556362713395088,0.022256181351876295,0.8301899452766501
6909952,0.008050932173971813,0.0045243366092158005,0.011863011105107193,0.0037740843128477907,0.0021864368262406917,0.03515355449210077,0.05721205303721888,0.011504884848103858,0.865730706595193
6910003,0.01029037785875592,0.004070423116240061,0.012213010650083934,0.00389886763853134,0.002183473603843552,0.031674932378646,0.03949539722735056,0.011903933560053703,0.8842695839664949
6910407,0.004133256630372378,0.016352868967024616,0.011336586969400902,0.006196821736541831,0.00862213792569551,0.8747939002246188,0.012048253589011657,0.021354819020438065,0.045161354936896346
6910422,0.01389659552082672,0.0053930042738484325,0.018527365520500088,0.005371570537127501,0.0028093083912174026,0.04841606949742974,0.04414790680084122,0.014878361206379481,0.8465598182518295
6910425,0.013250907297017412,0.004770937831174824,0.014022989408601784,0.0051837987722332295,0.0024785043248069408,0.03615590814312565,0.03840020906156987,0.014203014943905797,0.8715337302175646
6910560,0.011372785459432438,0.0069217123928564115,0.026641599927641764,0.030283162482056227,0.004174905721847426,0.04368940235893379,0.010679572868151776,0.03314843079956591,0.8330884279895142
6910590,0.011114557127737132,0.00439622926245825,0.015075455395375323,0.004873491601029067,0.0023819069302616546,0.03710021763064678,0.0463764769842741,0.01345510045215627,0.8652265646160615
6912744,0.0036262663390961847,0.018418630126383853,0.010239873412529781,0.00690324741002352,0.009170458119372298,0.8703843415370389,0.011588236784052526,0.027005122133193574,0.04266382413830927
6919118,0.011222628412555082,0.011026649093226102,0.05299975716890031,0.010808308646733676,0.004578871799986544,0.6156501301127748,0.03842918780853397,0.023596424042632694,0.23168804291465686
6920152,0.009784973888158032,0.010557715088398081,0.0514064443693747,0.008735466523657677,0.003997283965996152,0.47658045182174874,0.04272538008747366,0.022029558093105982,0.37418272616208703
6925791,0.005718945697447949,0.010921681035158446,0.016798954307785628,0.008053002475579493,0.005108922817440066,0.8045270576974279,0.03859273670857678,0.027282415560380857,0.08299628370020304
6926246,0.027626934183779216,0.01123110450256545,0.023156493969660644,0.007228222264940669,0.006055684911211561,0.7195381742030822,0.07400232249445345,0.023078314819354212,0.10808274865095269
6928841,0.021803100751075846,0.031802441680879756,0.06292858581797722,0.3627347440162445,0.03322910114092913,0.18541862760756006,0.010747935321570139,0.2028530011409118,0.08848246252285151
6928933,0.01573301284065639,0.018047985410876047,0.025447109808633933,0.007092778894253037,0.009502710535938848,0.751235149859313,0.04538242863660984,0.025528457490314786,0.10203036652340396
6937241,0.011831652834120599,0.0060964024767982536,0.03071204223507205,0.013056815939018208,0.0028616862099668286,0.03845245510190399,0.011888573712572926,0.026942475907958913,0.8581578955825883
6938426,0.005654872080674469,0.013762193309645777,0.01511393826849755,0.004976301727869842,0.005254122221890627,0.8420572231660203,0.038657581485949735,0.019313255473512442,0.05521051226593933
6938530,0.0067964603307915225,0.01513659403063026,0.012765927561643207,0.004867029454929018,0.005641872445023111,0.8333874202788021,0.04614438909111308,0.021038247631141406,0.054222059175926415
6938682,0.008236314554399276,0.006026431496838241,0.016353264944963985,0.004693658160018731,0.0034221070828438526,0.38301548726360013,0.18450172805415366,0.014930727819243863,0.37882028062393835
6939166,0.004607190480584294,0.010865456494047963,0.010012477149084882,0.004030993802706533,0.004501834721224233,0.8622116261472156,0.0375545138409466,0.016962767238040233,0.04925314012614975
6939222,0.020749111380739968,0.01131294293788549,0.02725547843785235,0.006900552046890784,0.006048658856142326,0.2936422670294704,0.4523501815569745,0.030036358277432937,0.15170444947661132
6944591,0.025161382028432648,0.008743151836722036,0.035312196030861574,0.005972964513664036,0.004677702034645418,0.6255065073439501,0.11707821071161538,0.02241707512615162,0.15513081037395718
6947293,0.00560339252600151,0.0171891934112743,0.027298919372775537,0.007910897296540768,0.007847965720282884,0.7946628282656066,0.01663594677419121,0.028415408563629122,0.09443544806969786
6952804,0.008680034450980825,0.011295256407933768,0.06832738157322432,0.011853680987323626,0.005913401516273327,0.5957278220323308,0.013621176257602037,0.031045167660168363,0.253536079114163
6975207,0.007360607236253027,0.01469706701160222,0.032783861511115606,0.008092219685000372,0.006302873353057443,0.8127977126533213,0.013187292029094605,0.032694349285675245,0.07208401723488002
6975472,0.005382965295366525,0.01237206954199902,0.02232420787638881,0.00541327244305029,0.005251869879722993,0.8273029868740014,0.018148333889702592,0.029943520325799177,0.07386077387396918
6975490,0.004284680729546754,0.009754481345544604,0.015057485350595385,0.0042673951798313575,0.004612726002213053,0.8632809443620115,0.011712633136324643,0.02773821174710809,0.059291442146824636
6976427,0.0037971876549022865,0.010222806434462271,0.011653409962077137,0.0036560837586692096,0.00393483772707287,0.8756835407113309,0.01424276600193782,0.02484538857814335,0.05196397917140411
10551287,0.015844923436244926,0.018245272384546287,0.02150967503455363,0.011766888057334179,0.012134951000519341,0.7245964894229867,0.032941304057368254,0.04000149407130924,0.12295900253513758
10554874,0.5738632677301467,0.02616493067712709,0.04645599122242482,0.01655976176164331,0.02618171750744265,0.09714306120763312,0.040085063295373695,0.031232336188192638,0.14231387041001592
10555071,0.01172181119293864,0.011478618924954474,0.021587251911388574,0.008265219431305126,0.005376778813211025,0.5284005103243303,0.04952220254859295,0.02883837849039575,0.33480922836288335
10555459,0.009836690272822527,0.024857026433522313,0.05265717430628098,0.011336103454732134,0.013517458746913161,0.5021739093263767,0.024715961557225406,0.15172253651247838,0.20918313938964841
10555968,0.03701207520019635,0.023343395213271195,0.026799345462828042,0.05332215152649011,0.04459029024251022,0.633906017300122,0.005953162567063838,0.04915910528103243,0.12591445720648597
10556692,0.03158497822272687,0.012524254246118374,0.030284389576684154,0.017439796744898272,0.0069430611004352265,0.2747666729589288,0.03792467880727221,0.05343338987973703,0.5350987784631991
10557065,0.0054095908682864745,0.024661549129329247,0.012297887195203904,0.009675273655110289,0.013383925078174125,0.8172122359791372,0.02025924827099002,0.028688933135359095,0.06841135668840961
10557235,0.006762127015337204,0.024859359790399348,0.027892821697827384,0.020987219195737466,0.016850825454637463,0.7764000092359844,0.011600106318920358,0.04902706426839559,0.06562046702276085
10557310,0.02443672997706867,0.03159693109816718,0.06315262989198069,0.02754238960168125,0.04264885403357593,0.4701193300755761,0.009391105046110763,0.0428634767235765,0.28824855355226303
10557603,0.011055922986678028,0.023957055782177463,0.02293229257491163,0.014375342983065762,0.009463586527978485,0.6819098688634392,0.025832304571343934,0.03512170142345217,0.1753519242869532
10557649,0.0062872794409906735,0.02560619124819067,0.020626362747896258,0.011628903142469765,0.01757489238521748,0.7959526140546461,0.012525428500461639,0.04444528612788161,0.0653530423522459
10559369,0.02637601094233869,0.01988102602407502,0.023508535744969965,0.009810555495759704,0.012092297757002025,0.6974204527252132,0.04600645168239766,0.029151787462888917,0.13575288216535486
10559516,0.011927017648807992,0.02348996016671611,0.017556298218792232,0.010213908323872822,0.013194562506053465,0.7445762785311724,0.03806559469482588,0.03817770081285268,0.10279867909690657
10559765,0.006977399242454195,0.02545079648521163,0.018247693536069812,0.008905962514009156,0.011537235592204164,0.7126679409740369,0.03983409201115438,0.03994750204398858,0.13643137760087118
10559904,0.02801273005895172,0.020957873803719187,0.021968822491945948,0.012992244235232342,0.013193616417561994,0.6677643109984067,0.033543758287826124,0.03950279750931477,0.16206384619704126
10561136,0.035852668914451005,0.02331210859308808,0.021760501392488404,0.012953778646820192,0.014499763052323558,0.6628097613731212,0.024352612831488017,0.03463566149694767,0.16982314369927182
10561583,0.021488432189955237,0.01502485345826856,0.02203271874748575,0.009671138569517738,0.0068006904877066215,0.66989489453185,0.04376619547119805,0.04340799337546237,0.1679130831685557
10561870,0.008864932244820269,0.019049842476265767,0.01362668714858292,0.0071654774505575305,0.010390568824942593,0.7648161607007984,0.05674137825085387,0.029784343440454886,0.0895606094627236
10562711,0.01555871325256641,0.03820251299822368,0.03482281817560068,0.04061988869766265,0.043106247813383014,0.4511976531353156,0.007564894213214832,0.0484067967423505,0.3205204749716827
10566953,0.00803247702397521,0.013973083939519052,0.01540196229547199,0.005188767652287258,0.005802499674815581,0.7019775290007523,0.13011615919470584,0.035109945916744704,0.08439757530172806
10567563,0.05393457391318186,0.025677096962860375,0.029575265609692505,0.012660276292329445,0.018975594185391315,0.6522776774783312,0.02554032811064548,0.03587883895267876,0.14548034849488903
10568512,0.023987048941191746,0.011726742506872568,0.025425797542400923,0.00743302752920729,0.00633686079811794,0.44780180551148313,0.12849123390456557,0.03390471171668606,0.3148927715494748
10569249,0.010751077892001092,0.016361653296397605,0.014929270671914427,0.007438281930800508,0.006922130985621148,0.6899115267818022,0.05438332749217101,0.03467489989406214,0.16462783105522993
10569900,0.02252242699906518,0.1975540093839429,0.03972539434762867,0.05293403625888123,0.31926996830810295,0.13164266238347833,0.014947889418451791,0.0742490363368488,0.14715457656360023
10569996,0.014992233834214126,0.013463868859637617,0.01815972485631531,0.00757394448305134,0.005845043362001263,0.6713353032404983,0.102535410060886,0.03130063714100991,0.13479383416238613
10570047,0.009418076216445314,0.02023445441101684,0.01570419908631936,0.009582338827721856,0.009461787848507977,0.756670448069675,0.038908156850274885,0.043778810014773455,0.09624172867526536
10570186,0.02365927846721723,0.019606361713867083,0.01789845343220446,0.01054994967972117,0.012473743626097161,0.6912965081533436,0.050496746908844425,0.045238013091533594,0.12878094492717124
10570190,0.008288656882870594,0.017801030599020762,0.0125338956172991,0.006892081558266675,0.009165683776686128,0.7543003452929434,0.07888096287112883,0.031264527532379384,0.08087281586940516
10570281,0.012179810297194487,0.015580304272491649,0.01716701529289968,0.009219450143962117,0.007228265526468435,0.7034641428552384,0.07180487064933537,0.03707995303531991,0.1262761879270901
10570444,0.19097192671020474,0.019148682840878405,0.025821981938614756,0.023172595809684445,0.021159410019897195,0.449295206529748,0.019552188151930952,0.04615218406991259,0.20472582392912902
10570516,0.027931230550955293,0.017848594404678092,0.02226132135619091,0.01135304011607724,0.010354984218227364,0.664635535996305,0.03840256582712349,0.04431192215388756,0.16290080537655516
10570563,0.017465412540108357,0.012486115631681841,0.020781268853408724,0.008427927056925525,0.005770398406024312,0.5490383689879144,0.15020321728966984,0.04461908874757564,0.19120820248669126
10570908,0.012996617222313411,0.014485651473247657,0.014253347642203169,0.007474329329589793,0.007043286303884279,0.7078777043148149,0.07764459004238793,0.03844959057394186,0.11977488309761702
10570962,0.011460488018601079,0.021865329491830558,0.04563270024393602,0.008301989490499588,0.009117146907348066,0.5886335964271271,0.02615606775325992,0.14454139458783327,0.14429128707956446
10571126,0.03954339118667956,0.010770587934917258,0.024330117194303513,0.00853386494938289,0.005920987237076413,0.43121811013858097,0.06823989221759329,0.04865595699114874,0.3627870921503174
10571129,0.07194018896835604,0.01587433126782889,0.02356822265051788,0.02357831153605533,0.011654486995154216,0.6307292486352643,0.012486006282057885,0.0586100036022913,0.15155920006247423
10571130,0.03548454758195082,0.01671338069430215,0.03064365136164099,0.03736234911811802,0.01306904363835056,0.6062652217235638,0.009104608906461975,0.07216529074090194,0.1791919062347096
10571150,0.037401117847990356,0.017739716742477967,0.02333291418611253,0.012726102435722319,0.010683452839864415,0.6665539913494829,0.029122002390033305,0.03983554537149269,0.1626051568368237
10571157,0.029276047503007063,0.01046144543317586,0.022572360186155133,0.0066912596877231,0.0050450176402018505,0.5498326794494404,0.10118355371983387,0.030331498755906666,0.24460613762455619
10571249,0.01588110810420337,0.014872636121945323,0.01664256760767567,0.007541160717602295,0.006196941935088883,0.7093787487406551,0.052973356716552324,0.03755320735906307,0.13896027269721395
10571563,0.014353686217000483,0.047749161796763404,0.02645572099673688,0.01646231697357529,0.024800098334592412,0.6177818096811889,0.019263273121917737,0.05013315376149206,0.18300077911673285
10571600,0.020944518772144295,0.020129068916692496,0.01704390502656437,0.009011965641362413,0.011155069485914867,0.7167121226404354,0.04423290128033042,0.033775804057022615,0.1269946441795331
10573894,0.02025995985827121,0.016895713703159877,0.029305639989737613,0.019089866360108128,0.009443034417829675,0.652873862628246,0.026603280147199794,0.064362048432165,0.16116659446328266
10574347,0.027294322383064912,0.015717218381009566,0.02300591169395305,0.01411965083830911,0.008132576498983711,0.6667667200400621,0.03567125077791014,0.04264906552566579,0.1666432838610417
10574370,0.028630088842066633,0.015298616116164449,0.021343485165614146,0.012720122983048136,0.008180936824214047,0.6659263855473838,0.033449284226634485,0.047125384979309536,0.16732569531556482
10574372,0.01718206727646591,0.013650748278062912,0.02213913963763977,0.007184030832972915,0.005135844037021101,0.6261956034988604,0.08498648146931807,0.032155786670174595,0.1913702982994845
10574408,0.03812152649937397,0.022680612127498452,0.023984119584474124,0.029548880186750157,0.018491715620861902,0.6497552650247292,0.009953771923825764,0.06117782953036633,0.14628627950211995
10574430,0.01901677271773523,0.01602294496115455,0.01898508001426756,0.010846741105326263,0.0076944223117663005,0.6642721256747324,0.029967216051507907,0.0457158664538828,0.18747883070962698
10574439,0.028589192716041288,0.015722702353954607,0.022302570953503725,0.014957024316392793,0.007750678889009327,0.6749833251434785,0.03150167298328029,0.05550550043533464,0.14868733220900496
10574456,0.02197222695772416,0.01691790293882633,0.019589686907250967,0.013487856486436408,0.008145263444753787,0.6439084350980133,0.021680895209460843,0.03962821484861696,0.21466951810891732
10576038,0.07143137325795287,0.018404481583119876,0.028957670081340033,0.011353480498130222,0.01568444953505582,0.6652720266192831,0.024162558131130003,0.04253247693992857,0.12220148335405967
10576770,0.022116489166765566,0.015096138311191588,0.02225082877980336,0.019358030167819524,0.0071292032275830424,0.6370526315420901,0.020952926861427155,0.04714534527148504,0.2088984066718345
10577118,0.00818742020090468,0.01874632972083019,0.022446202616558268,0.009449234299199156,0.0073619363180407495,0.6796573966387082,0.0526308489382732,0.0551069309381111,0.1464137003293746
10577354,0.01913660733082638,0.013398980004751981,0.025325931361931137,0.0065922471064057,0.00527894248529261,0.6842687984211386,0.07177884171902005,0.0314015140545233,0.14281813751611014
10577622,0.009417665000600912,0.02067582992518391,0.02276889086935955,0.00920141536655646,0.007444579733137803,0.6899297367752317,0.04728963023371957,0.045820010872755314,0.1474522412234547
10577723,0.015293674022442933,0.014266529092157086,0.026274001754614078,0.00955030082986235,0.006372970395738398,0.6795560508792639,0.04561434245766458,0.03862244433891799,0.16444968622933887
10578130,0.08715682958286525,0.019424725103037613,0.025652774126494342,0.012181036008035825,0.0158915024338604,0.6501916758999847,0.029046631643021414,0.035676322731181584,0.12477850247151885
10578295,0.014670956065368166,0.013042285199527727,0.01609360010918121,0.00815408927201284,0.00629909770682327,0.6677893029943086,0.112849193956959,0.02940109353212756,0.13170038116369154
10579132,0.010543248661135003,0.014106523011522909,0.01715770050932881,0.006726882558643839,0.005644814791914159,0.7031006609423769,0.11773412414023421,0.02385028200060616,0.10113576338423803
10579372,0.009754499668696928,0.014721303511522512,0.020149778752082608,0.00565222248992495,0.00635549011150735,0.6648503963156813,0.1459580237529051,0.03281750074421967,0.09974078465345956
10579452,0.005745839506797903,0.025788531435064422,0.01993144154510604,0.01714414561699033,0.022856288497661574,0.7754481333043487,0.01737203701849897,0.04691377191660711,0.06879981115892511
10579754,0.005884027565389737,0.020098412780331358,0.02016756980414291,0.011458978740944075,0.02098099639976515,0.7948291820404162,0.014392724970936228,0.05610121228941985,0.05608689540865453
10580098,0.010132981727654039,0.016826295345078283,0.019114134983775777,0.007418984314344451,0.007244430251965803,0.744468419642838,0.06815501075405714,0.047750630269207464,0.07888911271107904
10580150,0.013089199168398723,0.016887578888612573,0.021054597535152143,0.01298531530253487,0.012280608715458318,0.7322914887613227,0.0452467962290626,0.04076244159816439,0.10540197380129372
10580642,0.03263899051671586,0.017290036781051777,0.02067911236998437,0.013492602408594767,0.009425669345354324,0.6867234650580721,0.03402583689468709,0.04560973149215061,0.14011455513338908
10580740,0.025588817984687214,0.011853641846344768,0.020312324147254413,0.009057777277622149,0.006198199934574663,0.6450852627185512,0.08796439924191225,0.03911270127859297,0.15482687557046035
10580745,0.016333548008410876,0.013128998272046336,0.019245744256615648,0.008281448925000457,0.005333691223382581,0.6103522734286106,0.08779516120544811,0.03892196426817226,0.20060717041231307
10580771,0.027469436643696794,0.012475590898068746,0.024088757156788387,0.022607746026395495,0.0074980784520996034,0.5520178714920981,0.033774001286634464,0.11468160951218768,0.2053869085320308
10580995,0.01531266840450037,0.015552907612491089,0.030377497336019337,0.010155187859860273,0.006423352632269941,0.610292580743039,0.046431568167456395,0.046606323201564874,0.21884791404279869
10581310,0.015771215337144467,0.015432479554068842,0.021693375690684937,0.008784993773533135,0.007736933197936884,0.6563421830684942,0.11165229456911821,0.03223811750920476,0.1303484072998145
10581368,0.03864230688911191,0.02273503169324752,0.026954970881483614,0.03657261188434902,0.02160682907234282,0.6312558935818813,0.008025172172213652,0.059231119626168234,0.15497606419920207
10582173,0.05116593825684251,0.020626526411800107,0.024638387540867047,0.012419269989125462,0.0165558687081542,0.6921863987746597,0.03166209510323328,0.03495830688656914,0.11578720832874861
10582418,0.18602309589134366,0.018367663804323645,0.029020480033660298,0.012320314498762471,0.022768226654483654,0.5244015446282716,0.024923212469265533,0.030256875075089246,0.15191858694480004
10583009,0.009997440449288261,0.01413103980917684,0.015442219936841743,0.006705679559978966,0.007777254261626998,0.7186518563826271,0.12775414771723073,0.03229097676287546,0.06724938512035387
10583434,0.010711174348222921,0.0343635693403969,0.036301210474469096,0.038985526335741594,0.010969763946857551,0.6120690961678574,0.04281238342327546,0.06095090279787265,0.15283637316530635
10583521,0.008806242672632874,0.011981189442858435,0.013272982705705044,0.00579601053124244,0.005963203516167297,0.6523143367251725,0.18216842407278178,0.02468846806868244,0.09500914226475714
10584210,0.009816537705303259,0.012996693948529031,0.0238952942587601,0.00684467774424586,0.004996085125768443,0.6792510484185457,0.08192260754978016,0.029470908204635368,0.15080614704443224
10584222,0.014380493246177187,0.011212097924122854,0.01945219436442044,0.0061120763900762015,0.00534850099128218,0.6993999667728255,0.09418008285203291,0.02804041657640982,0.1218741708826529
10584314,0.014942042326150564,0.00937453648751986,0.025052429346352875,0.00563782529086466,0.0041573473197616334,0.18466068003268052,0.061748167070711034,0.040711943545444,0.6537150285805149
10584430,0.024164850283158238,0.010227424058628184,0.0213369172669268,0.007886887927689311,0.005558219868586655,0.6316510254464613,0.1148763628022372,0.02929887513502899,0.15499943721128343
10584519,0.01242433829032162,0.039795364036288576,0.022206172152558067,0.009119856788598009,0.01145445186184692,0.6727343095468753,0.04015281833656412,0.05209547982314249,0.140017209163805
10584820,0.014222318927465356,0.04247688171006172,0.01739905156863757,0.01188896373510328,0.030089414149159156,0.7281605838290109,0.027813849710996055,0.04046587682710931,0.08748305954245662
10585136,0.006951802429101703,0.04535837020520076,0.02233854944986794,0.017503184475225215,0.012203271174757419,0.7350094049855511,0.020237665567609225,0.04927007187719726,0.09112767983548943
10586849,0.015018039909819828,0.01996981012921044,0.018942901126347625,0.015238461840565884,0.01190435952284485,0.7315701159612088,0.04994781819083767,0.0392182421045603,0.0981902512146046
10587734,0.03112456728090442,0.01847806646159771,0.021667571280455027,0.00946525606987418,0.010575028749899854,0.6439304998534924,0.11756815157504756,0.05237145711050182,0.0948194016182271
10587840,0.017177297848816563,0.022461442276946866,0.02270247391252742,0.011335332810073333,0.009611072817446121,0.7220958817242626,0.04715949606968771,0.04310137946682205,0.10435562307341724
10588529,0.02641308751340686,0.009944699641716086,0.02262291650276077,0.007201483238988296,0.0060948931076183245,0.07546787502083543,0.5793298547588428,0.026804093249373332,0.2461210969664581
10588664,0.02889543661025326,0.009334124299744468,0.023400756250224038,0.007939186687810774,0.00593769165441234,0.0862542225808699,0.43154167185472514,0.02886604396174045,0.37783086610021965
10588792,0.02450049789247131,0.00979612923558892,0.022787166426530798,0.007753236194921593,0.006119953175370883,0.07206472768718863,0.3984704327634659,0.029152452060102196,0.4293554045643598
10589349,0.009177904262543219,0.00846400166023797,0.01849205041172167,0.005831262935362857,0.004180163229536312,0.10348706919378743,0.06125395759768215,0.025006330998174817,0.7641072597109536
10589410,0.13271077073640747,0.011047164175912557,0.02973787657320239,0.019345427307465832,0.007538092827315713,0.48354382396198753,0.029409471206670267,0.05969996065851395,0.2269674125525242
10589411,0.022004380902569225,0.009358921432278955,0.018146094637516274,0.007955938775620397,0.006211939847670812,0.33247690149726833,0.041430151123359155,0.03135203175016898,0.5310636400335479
10589472,0.030694474588248574,0.00800878382067319,0.019951260229562024,0.0063376376219994035,0.006016657763207793,0.06327205720471761,0.04676106121096508,0.025678843652528344,0.7932792239080979
10589485,0.02722124759079585,0.007416873627710441,0.020986335903152183,0.010845555794598389,0.0060783661118620595,0.07487544266714204,0.017801933319761622,0.03322038853086681,0.8015538564541107
10589763,0.0069514045642717764,0.02862569725484672,0.023702101867899603,0.016227419428628775,0.010347134439152394,0.7455224407823515,0.03237620833637549,0.05895035825154304,0.07729723507493072
10590733,0.011359185652575949,0.030942837641841144,0.021358370900766914,0.029399971113392646,0.021229748751103575,0.7497688094835586,0.01120673116820617,0.06601969532911796,0.0587146499594371
10592587,0.3065006838515152,0.02004532815198262,0.03091580385598803,0.016366573802390545,0.026181979840250655,0.4160239826952322,0.02180661183830954,0.04225692465518943,0.11990211130914188
10592944,0.008468323523448758,0.029618768600020245,0.02319040987912576,0.018400436756326594,0.023133457424665105,0.7475550813500214,0.016454107294064484,0.045855587615965906,0.08732382755636184
10595034,0.03480501232876898,0.0270557382156562,0.022118323784097522,0.014301220954693727,0.020539626997360567,0.6812528108002764,0.02567167632990624,0.038899642006167585,0.13535594858307276
10596119,0.014293625955001152,0.02533850337573016,0.01788260527451964,0.008008568695861416,0.009704362717481195,0.7368077606907958,0.05304598381165812,0.03490265784525405,0.10001593163369851
10599481,0.008851168754932338,0.020156318408546644,0.012581863832877044,0.006458698800864511,0.009078430217241357,0.6952293923221252,0.1372916860643428,0.03340737380344549,0.0769450677956247
10599552,0.07918425479628308,0.00959267844774833,0.02242489121696882,0.008896628851921195,0.005884227901216265,0.6097864854140816,0.05927290220804543,0.02792972634514459,0.17702820481859075
10599609,0.01895381012060164,0.006538597128042944,0.024540645826198845,0.005722116282923898,0.003403378857703318,0.09397748693775201,0.07034677940244853,0.020982384508160198,0.7555348009361686
10599643,0.00863064334580268,0.01149052213053144,0.015207912466752715,0.0060384559326270345,0.0057256684297364024,0.6625370644422895,0.1416598588992323,0.026370645138851827,0.12233922921417621
