track_id,Clutter,Cormorants,Pigeons,Ducks,Geese,Gulls,Birds of Prey,Waders,Songbirds
6868504,0.17213785906039336,0.12921784681745427,0.17693848129468956,0.17905313575627904,0.1764110558962647,0.005555893313629725,0.01331153411079326,0.10225901542682143,0.04511517832367462
6868536,0.1669817186133481,0.14618251903829615,0.17250973420621965,0.1778920330684505,0.1539825532629209,0.012196182110309043,0.014474039731361953,0.10022096908157395,0.05556025088751958
6868565,0.15282007534851683,0.13294414915555633,0.15234697469345193,0.20760885581205563,0.20892274793509424,0.010053369242365185,0.004353036074220115,0.10118271228213568,0.02976807945660408
6868861,0.07820939192573514,0.24873775745454527,0.040467541523549144,0.22893100567345745,0.28003675463967037,0.038274863011599616,1.4066838583529643e-06,0.07977557363814163,0.005565705449443029
6869275,0.048174800185983684,0.28323082951639983,0.038074397284811046,0.2248216406193273,0.2970221445095489,0.0397306339519015,0.00026414100811300014,0.059654715507636624,0.009026697416278075
6871418,0.11134920498824205,0.16760460070532232,0.16981172248695434,0.1894539679127713,0.15375874548491783,0.03978812456760423,0.010173068422897242,0.1290020929346008,0.02905847249668981
6872996,0.2583916356592431,0.045417430086637005,0.07718886834977001,0.06207716615841527,0.18382356571920197,0.02490838010776864,0.20671272078789235,0.05444714793509222,0.08703308519597945
6873817,0.1824947617678741,0.15433851646433008,0.12268975392444044,0.10689297429660351,0.2220896930386978,0.0580752192595559,0.008911969169361206,0.1039910452047871,0.040516066874349915
6874023,0.04116670619561374,0.2190062321818479,0.10567691653497388,0.10158878118935372,0.14310401768720662,0.16247778276258265,0.08133669553950042,0.11420685154615651,0.03143601636276458
6875504,0.05945738788309351,0.20426361603065737,0.1448079922295716,0.07466659732094885,0.08480353138502168,0.0827053945067441,0.12515047360102122,0.10041295914566631,0.12373204789727549
6875899,0.07572745848942612,0.164040057368896,0.0706607609157992,0.06448636972966963,0.08194322450616316,0.16110702886453168,0.25088837692470684,0.01497708696837533,0.11616963623243197
6877293,0.17832805427659845,0.11846886223576876,0.07875267191296241,0.15556834267523978,0.06253123047459869,0.011242356478441086,0.0441344614958026,0.1212589476018206,0.2297150728487677
6880408,0.10183216748231146,0.19661028680666862,0.04905106102454558,0.17308756840976242,0.09472832384106492,0.08530617181513535,0.12119550595869642,0.06094890579264626,0.11724000886916904
6880690,0.09066352629399053,0.07279320191383597,0.20220790542339845,0.23790763182180016,0.04349236660649539,0.050499668066733866,0.06966812210071874,0.08423183926750001,0.14853573850552698
6880833,0.16927883335736862,0.0414569627387475,0.16958337224633027,0.08906538736499664,0.04687906031226685,0.015133736591149602,0.20768393545718916,0.060235357538849094,0.20068335439310225
6880956,0.037082212889278536,0.10323936800746226,0.1300972058765613,0.0796577623666333,0.11957486576846645,0.34124907617694966,0.14001439088350304,0.01968595515763801,0.02939916287350747
6881733,0.1408528497459932,0.043666449096469384,0.039114727529953985,0.05057603465286907,0.0577253383420937,0.06102621247381948,0.49514216996275834,0.02194345924351516,0.08995275895252763
6885154,0.2189412857601325,0.06572228412437174,0.026204797390037095,0.13483850523648072,0.10968539085172416,0.10599212398794275,0.08493570243540743,0.08105142935147093,0.17262848086243276
6887294,0.1667398647452487,0.06443670829211678,0.16043463135701708,0.05901364645438596,0.10346364901948088,0.09647989797704692,0.044594436681102405,0.07366943656084024,0.23116772891276097
6887586,0.18584743347922042,0.06466396199184393,0.17067693790709973,0.12910018890782599,0.04242974223581543,0.0220847170991419,0.053193468093361715,0.10664232605422111,0.22536122423146976
6887600,0.18788780914362316,0.030668604925726182,0.17766234769688807,0.1353190556229557,0.054092909404940395,0.017775169924856744,0.04093885386313029,0.10227112795030485,0.25338412146757455
6887637,0.1484512428202759,0.17803267870983078,0.09146164272043676,0.15164607349073778,0.1442267819745888,0.013198228061311901,0.05669408860548956,0.07250592841737132,0.14378333519995723
6887702,0.22300932917069696,0.056819211413770054,0.11960482275151843,0.08404009575908461,0.03297018668525768,0.014499728734529841,0.1334947671590372,0.07982609795769217,0.255735760368413
6888243,0.13216806237158463,0.1517449142051223,0.1252015507662182,0.13464106025570086,0.13714116652673033,0.00835577119370515,0.04073416967472343,0.06517818941708481,0.20483511558913028
6888737,0.09618956645684845,0.1435317158446356,0.1684891708433021,0.17127761209334602,0.08593777889042915,0.030401239525100085,0.033759208147040864,0.08137802144794046,0.1890356867513573
6889024,0.21508454538768504,0.05365939835391396,0.09256289223596549,0.06962171807015681,0.021762675563640678,0.015937382481751944,0.24244552806002112,0.03265767576648529,0.2562681840803797
6890285,0.17051329440527413,0.1412902688271176,0.05291989263682296,0.11432573273422783,0.07445727133483332,0.04823173938139694,0.2409211899536876,0.04098656133457652,0.11635404939206322
6890416,0.14899744331784304,0.1100764446879916,0.1511116210834791,0.09873079075506265,0.050713817141810454,0.024824090808489383,0.12324618859342211,0.09781954618273617,0.19448005742916544
6890579,0.14960286448806093,0.09402074228389545,0.15433933372703554,0.09028378773380581,0.03404582279638585,0.004880484834398416,0.19522550421137516,0.0425396339048519,0.23506182602019107
6890917,0.17002557777319324,0.030103377403835098,0.15093446455963724,0.044119243849846966,0.031394279647231654,0.017526121197946925,0.2445647724324322,0.11917696391473945,0.1921551992211371
6891091,0.14965937810315383,0.0737615186887434,0.17546944168267017,0.19718035298702252,0.08942744869785342,0.013200235794352356,0.05273052331333975,0.07297531210507935,0.1755957886277852
6891208,0.12380457657136434,0.018705317362951453,0.20074148034807412,0.04410361089348989,0.01676114365603885,0.030049910653696017,0.1329967627067932,0.04493879191562748,0.3878984058919647
6891245,0.13845723078147248,0.025405107680484394,0.19958938377494675,0.04538599365380188,0.03231567556718792,0.025010059402742413,0.25441256910282795,0.055585110909798695,0.2238388691267374
6891309,0.09559282633652644,0.03894365567936482,0.15769235787565414,0.0654846467917723,0.02202969109975345,0.008848078153711606,0.23863784998363347,0.052209447141994526,0.3205614469375893
6891366,0.2292124829419132,0.019828784015434545,0.11792249172189062,0.05584817962672181,0.020028689441382634,0.016030935364665468,0.22994190292863667,0.021647227798657135,0.28953930616069806
6891473,0.14590126551680296,0.0330621926382806,0.20209347874102246,0.10591821575640137,0.03862313432414686,0.026569925038053634,0.09319216410375793,0.07288956341331365,0.28175006046822054
6891484,0.11682793772204761,0.024593057904130643,0.10468267036506808,0.054184035939796336,0.010304323652752025,0.028398352449266476,0.0903440151362884,0.09961326229143005,0.47105234453922046
6891531,0.18623778891320134,0.06573095716148245,0.1222071764657058,0.08461247966915908,0.05001209096669685,0.01680037652376609,0.22433503700253218,0.04130206995170466,0.20876202334575156
6891557,0.16617758370903987,0.07978810077895693,0.19956282193691377,0.09416298866191705,0.050085401886334174,0.010947055514377538,0.11387546889933632,0.08934061010939733,0.19605996850372714
6891579,0.10794396266203764,0.05412074580423148,0.13930771983706103,0.06505166988458552,0.036936606590497655,0.023762288094968102,0.24057363065992712,0.07162390182005667,0.2606794746466348
6891867,0.22729905471020523,0.041401888258364695,0.08302879991999512,0.10792383945287184,0.03949432504053198,0.010671966538770403,0.2615666778117698,0.0601684106641324,0.16844503760335858
6891888,0.16269886644565387,0.06214626175703534,0.10608195441434083,0.15652756031331794,0.053022448277367705,0.009942009403976845,0.1319511148041261,0.11575276766393265,0.2018770169202488
6892297,0.22200896782817015,0.033261061840865185,0.0908718785320407,0.03465456156834397,0.02250598322845396,0.006889272983694865,0.2830448699279437,0.055413057462787046,0.2513503466277004
6892562,0.1619418014317367,0.05883156268708087,0.08725910663448593,0.05172731225195757,0.03541053800262938,0.019581372323594595,0.2613758760243187,0.11645822672561594,0.20741420391858034
6892587,0.21748446819376913,0.035713709441889674,0.11317484073075275,0.07507405114191873,0.03400173692531986,0.00578288028651268,0.2343685431336941,0.06098591640036232,0.2234138537457807
6894293,0.07191075127150463,0.21171916903213783,0.1433067457225494,0.18204413027505256,0.16176967327536146,0.014022394580682739,0.007724086839197628,0.1509388706937575,0.05656417830975628
6895609,0.08352839857896299,0.06310478484536051,0.22807920014512706,0.20236892543132476,0.05263869581660958,0.005271839882293023,0.048428659102884235,0.0931613201169508,0.22341817608048709
6895723,0.2190112635347822,0.01862416046035246,0.1442386091802973,0.02078491910590075,0.02494586391802333,0.2121506367902323,0.20331419920798466,0.02075479272286744,0.13617555507955958
6895905,0.08966108722586122,0.01999014424935872,0.11402149178879406,0.012299902758787498,0.028763366553300855,0.22736459860439942,0.3253781876936392,0.00850959331454324,0.17401162781131582
6895906,0.2268363636936304,0.03141210652618612,0.19688656550384445,0.04394609713012853,0.03504992670618388,0.08080521424009328,0.19515171224453098,0.03122356922035715,0.15868844473504531
6895927,0.20461392009728527,0.07005966403045959,0.16514432774712182,0.044297487773063214,0.03494261283500261,0.18140127596133643,0.15731904626343174,0.056757143847000625,0.08546452144529866
6895938,0.08802785075147303,0.01165427725078237,0.09985380408579063,0.004635170796003661,0.02079517323969628,0.24454920088830895,0.41625841782420053,0.0015233435657397965,0.1127027615980047
6895939,0.09229034668370746,0.0181956606918296,0.084165064941817,0.01652557743268124,0.07573150304106942,0.26540690650342447,0.2842263783515458,0.029293268333416667,0.13416529402050834
6895948,0.07881070578919164,0.014492366914121315,0.09434857716525176,0.01645674641559019,0.07018929017298653,0.26690747347952387,0.2930634841748397,0.02157882746066839,0.1441525284278266
6895973,0.12586649344645812,0.020161986428928604,0.17910376957361687,0.03075041477237697,0.016170879952520822,0.1964389775297684,0.24796899037109107,0.017049071119585556,0.1664894168056535
6895974,0.09048032815228943,0.01644288979908724,0.1571415848808999,0.027317023477391122,0.03416954840779353,0.11824590193237611,0.350441677150399,0.011794614074475865,0.19396643212528783
6896754,0.16126810461125382,0.021816582683340333,0.11699901252531386,0.04671738814690169,0.022353554756212826,0.03282873551336689,0.2261114760347657,0.0479389737154651,0.32396617201337974
6897915,0.05418588546561119,0.14894187805664325,0.18758023795277845,0.16843119606172455,0.10471835777641877,0.02612383648713688,0.06876698938226057,0.1322968623400201,0.10895475647740625
6897964,0.18094784968963892,0.10370877336423846,0.1545609528951423,0.12437738295577022,0.1568171174301828,0.013807374796051198,0.03471977571750775,0.10110785620672029,0.12995291694474814
6899282,0.2209541508487275,0.02664103701888097,0.09131316839051842,0.03736343339015647,0.027304513807950955,0.019739076365089585,0.270186040004265,0.03798181144521234,0.2685167687291988
6899294,0.20770273266913508,0.06451372665730562,0.05071456667472878,0.08347706829824572,0.034849915034102806,0.009520838355392315,0.26985033798314484,0.0660263476940388,0.2133444666339061
6899376,0.10400501435265894,0.10358087235604262,0.16169581738277766,0.07685794459726539,0.0332702538940612,0.008046860653716535,0.19319640671031693,0.0897478537107597,0.22959897634240098
6899506,0.19637593847407384,0.035687715804909974,0.029881824301052077,0.019072258329508988,0.01709730648757622,0.07003188355050181,0.3763615268325588,0.04186400581617787,0.21362754040364043
6899530,0.20771155089795945,0.04338038540260393,0.10933152585808793,0.1879863390886171,0.03570747040465964,0.011722279383319944,0.03276856000795678,0.1168442513446114,0.25454763761218385
6899560,0.17648684938123727,0.03924255392051429,0.044356858619443544,0.12296315235700707,0.017435684245709855,0.06220487280757394,0.17634636374333473,0.037884441578462776,0.3230792233467165
6899670,0.28388023406397117,0.009171851462793604,0.10083561273177573,0.04001708453499077,0.03280071397105507,0.034084762554438035,0.07228704674136527,0.10779167913575727,0.3191310148038531
6899695,0.21855318099907659,0.05509931189893874,0.10904505500120364,0.09015672564399843,0.05788861538558788,0.02352883698120483,0.0529208870777855,0.07164555341751241,0.32116183359469197
6899730,0.19022433721636361,0.05945162374426199,0.10034996515210991,0.09032509479014755,0.055424395795156504,0.02564340471595158,0.19277942919160285,0.06902888909094691,0.21677286030345919
6899754,0.17214655337268167,0.08256969224457145,0.13757645010642844,0.18592319930326526,0.07095918357432522,0.003361014976234497,0.023639002247811628,0.15683531853959523,0.16698958563508665
6901206,0.08333344677771813,0.06837175845905619,0.1538117540180867,0.10180015062389118,0.05732592450745096,0.025618483660000226,0.23191893143255,0.10826266126308375,0.16955688925816298
6902131,0.06362547004080153,0.04095658556491333,0.03617430577672973,0.041480694519651605,0.05512986553816848,0.2936270767898336,0.34396505635343444,0.08760697127045054,0.0374339741460167
6902271,0.10807375120139316,0.11481556620248898,0.12347597713758351,0.14770867101279858,0.17742225481454055,0.02686383644089435,0.015122617008610867,0.08667513445013349,0.19984219173155657
6904326,0.2311684781817394,0.02027488420126925,0.0890317562848893,0.1110563828178168,0.018701017535150726,0.006045720650004258,0.15806972110495998,0.07558756689655975,0.29006447232761057
6908023,0.03437372960763855,0.15640153917702238,0.0565686437386946,0.27440275836400674,0.13686486660146843,0.11111496463911776,0.02561598103960305,0.18255898419962588,0.022098532632822562
6908625,0.10827206731227856,0.06837491443571833,0.06968704843255101,0.03561760369190219,0.04951284861281934,0.1276504071814414,0.3223544148900541,0.044533566766038916,0.173997128677196
6909657,0.14711226554888124,0.06063834132281072,0.07825963241691793,0.05945589954566386,0.04530853842466361,0.019393001522262723,0.26306234477243645,0.050939537360058025,0.27583043908630545
6909786,0.1998858294399879,0.058938050201947985,0.09735174519078865,0.09813838453413104,0.0379612546739643,0.011909100299084258,0.18113551200892816,0.07697675139674422,0.23770337225442342
6909952,0.2062293523266712,0.05674261122026892,0.03429413362721488,0.021552941981467958,0.0104913917151444,0.011491073860976045,0.2859947923857887,0.05464561703970509,0.31855808584276296
6910003,0.22295205693471268,0.040990156004782216,0.08135774887335274,0.060273089626254654,0.018977257886411112,0.008630435772207422,0.21856901391132644,0.053577134314257605,0.2946731066766952
6910407,0.03445996117568359,0.08008877389613851,0.000211380003337579,0.007810106018054304,0.07572829824834154,0.7614529593913625,0.029223955829851937,0.008408017606442383,0.002616547830787597
6910422,0.21265181478135112,0.05085330279225125,0.09459010983996362,0.07523582261832094,0.030788177558761627,0.00749198660909851,0.2307648653735124,0.05300343030334888,0.24462049012339168
6910425,0.24862270785056406,0.01690982394658247,0.053987715659464544,0.04902209586642023,0.017712928194841635,0.010459543348395437,0.264228358539005,0.03472568483366788,0.3043311417610587
6910560,0.15152945193213468,0.05116492448651852,0.12269527244208062,0.1856443154623675,0.062125044224852974,0.01143411127822322,0.07011462184050128,0.16171970130449365,0.18357255702882758
6910590,0.1998135699237004,0.02280648010418695,0.07474998454162189,0.04513034257658498,0.013827899534748934,0.009766556569793923,0.2731322799467834,0.03906699290931803,0.32170589389326143
6912744,0.03839625160209327,0.13100614859580176,0.0006039121096236071,0.02060626171299295,0.09757408455530055,0.6398626923012263,0.03320525926892512,0.03602378262926621,0.0027216072247701834
6919118,0.1523680626812695,0.03638434294266055,0.20836623338069196,0.06588546857325694,0.03105032230771246,0.03426472991874374,0.2145473640327415,0.043699197951523494,0.2134342782113999
6920152,0.1254572525348798,0.06368618932567695,0.20914326415340379,0.06462239152943888,0.04174001901997007,0.028064373715187226,0.1993562795200141,0.08314506574018468,0.1847851644612445
6925791,0.08411547804744113,0.029024833079676668,0.03465862643415192,0.11405936165858109,0.05569457417871907,0.33623456895282383,0.1928980372180674,0.07857130231723743,0.0747432181133015
6926246,0.2662163233918973,0.03815526197075809,0.10922789573990244,0.032650498647798724,0.04372049719299048,0.08823121858106223,0.28960538708585126,0.034217992542959985,0.09797492484677944
6928841,0.0920174223117559,0.12144580076661912,0.12635598603930623,0.21730451392010147,0.14922202591917336,0.042342682890287725,0.013820989546638556,0.20506901082983306,0.03242156777628471
6928933,0.12595366666054478,0.09078077782373331,0.09303921011186711,0.06444115474235879,0.09111586614927503,0.1580934453551892,0.22073351305461963,0.07685538260147137,0.07898698350094074
6937241,0.17814424474106824,0.03658328007901743,0.15869464653659343,0.15936110937588885,0.032573510070720825,0.002124435563208371,0.07799652012933829,0.14559939888586146,0.20892285461830323
6938426,0.061001094825109355,0.05155771916495612,0.07594488368269992,0.013312936337974769,0.018949323333659153,0.5157221902574265,0.24816236363744068,0.006437327279028232,0.008912161481705276
6938530,0.059563043110908556,0.16137766466789905,0.024112122158669032,0.03194256658149289,0.038179499915508966,0.41448809188527647,0.25526962880273646,0.004009811200950396,0.011057571676558091
6938682,0.10628038099589915,0.014099359842860046,0.021400706273225843,0.05079718693415256,0.019118765104944247,0.09022004385948806,0.45852972586129337,0.006255959673441436,0.23329787145469535
6939166,0.04516550673756834,0.08348936143671379,0.004197165726599781,0.009085396588159485,0.017907514024987106,0.6625100429082158,0.17471205456948913,0.0002249786862297256,0.0027079793220369376
6939222,0.18269944945918443,0.037937014973818184,0.04774795870635902,0.04195706737531406,0.023973867172488266,0.03501307698720682,0.45301140282453445,0.05125729036972393,0.12640287213137089
6944591,0.18422418240605212,0.0706926701139328,0.190922167191161,0.05064017368497328,0.023978986466157048,0.08867836063130376,0.2620233261619993,0.025123239620676044,0.10371689372374472
6947293,0.08605637788396256,0.19054085024106768,0.09619019439276874,0.02488786936186192,0.056376334587538074,0.38500940922545235,0.07452106558267799,0.034496490773148904,0.05192140795152178
6952804,0.1404164004157143,0.04512874144855588,0.25954907715810027,0.08063264719737588,0.0758733178043128,0.1267783998535977,0.039019119995826974,0.05690846687135482,0.17569382925516153
6975207,0.08115968798727846,0.025211150430039596,0.11952721125955364,0.04546292745251663,0.07626844001145315,0.4797907355294802,0.05577655595830425,0.08989730135060864,0.026905990020765533
6975472,0.08914671017212276,0.04199340089746559,0.03009560266586436,0.0025320546284550317,0.0567850940983548,0.6275346206763197,0.09464274322767544,0.034458325506427474,0.022811448127314827
6975490,0.07216018213330012,0.0039200102025985905,0.0037894173857710694,0.00024972329012437866,0.027259511686360007,0.7416929169171503,0.02795988313306133,0.11041803500710998,0.012550320244524061
6976427,0.08671377571329246,0.012566975135379875,0.0006204359336066483,6.742078322712106e-05,0.011770339161838471,0.7861579837208813,0.04081410654578147,0.033989840758699125,0.027299122247293545
10551287,0.0832979745835877,0.09999557854025119,0.06882475272792431,0.15959257411956715,0.0993809180656967,0.1755152280503612,0.13735197999948803,0.09175534279112016,0.08428565112200358
10554874,0.1989014541861429,0.13709330736041167,0.11227573603591137,0.08768538270472041,0.14630767004954656,0.009899667421005162,0.1602411629643084,0.04954728422365858,0.09804833505429478
10555071,0.1377101987223698,0.09908210469641293,0.09068087801307359,0.07064642086397804,0.07085567680111997,0.029996064845014395,0.194055183718039,0.09424083109085486,0.21273264124913752
10555459,0.085192575834613,0.1062147038435379,0.12837722147308359,0.11715779568570489,0.10787145205212068,0.03182094075750753,0.10854629628513052,0.21870349987150503,0.09611551419679684
10555968,0.16440580797564738,0.11514294086533383,0.07186217136938762,0.2067345022242477,0.1758467539629911,0.01821126246577503,0.01539171808037546,0.15295857793119036,0.0794462651250516
10556692,0.1585692069703492,0.08508213622064409,0.10650183242353313,0.13621184644244666,0.059544197199727505,0.01700074178769316,0.1396342644934892,0.14372506807825558,0.15373070638386138
10557065,0.032583132447673094,0.18358870652708043,0.00902044086653311,0.08256438084184267,0.10845062383285349,0.40342855985065573,0.0735802842691411,0.0666777066072586,0.04010616475696192
10557235,0.038804478545580695,0.12936581688552834,0.0999829628318628,0.19987231484978488,0.12906896119009933,0.18273008377049382,0.028742094110865892,0.16330365157306165,0.028129636242722574
10557310,0.12075273535330246,0.12330770667371833,0.14543378252353928,0.1533734732330599,0.1746685915695505,0.02186174979420021,0.02637225918437856,0.10529904441956989,0.12893065724868089
10557603,0.09958942075701871,0.12458454507685918,0.08006475738337165,0.10877705502307272,0.09002606335931145,0.06897330267178574,0.1348176234656178,0.13199605735365652,0.16117117490930627
10557649,0.03699931055519828,0.13630878603800628,0.05497678754760579,0.11013844955433492,0.1474391866353249,0.3572474220184444,0.023675013939770187,0.10754312819740576,0.025671915513909526
10559369,0.16330257846077975,0.11735634601770162,0.0922371259121152,0.06930660473814827,0.0964883925062798,0.13390762691319244,0.16955865196067185,0.024747629023909673,0.13309504446720133
10559516,0.06758500037172785,0.1350954282524562,0.036630438732174614,0.11865583893385788,0.15131824960748747,0.15229364871285017,0.15457756953076376,0.0829260282586342,0.1009177976000479
10559765,0.05288905929665641,0.24035593143639647,0.0336744084697142,0.06847484446875406,0.07430212608557073,0.12630524261300363,0.2065590212057656,0.09701266384395328,0.10042670258018567
10559904,0.13406887264761347,0.1082547959384159,0.05690770765007312,0.121741762971567,0.1262960972246289,0.04009258624865339,0.14974283439888716,0.12586545043890804,0.13702989248125297
10561136,0.2074433975536375,0.1428429225513686,0.04204298262420593,0.0773072605209948,0.16439640260040198,0.08060810922604628,0.07109198339929827,0.062016833904968434,0.1522501076190783
10561583,0.18867567690305548,0.04400574169835162,0.08157518630835439,0.10186769753325722,0.02782988584693801,0.1515019538369639,0.17345573381648322,0.11114024614571984,0.11994787791087633
10561870,0.03357166868185083,0.11286430813251622,0.009526868356251593,0.019392316181207767,0.061370607346237796,0.39171157840984133,0.2982242764474498,0.02695213339298849,0.04638624305165607
10562711,0.10466411140815879,0.12061605205876914,0.10148703815714535,0.18271872485409607,0.1820993124897946,0.034535219015713534,0.022946702109490433,0.14163241080998562,0.10930042909684652
10566953,0.030206755731602985,0.0366728474024985,0.07146491152315151,0.019970691083859213,0.07182001748100617,0.2191937998456427,0.4712662515140752,0.030701650807217158,0.04870307461094666
10567563,0.19924645141716338,0.1297739603268353,0.07380355052954278,0.07355238000727062,0.13932771100368163,0.03527049608163554,0.1286165703291091,0.1122904863814192,0.10811839392334245
10568512,0.16561066880969424,0.08200653460207838,0.09303543502974736,0.08903285683426876,0.06919237529315339,0.015641729117450685,0.23291942283963865,0.10405666465971929,0.14850431281424922
10569249,0.10022923508000463,0.0973037372863396,0.04396324804872341,0.06904768261881564,0.04591968186105879,0.10981192923150558,0.2693854456786765,0.0777769400932861,0.18656210010158975
10569900,0.090499962025678,0.2213312651892282,0.08054179881920284,0.19067825791528326,0.21144043211366262,0.013017270779311103,0.021639596499159988,0.11085530396029807,0.05999611269817594
10569996,0.1298405771981158,0.08804435085462714,0.06605418975565569,0.08961008501127972,0.054446613591704905,0.06884269623145464,0.294291148100649,0.08039737562653596,0.12847296362997726
10570047,0.04858962588737688,0.10286298724743102,0.024438269794643766,0.12273968470355111,0.06848723861862965,0.2668526625901674,0.18977548643521486,0.10440587645857569,0.07184816826440961
10570186,0.11154254530149488,0.12590120313890274,0.043767052467141666,0.08170155579092718,0.1493417473497347,0.07106188046186601,0.16295542289901335,0.14367546892316474,0.1100531236677548
10570190,0.03920602892288678,0.11419436481956001,0.010606392432503563,0.0717296530680517,0.062055987257811474,0.25310111063295204,0.37284137410987495,0.03618752913287351,0.04007755962348588
10570281,0.08476877902472446,0.09916006496462922,0.06477656559979579,0.11317424406966381,0.06448627170650079,0.0669224686260548,0.270376550784218,0.12337586094553987,0.11295919427887322
10570444,0.17295317070114474,0.12178651212958763,0.07099506907236078,0.14703473261853034,0.14318647080141872,0.014376483524631788,0.11175105267559658,0.11632567574286519,0.1015908327338641
10570516,0.1496991384881661,0.08213347439375017,0.07869040183615847,0.08850335567256067,0.12162901390047691,0.062046327803848056,0.1379765212038325,0.15053500027692557,0.12878676642428155
10570563,0.1284590577973333,0.07058929083911165,0.041142844479421015,0.06673896868235875,0.03583315291173528,0.059186500495660314,0.30848763986157884,0.14584603990003228,0.1437165050327687
10570908,0.10618039525624366,0.04578990386019142,0.03215429601168589,0.06733573477323729,0.056497360874307866,0.12765545200502135,0.33189087824885966,0.09984589308707681,0.13265008588337598
10570962,0.1175182185261031,0.1120459316044159,0.13447755729057245,0.09065933144720623,0.10025696335827468,0.056030243189249346,0.10016979784325074,0.20118150689618067,0.08766044984474697
10571126,0.20881217455578857,0.06061034137840254,0.11718009047071377,0.08503928693398577,0.039359122754455744,0.027130079106334342,0.21353391005797498,0.10163912397409154,0.14669587076825275
10571129,0.26334218060959996,0.058883702780833054,0.057196799604575084,0.16801935346957098,0.0842437852372791,0.07060635555362418,0.016814981481567428,0.16504011885623981,0.11585272240671042
10571130,0.18342185289284535,0.10050379831988103,0.07896241598615256,0.2064491924330933,0.08197331560223098,0.04278082224900602,0.023130167146945255,0.17860168711497518,0.10417674825487018
10571150,0.23564158556275508,0.06932617861314953,0.0771207962915919,0.101422127601733,0.11673398133952982,0.04631984966466783,0.10971814045701284,0.09480391185115582,0.14891342861840418
10571157,0.2484993008462995,0.02217252396000677,0.06445215472979207,0.05365768043793556,0.029358007788583364,0.05054168778222791,0.2971953347217924,0.04317844094356761,0.19094486878979486
10571249,0.09286180115944086,0.04439570562214951,0.03718052160555291,0.04487002531776784,0.02760126280258825,0.17579192943402322,0.3370231528709844,0.09125892770528238,0.1490166734822106
10571563,0.08912188917104462,0.2065996240063824,0.09113701931492707,0.0949038154930944,0.16177125761778657,0.032712929549853574,0.08762151392711423,0.11884667826328477,0.11728527265651231
10571600,0.13632132725286325,0.1224078927068779,0.02116387269870451,0.05359774444169359,0.12246142674860543,0.19842542825049392,0.12759115507207966,0.08090754877162613,0.1371236040570557
10573894,0.12113365894631213,0.05692771615512792,0.11263260466796012,0.183132903247934,0.0459120134252482,0.0755890860677161,0.11986846746640693,0.17183873066009048,0.11296481936320413
10574347,0.18625543248673115,0.09862175785384998,0.07982677750843041,0.11468362864325064,0.048890749606417185,0.046995672891538144,0.17787832764756595,0.12285536506802044,0.12399228829419608
10574370,0.16602935455323975,0.04430939329166241,0.08854773687803306,0.11972066747114804,0.0509604521619578,0.07601466073918846,0.17681977333714854,0.12110276798831025,0.15649519357931163
10574372,0.21637477910131717,0.06325939061266515,0.07684986768233126,0.053999722931063664,0.034438958861220365,0.05165496313943084,0.2769603874576488,0.053317426402415755,0.17314450381190705
10574408,0.1782473109403471,0.09735459889812702,0.07815191038836243,0.16502663329118014,0.1300456326223428,0.043179678457383,0.0316342718603115,0.1711041423388689,0.1052558212030771
10574430,0.19290729485754582,0.07827103141918643,0.06214211571992712,0.09217757647577221,0.07858223536735927,0.04536630066724851,0.1601182529185705,0.11713003941146113,0.17330515316292902
10574439,0.19410227237678251,0.0677570870771068,0.06044096791077717,0.12916302931357154,0.025102732482455512,0.14674656309841605,0.1133578276358435,0.14543792460574212,0.11789159549930475
10574456,0.19525265669339462,0.10580728715675893,0.04924286708778509,0.10695568521754761,0.09604206823389941,0.06647178639001501,0.08652171563239337,0.09836569970538832,0.19534023388281754
10576038,0.22416081488612133,0.07086331295474696,0.09715959151546293,0.10995001459341543,0.12756866415899049,0.027196245295376016,0.12473091398843053,0.1244611133273843,0.09390932928007215
10576770,0.20249641073171595,0.0445449557932455,0.05672185598108232,0.1666537914785035,0.043520724284483656,0.048280762624987074,0.11745043144996224,0.15645371231022379,0.16387735534579592
10577118,0.05399281150809959,0.0573103265178251,0.12039846839482136,0.09427134390450077,0.06144233069531208,0.09524428766467499,0.20904498939215566,0.16716938491309552,0.1411260570095149
10577354,0.21737869086984127,0.03576600214692586,0.12546250093334568,0.032995493671391776,0.023947642783564267,0.06223723818866958,0.3379846609866095,0.030834607845005055,0.133393162574647
10577622,0.04950573901005131,0.18111997520345693,0.05658805446373324,0.10840840236214794,0.03804665805582651,0.14747415986206563,0.15887152428539517,0.1191477956772977,0.14083769108002553
10577723,0.17126775613685952,0.04091372746243533,0.1153013274685258,0.07492299788367145,0.03865309211449628,0.08165454909701472,0.21985375200799154,0.07417004204656857,0.18326275578243678
10578130,0.201379924676191,0.15015099906678955,0.07057005243472929,0.11358420767100774,0.14231756643351015,0.02336309481980282,0.10127426882392909,0.08698488988084788,0.11037499619319252
10578295,0.11955544650127843,0.13630467343808378,0.0399364561626911,0.10660952105165467,0.06709088909782089,0.07472882664966422,0.255005491720431,0.09054103781060652,0.11022765756776937
10579132,0.07926426204003888,0.16417238771026532,0.06037445268711062,0.08509344930311412,0.04720889673141627,0.06235301596293161,0.3177515954750239,0.06556691727711966,0.11821502281297962
10579372,0.05658015422778181,0.07678657184063845,0.11104942662452529,0.07191964871245397,0.07427373050359838,0.07161813088636922,0.41064616902387585,0.03202193857069111,0.09510422961006584
10579452,0.032611009885529035,0.07745985689797735,0.03305306620894025,0.20991921364973137,0.1865238031396679,0.21497216663112384,0.08501597226226094,0.11641062537496495,0.044034285949804304
10579754,0.04015853561286867,0.06494786665534574,0.04602859487188974,0.123398524189417,0.21707835598441474,0.21286349808738922,0.08317048748789511,0.17975928264337082,0.032594854467409
10580098,0.07470772969914764,0.06393353800410287,0.0969454495064371,0.03597839972302512,0.030569455820916948,0.26118426150260865,0.30897283563298655,0.10917964725050608,0.018528682860268892
10580150,0.08458435539821213,0.07040815678597352,0.05313401480760759,0.15115511647876304,0.12815592143117413,0.09376726031906986,0.19765814042316662,0.12475424040919718,0.09638279394683602
10580642,0.1412453470624889,0.10157508893232163,0.07047330135826976,0.13670838425406756,0.06370848884216307,0.15149095780116895,0.1069376943022326,0.09396377462848517,0.13389696281880228
10580740,0.15930488305594148,0.05929567851617108,0.06996585325155603,0.08028017305486633,0.04332042397423757,0.04788102594542735,0.2846072728904744,0.10710452925703895,0.14824016005428678
10580745,0.14094051614134667,0.05906430322096899,0.06230130824299169,0.07256486272326859,0.0430984545341169,0.038362005212135585,0.2976667252214435,0.1293688660068988,0.15663295869682922
10580771,0.12901311599782048,0.059878644748638445,0.06998705894058968,0.18018072558012987,0.04242521951904707,0.05336352703144016,0.1385685419100552,0.187284695847596,0.1392984704246831
10580995,0.13808862618536652,0.09404288266419121,0.12172897858284865,0.08676267774587519,0.06136197968263028,0.03318493348450065,0.18081340854414693,0.13292071827325072,0.15109579483718982
10581310,0.10614751363340715,0.13282166327201478,0.09010886203271296,0.09292387281723023,0.039484392490230266,0.054774316299335324,0.2983616269195122,0.060002639156394186,0.12537511337916285
10581368,0.18275046503399184,0.13002144788431372,0.0745519070046745,0.16804396896002785,0.12825649741274117,0.030965151835494736,0.03210731203934127,0.14881644947383424,0.1044868003555805
10582173,0.21130891749758282,0.15150836500674025,0.04859047526707338,0.08639834172640058,0.142309599191157,0.08624252407922452,0.11099589183746182,0.07872918543027423,0.0839166999640853
10582418,0.25527266490257533,0.11584596342646584,0.05788757621191079,0.09529991621240455,0.18213450026890046,0.06626431324927794,0.09356625550255658,0.030233508463867582,0.1034953017620409
10583009,0.05374649956703872,0.10489094530611212,0.08404417299095422,0.07115907742759756,0.09898878135698194,0.12625513369575678,0.34385939998572024,0.06794099702798055,0.04911499264185784
10583434,0.05291818256284804,0.18383471185554154,0.1330751376463298,0.18947131154873878,0.09246792138384283,0.031926883293920676,0.1382425045485862,0.0966575238849957,0.08140582327519628
10583521,0.052885116545268236,0.02645022621494818,0.03168227625423574,0.0637634133078417,0.0455650432141799,0.15638333832814574,0.5261212501898349,0.008541832139796812,0.08860750380574887
10584210,0.05857443771614126,0.042203382214328,0.11740077966351782,0.09187145901975736,0.03879445326235744,0.10036324994911161,0.34331381312709447,0.04282188520939848,0.16465653983829365
10584222,0.09168268808928798,0.04963286486773655,0.09844079190075936,0.05224798209198921,0.026017226697042723,0.12286745056837133,0.38881297542367693,0.06254419814445858,0.10775382221667726
10584314,0.16289757520814035,0.06751248758747337,0.12489661124470848,0.06358322206255572,0.05385692656704903,0.023857924345778245,0.2154580717986713,0.10260514643047315,0.18533203475515034
10584430,0.1777744250802261,0.08259896843842918,0.1132911288892521,0.0887412021616548,0.05494201211417097,0.013630882314118858,0.2538982989625086,0.08631780322008176,0.1288052788195577
10584519,0.08481138906029126,0.2439420093826432,0.10761240753699967,0.05875136632022339,0.07653130648312542,0.06833249137503206,0.14203578585097612,0.11597277661861669,0.10201046737209211
10584820,0.08584256315552326,0.2922194618984268,0.044668225535863235,0.05460258691713927,0.1769114556486171,0.16852750479635317,0.05548392875617145,0.06326325441818062,0.05848101887372503
10585136,0.033320256432732114,0.19823408955141164,0.10181932605840999,0.19382600973610742,0.08484734704314546,0.11553022407951881,0.11396294658304289,0.10760833301209163,0.05085146750354004
10586849,0.09327564057276581,0.10531792829796952,0.07276681095598257,0.16436442688811362,0.07580676475339283,0.1783944904364825,0.207936830050033,0.0516504498956506,0.050486658149609585
10587734,0.19227752309817114,0.06935835278455676,0.0554131054369115,0.0575635052433212,0.07206141411494522,0.09489837874254657,0.312895274011433,0.09468708500598257,0.05084536156213198
10587840,0.1149732894044307,0.11263260781553923,0.07796231157923524,0.14271771070999056,0.04959594259901342,0.12374137658611957,0.26711751034518744,0.05993345892682093,0.05132579203366295
10588529,0.2624980930007759,0.01985376149388865,0.05636397795835751,0.022784378190624423,0.01878040851934765,0.010083416695128392,0.39351244170015787,0.02528966083670368,0.190833861605016
10588664,0.24820348168342707,0.04037054708271479,0.07016756663872512,0.045131565962374796,0.03899572283772244,0.01125803105884392,0.31150288169162155,0.03607078024860111,0.1982994227959693
10588792,0.21388032352020575,0.04631933943281318,0.09540424999986423,0.041307218377587114,0.03431063772627071,0.023223415912679887,0.3071202125180965,0.051092270820091525,0.18734233169239117
10589349,0.1169794295225869,0.12419075535504134,0.09486036630168583,0.060554211956441915,0.06956327405551986,0.035846008335948636,0.22253233660097768,0.08280354762374167,0.19267007024805602
10589410,0.20165801984910237,0.04396743516693876,0.10044791300801195,0.15651446032979627,0.05931648545933108,0.029860557736560017,0.13733380071274698,0.14583318619966792,0.12506814153784473
10589411,0.20616306474029159,0.016305692711525346,0.07359146401110347,0.07195572866776281,0.05228102557627645,0.08616455236906446,0.21081959282100354,0.06120542309443661,0.22151345600853578
10589472,0.19498822779736733,0.08059377539177205,0.11141922533601452,0.0731468832415011,0.081163423875036,0.017215438165805636,0.17880534994720854,0.09045156715587162,0.1722161090894231
10589485,0.20243036756177243,0.032495798866132825,0.13686214806789157,0.1027215291197708,0.0860144950738026,0.026716319403919272,0.09675088902912751,0.10178227229957727,0.21422618057800577
10589763,0.03508970233471616,0.1321460060765975,0.06793368387269004,0.21013587705319264,0.10493100671516381,0.12837124415021242,0.15302570224541895,0.14090901223704144,0.027457765314966947
10590733,0.08770006401166257,0.14000479411830397,0.06109543160134298,0.22626809282929927,0.09633073094477967,0.14837696696626773,0.05907768160209429,0.16784747828490773,0.013298759641341836
10592587,0.25770590444811337,0.06316041468293546,0.08113368142638563,0.09855566870443032,0.15962821257614904,0.07316536470103815,0.09747707945587335,0.08115300582138109,0.08802066818369363
10592944,0.080689133449081,0.17041594900552562,0.062187093324963034,0.15252546550563753,0.1668804215257814,0.18278744243416573,0.035150804259215476,0.09859847601854296,0.05076521447708748
10595034,0.15862756302464368,0.11177815790688073,0.029456197664041377,0.09674286273668059,0.174680341603089,0.1298039938703684,0.08678867952074598,0.09133081524828753,0.12079138842526269
10596119,0.10792347901054533,0.11894904343849842,0.06008564276622269,0.05754770687939457,0.09213410531708394,0.16465609578258675,0.27058010805414107,0.03725237592673754,0.09087144282478969
10599481,0.033371574271553114,0.17003813805706272,0.02467183674239825,0.01865536611292189,0.053803006828745906,0.23368756396745258,0.37927250292400516,0.02141162154538405,0.06508838955047627
10599552,0.32632931724902126,0.04794301490793755,0.06909363818628331,0.05473185760956492,0.058713052263610545,0.07385140909861372,0.1719585264583248,0.0357967890884141,0.16158239513822972
10599609,0.21841934803926624,0.07365640626349627,0.12163430841010839,0.05272407445357767,0.02955485116721138,0.01910257128775632,0.22773514863108998,0.061168182921855344,0.1960051088256383
10599643,0.0845742458018322,0.050477419495566465,0.10385669724806207,0.048217035016676124,0.033638626057580084,0.1463391991265418,0.3704499077702819,0.02741734549432097,0.13502952398913842
10599718,0.20081743932574267,0.037098560436564024,0.07421186537831358,0.1302012788235904,0.08352626122542968,0.05521305092559125,0.12051408943848621,0.1228730123553511,0.17554444209093115
10599755,0.12834527264723444,0.026730709787896715,0.04310919333466515,0.14245767723031322,0.047200140707390176,0.09675574690358188,0.26998305489254837,0.10316452187153272,0.14225368262483726
10599776,0.16022969448017807,0.03386939801270057,0.06508545438692621,0.12838408066914112,0.02720958513916647,0.08577079551749012,0.21645808457462118,0.10594499632989186,0.17704791088988436
