track_id,Clutter,Cormorants,Pigeons,Ducks,Geese,Gulls,Birds of Prey,Waders,Songbirds
6868504,0.23352688742579536,0.14311326724450207,0.038642550187769506,0.19402080271054917,0.1481433803694696,0.08957314627451426,0.031406816723902733,0.0723238756414518,0.049249273422045506
6868536,0.26578482848862545,0.13037447876260141,0.04863967536181781,0.21041246197274682,0.09967331730181782,0.08694104318932007,0.03413177545784799,0.06458969618008337,0.059452723285139286
6868565,0.04815540697645197,0.15442783263755314,0.03752926255361605,0.27325573904407985,0.20883386688071215,0.12748789954196632,0.032595998690271064,0.0625781930051951,0.0551358006701544
6868861,0.03352326216660167,0.14872226472340871,0.019757333683321193,0.07061482890102497,0.5555137637967468,0.0783171744136731,0.020097220317786352,0.042218900383469725,0.03123525161396757
6869275,0.023810176840380014,0.19921166788874012,0.01923531385280469,0.06298936402764373,0.5076119786735275,0.07952998750532667,0.020220308576193235,0.056077822700919246,0.0313133799344649
6871418,0.03740964886846078,0.19145988689458482,0.050669897199721224,0.1359249610128859,0.06382510108302844,0.3218413867442146,0.04009804890892295,0.09173750404356502,0.06703356524461633
6872996,0.289838741575582,0.07263754923708757,0.0415630601007353,0.024306056564630907,0.07317232782253492,0.27797327372940045,0.05869374759142647,0.052632504504227365,0.10918273887437499
6873817,0.05223678787755842,0.12265246735755517,0.04127853836269346,0.04365403705008524,0.19602571224765777,0.36529855338837736,0.034796080798996376,0.08872709865232234,0.05533072426475387
6874023,0.03355105281854672,0.061676035872651046,0.039806778663378145,0.03761417776965033,0.03398882358464475,0.5599909283293693,0.05134011391403879,0.10349692209077085,0.0785351669569501
6875504,0.033498302157397776,0.09607327049154477,0.040155281425972605,0.03491408512642306,0.03361839175342736,0.46714953241257423,0.05686395550519817,0.06692741215031241,0.1707997689771495
6875899,0.019507970546987424,0.09725267046869568,0.031656850715238785,0.02390359576297472,0.0198362238822273,0.6187390854675655,0.0711349720453765,0.02862633200971797,0.08934229910121612
6877293,0.02501128481341746,0.11533013844405497,0.05642241492587512,0.02372736253419838,0.018943896938306698,0.09812629691318173,0.030388015821885404,0.04529738742973087,0.5867532021793493
6880408,0.0330963295321582,0.058857255383378236,0.04821160718629382,0.04994729588467567,0.0283441810265443,0.5383600809373298,0.050696661050533574,0.05102713127782582,0.14145945772126056
6880690,0.02374468828284016,0.023074158972634696,0.0312868891888096,0.058703842538454495,0.021929003533358256,0.5346979038271925,0.03381890262504805,0.0493136830145317,0.22343092801713055
6880833,0.03060832158422429,0.02776514621025013,0.05305720056632944,0.033870800286492656,0.02768839979480926,0.22023914257255123,0.09636349376966523,0.052353938659546774,0.4580535565561309
6880956,0.025421436049701263,0.028217702575136262,0.03211192267805878,0.025924339129680583,0.025586426493978142,0.6833516155462263,0.048708451006533315,0.06340508747340988,0.0672730190472755
6881733,0.018470626524661783,0.02068050723747832,0.01912719776541108,0.01667212882828609,0.015804314995940878,0.3509050863992673,0.48071700750316027,0.025101330556361795,0.0525218001894325
6885154,0.02965217253482926,0.03371817464483097,0.034102682477417566,0.04290498364995253,0.03179107934870391,0.5571020791146978,0.0617239610501348,0.050480904063410534,0.15852396311602254
6887294,0.025850611669106755,0.03004759301589638,0.03250796663708675,0.028188223529262074,0.029436918500676867,0.5754070362026558,0.03459124490752703,0.0485107325073131,0.19545967303047526
6887586,0.033339475485097234,0.03216656048318979,0.041200649919104285,0.042880271856523974,0.03002920786640865,0.3750096441679884,0.03455105811608831,0.05996855490865867,0.3508545771969407
6887600,0.0456266426552329,0.027340007433822124,0.03343918526339384,0.0358853466118543,0.023422698583490255,0.2895271855444074,0.03609165271329951,0.04299288454031586,0.4656743966541839
6887637,0.03912930412862725,0.08515438770473668,0.04507984629171452,0.11762951380079809,0.09918239565152727,0.34499604867192035,0.05052532666327393,0.05226292335087009,0.1660402537365318
6887702,0.1037915613679286,0.04827555984537468,0.05930658917798941,0.05165221145729224,0.027355602435682486,0.18382021707489776,0.08980536461493219,0.04827949542806924,0.38771339859783344
6888243,0.036349849134592424,0.05147787325732791,0.04191737616350779,0.0640666470060149,0.11484649879046922,0.2808148962108018,0.043001403342844684,0.05654137418915074,0.3109840819052906
6888737,0.028225949086427875,0.03625866362088667,0.034547742960640136,0.052687861055952835,0.028491000260107036,0.45942460831809173,0.03381451369240688,0.04715337668466199,0.27939628432082486
6889024,0.08453721148316817,0.023279412839644013,0.023341554011042657,0.01857828688237686,0.017798413907871128,0.13323079879658312,0.20619531451144518,0.026899579432395793,0.4661394281354731
6890285,0.08194652072028841,0.039988463886982406,0.0232705335515074,0.039454358511444534,0.021447634801585142,0.2926216461131353,0.3530169155458792,0.034399863817160245,0.11385406305201731
6890416,0.03868832743331517,0.03342647236298762,0.043779353464706086,0.0244757334472867,0.021714059009639092,0.2547772163173564,0.0498992219798739,0.05352437696118262,0.47971523902365243
6890579,0.021319353426211142,0.01949591847638709,0.052967279502491214,0.037414337414130173,0.018929126245766766,0.13524099041283436,0.07777642596027695,0.041333431814740695,0.5955231367471616
6890917,0.03135016995949101,0.018737423903066635,0.03935127800493323,0.019430179079047788,0.0183360175493311,0.15980639076722086,0.2495404259984088,0.05946163704750299,0.4039864776909976
6891091,0.06304836076549103,0.030433513418751185,0.03500376698658185,0.15970709363871785,0.07863018447552601,0.18900304674820972,0.03825989735956237,0.048747681024760146,0.35716645558239984
6891208,0.01851719230568353,0.019843994983855577,0.030694793648324708,0.018530602865039193,0.017969807855544064,0.13746343203677439,0.05003492524148558,0.036792244849695434,0.6701530062135975
6891245,0.02348603052928122,0.02154487920745255,0.06257007605476743,0.022121778438995314,0.020396248724835427,0.1640061541900563,0.1747681333418467,0.05492695710323753,0.45617974240952747
6891309,0.02380098489578953,0.025913043714622573,0.03838275365417694,0.02481459108991315,0.023824761671766736,0.1681238438590053,0.11707283687385199,0.04221896944538903,0.5358482147954847
6891366,0.05038156774900972,0.017265032716172784,0.034337965818731754,0.02072396573002249,0.0170543526421473,0.1342852651924066,0.07275429717298414,0.03183532381939429,0.621362229159131
6891473,0.027863065272863426,0.027660452551649322,0.048157829573768615,0.02787107732798328,0.027363580928792756,0.3804356864617491,0.041593670946753744,0.05111659742764324,0.3679380395087965
6891484,0.01808452142882571,0.02209091688915662,0.03171114984452674,0.01851251289765108,0.017362488812553444,0.14724051009197617,0.04316256739317912,0.03949199525653581,0.6623433373855954
6891531,0.051585193860759194,0.03405390576377258,0.0700548602447131,0.05136989326342909,0.028917536677743605,0.1656091495292392,0.28999910645653687,0.04608179694231126,0.2623285572614951
6891557,0.07925201972877957,0.022883278481631113,0.09705201848123501,0.02510995136883557,0.023845550019165086,0.1597913037450578,0.05882852750251007,0.07425566349356909,0.45898168717921684
6891579,0.019725896661211655,0.02557527803006605,0.036032856702276496,0.019650182378004852,0.019115887488820933,0.16497814730193483,0.17128080499722334,0.03893624122552088,0.504704705214941
6891867,0.1758347711017641,0.031565066658867616,0.0438275153960093,0.05858073152148215,0.02441110187145738,0.12680747632416728,0.29365500795448723,0.04734151804759782,0.1979768111241671
6891888,0.024123703818443965,0.021981057636392742,0.02918039847666367,0.05514270796472753,0.020364440647351354,0.1503022632035673,0.06483729372016421,0.04314346048863812,0.5909246740440511
6892297,0.04568998772825059,0.015811670799522653,0.03870637136364495,0.016489777598094904,0.016145426265752504,0.10255610492457135,0.21337996439707024,0.03230505081527803,0.5189156461078148
6892562,0.039275584679816955,0.031013896752305876,0.03859548905429105,0.032435730589721434,0.0289856153375334,0.2034798834815572,0.23997779616328802,0.07143377911915615,0.3148022248223299
6892587,0.0888770405274461,0.02777593388534938,0.04216595685927063,0.054967539602470715,0.030695264741876217,0.18808562544521262,0.15508877591363474,0.04387082356985149,0.3684730394548882
6894293,0.026139591517462896,0.39457993240777767,0.04080975389026324,0.07797552538399867,0.02881063231742641,0.2671964272794862,0.029623798764762933,0.06916094313571361,0.06570339530310838
6895609,0.024116210520128765,0.022430648185349185,0.05387261236949888,0.06552645806476302,0.021797100036001986,0.155069792888879,0.04386128492168132,0.05687044214034541,0.5564554508733524
6895723,0.028004364036497316,0.02656040231609406,0.04058368109731014,0.025645787180523176,0.026243855195363187,0.6313538217765028,0.0973041054292764,0.04268111063413689,0.08162287233429608
6895905,0.021654334227713554,0.022643896840635742,0.029522454240809293,0.0213681656653009,0.022629720938814518,0.576347182987026,0.14877125493437876,0.031296432447112804,0.1257665577182084
6895906,0.0381918758376678,0.03244425459681864,0.05849476637546267,0.035317488410797536,0.03012525627200876,0.4983998373936628,0.08346788830354002,0.04868183969736463,0.17487679311267718
6895927,0.02435605809587512,0.024450531461656093,0.047088896121985524,0.026279340667538693,0.021640080493783,0.7105715883563984,0.04821876633113992,0.0428142778427884,0.05458046062883477
6895938,0.012344330279444272,0.01280514295238106,0.015944006731054203,0.012321285441289466,0.012528463211372165,0.753538699504487,0.116753425807714,0.01703406824986419,0.046730577822393524
6895939,0.015731227794128076,0.01794473820707128,0.028145695355056836,0.01875848303586678,0.018496460452824687,0.6741008652058286,0.1345266803206801,0.02709110252436281,0.0652047471041809
6895948,0.020323634679214973,0.020882756115318358,0.029093901618234507,0.0202862257548889,0.030267845924836712,0.6893749043753746,0.09039818008810337,0.030110922874994374,0.06926162856903421
6895973,0.02293922811890188,0.024897395665551093,0.031544754260797433,0.025089660693603032,0.02299319631670041,0.6303155616999286,0.11903957721062486,0.0362230172533615,0.08695760878053119
6895974,0.016209594108588694,0.01804763648261363,0.024666635259111835,0.016832358821499305,0.022754191856568854,0.5656380957863277,0.15415763598589663,0.026340391220984895,0.15535346047840853
6896754,0.019622204938326622,0.022076007476029468,0.029519961477984885,0.019246609933765785,0.017901534568598967,0.23117561624007993,0.10982122071050271,0.03499477596604721,0.5156420686886645
6897915,0.038448780470541656,0.05852852747267708,0.057567169540194654,0.11188044925135363,0.03842114712991556,0.35063301754944626,0.0492066666519705,0.09759459900922532,0.1977196429246753
6897964,0.04890162064341603,0.04483049154770428,0.06137046042118392,0.05327646056997885,0.13896218126591436,0.35467820607886186,0.045562437381986814,0.08641564415665218,0.16600249793430183
6899282,0.046833376469886036,0.0176419703149185,0.04882512414480086,0.018278596929883255,0.017803866340224708,0.1353914308875152,0.07970177509786087,0.039180098767706485,0.5963437610472041
6899294,0.029607369324211548,0.020693151047657274,0.03095355464628998,0.020393592718757788,0.01727197445064124,0.11751695803060844,0.3721711200453523,0.03617141181338239,0.3552208679230991
6899376,0.021556068193260756,0.025537936371299974,0.034356018551816636,0.022654769182615647,0.01957884561542295,0.10942916197794265,0.10314946714024376,0.036190601892031646,0.6275471310753659
6899506,0.028516767094276262,0.02115699465833571,0.027184248170832648,0.018314952926312467,0.016007021173186222,0.2939180919008296,0.3550131337639303,0.02724542011188969,0.2126433702004072
6899530,0.05450490168729061,0.020335522423074785,0.03317428690510053,0.03549082226490966,0.018559153656341386,0.2101471270302802,0.027180909996426805,0.03293305192662468,0.5676742241099515
6899560,0.024725246343437552,0.01982272242704979,0.022845353998679714,0.02110383616931108,0.019232984360072414,0.39914508403090726,0.04998456914739475,0.03576515663360853,0.40737504688953896
6899670,0.04604216636603265,0.014649819305841421,0.03619526447234111,0.01591706354849491,0.014877999523884796,0.14239759243063577,0.03447351147425177,0.050864666583018955,0.6445819162954987
6899695,0.025428429001245624,0.018946844831813053,0.02881077774406928,0.018233897670855103,0.017959878902886254,0.19596588886979482,0.023984864203723182,0.03273081244929392,0.6379386063263187
6899730,0.03175534116291888,0.02782690686691819,0.040906427050387835,0.027146724874078425,0.02287326368298356,0.2587334325379587,0.05464384682757506,0.04420817237679729,0.49190588462038204
6899754,0.05286565600989847,0.022696831561590407,0.03320604921135434,0.1426857839500507,0.020912552014933257,0.16402021668998573,0.028019226837419326,0.05373359312165504,0.48186009060311275
6901206,0.02602256575411338,0.029609174674401856,0.07383820984889032,0.029228660900097847,0.024568067136969428,0.30159731972177667,0.24793598891683932,0.07677631801230297,0.19042369503460818
6902131,0.019922193893054493,0.023917529079507376,0.027633545582793684,0.022462133913210412,0.020551213780923228,0.7302488713999418,0.06540491400250158,0.04398037494750554,0.04587922340056182
6902271,0.0302782360588272,0.031510365532232035,0.03397278302552575,0.0362013751757957,0.03371950955543366,0.563657417926474,0.03382041668074084,0.061712456092241255,0.1751274399527296
6904326,0.06376388676936824,0.01693756384414103,0.033016648140705096,0.02717464959133515,0.016853969756992198,0.1002060033651689,0.03950722888988489,0.033371463578270893,0.6691685860641335
6908023,0.017932145644005006,0.02130147120192812,0.023324943312190163,0.09031489935579959,0.021068186004073185,0.7083431612242241,0.028734796131587637,0.038758827444230745,0.05022156968196144
6908625,0.02511153104638942,0.05746868027229315,0.03560492038072601,0.025309059788492246,0.026291138877404103,0.3308681042883838,0.13186866296102573,0.04529736489743943,0.32218053748784614
6909657,0.02564326066226692,0.01926965381784512,0.031285062475367574,0.019608209028370342,0.01835923083472656,0.15576008788717893,0.18743622199495485,0.04683140949489696,0.4958068638043927
6909786,0.05426923617800561,0.021026683133656677,0.03886451084021109,0.04052039349870877,0.02084793223772161,0.1639715520703903,0.09220415958545311,0.04203274749043882,0.526262784965414
6909952,0.035422960153826566,0.031402334901015176,0.01996331711890809,0.01920905945802041,0.015741813734054175,0.09314754377703918,0.1465444916026057,0.035860075601121096,0.6027084036534096
6910003,0.04402630851188649,0.023865120177931808,0.03753856357602016,0.017664231301800164,0.013198378011356865,0.07234229478344263,0.069158286477028,0.02863722147576727,0.6935695956847666
6910407,0.007082420160807752,0.00938109356432077,0.007186975803635668,0.007147256574397927,0.007941481815389862,0.9234272234855447,0.009461977369447863,0.013892293226190547,0.014479278000264693
6910422,0.06253178426543422,0.022320588711868424,0.04966854618232565,0.028899616284407598,0.021446038502752004,0.15386544085903986,0.16322958997631912,0.03878944052934355,0.45924895468850957
6910425,0.05259090329568752,0.014272680425629899,0.022127952453615714,0.015391033984135993,0.013560210921222402,0.07861007703795928,0.15485954359298892,0.026894327471578883,0.6216932708171814
6910560,0.03694326430719859,0.02832480606318768,0.053266979661347934,0.07260567354745283,0.027780896340808436,0.22422028391236082,0.05004026024828055,0.09327909608598114,0.41353873983338196
6910590,0.02500965512588863,0.013703561375198145,0.022547351722617338,0.01379993009162039,0.01295141367837147,0.0737288740763575,0.1573954971512182,0.026480149838111235,0.6543835669406171
6912744,0.007666554659249265,0.017021741808265347,0.008433036751923166,0.008185736936445379,0.008938569722090561,0.9018705239373297,0.011511548063836608,0.015457906902382718,0.020914381218477246
6919118,0.03539579729374365,0.03135700019121264,0.052510541389124185,0.03640871232014573,0.03243113745016698,0.4105206847096647,0.12267916957343065,0.04991864677602852,0.22877831029648288
6920152,0.024547032700090714,0.027201499193760765,0.048434020917357844,0.024524287531807125,0.02389307434019602,0.33599053346080615,0.11918546146767037,0.042417715177906254,0.3538063752104048
6925791,0.015169249431828338,0.023696512966447477,0.024316493990833292,0.019553867319455735,0.024691712482793747,0.7609321896440093,0.028403069071344968,0.028264242621165447,0.07497266247212171
6926246,0.04351092522481825,0.022388404022106317,0.02136598260918293,0.02435098646518062,0.02051192252918822,0.6359683146210529,0.1392246790670218,0.0314674164564652,0.06121136900498382
6928841,0.04223057784346529,0.11785982933382524,0.04400853158207534,0.15954780722455303,0.09532714608066843,0.2907022359852299,0.04555688333784762,0.11080749366826279,0.09395949494407238
6928933,0.01937418196446051,0.029765625997740276,0.02071973800626107,0.027835749244098283,0.021218864198699977,0.7325312721403121,0.05608659849580398,0.052079706518990646,0.040388263433633206
6937241,0.07738031091513856,0.02017884609614911,0.061001258636294776,0.08103964681294959,0.017675993352201668,0.15188813175456353,0.03236127880595291,0.06547218804819943,0.4930023455785505
6938426,0.01189206801011496,0.01448567891589039,0.013388845865631969,0.012404047611928853,0.01949028220865526,0.8443417452197641,0.04138173331087257,0.01776234928220592,0.024853249574936002
6938530,0.012384312474480904,0.03213497169838255,0.015180511226746452,0.016157920506506204,0.013329586394074033,0.8184060905178387,0.04473315469556076,0.022369612113053626,0.02530384037335669
6938682,0.01872290256127621,0.019033075799027348,0.02576070882498911,0.019384689977722483,0.017474399061277148,0.3613135561993189,0.2791629158713125,0.025229276356058976,0.23391847534901739
6939166,0.0070895682982935245,0.010546204352862801,0.007176007756638632,0.007431401756833854,0.011162401903100196,0.9172948209774348,0.013408626634395423,0.009011540066516019,0.016879428253924883
6939222,0.014760827705365395,0.019518563076145388,0.02239541908603117,0.01531761665380007,0.014818225836857801,0.2424576209884166,0.5426209250958237,0.02526255594173605,0.10284824561582384
6944591,0.02669162349369646,0.029392641449633806,0.1009952198096328,0.027870184326474794,0.02547669265882625,0.4565795179396093,0.12592050359113355,0.04135895040499039,0.1657146663260026
6947293,0.015922836437323302,0.03232463497052969,0.01832496480573099,0.016157671456719893,0.016795433508856795,0.7757026767202602,0.03146064434305344,0.028843434545595376,0.06446770321193035
6952804,0.025810094903641678,0.03177991477123136,0.02777368287562394,0.0265396886867466,0.026426022663414456,0.5849671798992647,0.034822325653307784,0.05558531375581953,0.18629577679094994
6975207,0.009489805104319977,0.010259714805951451,0.01082441019671366,0.010276098340111521,0.014106594190037288,0.8611064796502605,0.02170114569813195,0.023942072617216027,0.03829367939725762
6975472,0.012039128644543057,0.014377376561109703,0.014006268515237511,0.011839340668914263,0.01501372586934302,0.842858049938679,0.018208593626755858,0.02609937046269571,0.04555814571272182
6975490,0.008292816463823491,0.00829231921971371,0.007775036777392402,0.007487669890352549,0.009835143779030877,0.9086024005134796,0.013314446376923344,0.015857821467347682,0.020542345511936372
6976427,0.007318268281247542,0.00905715689243596,0.007922293359529629,0.007251136176886152,0.008868490547180422,0.9140103870202017,0.012990542333273103,0.0121878837189078,0.020393841670337726
10551287,0.03572927356502083,0.049044951550169566,0.044008583188879444,0.06549921337393484,0.03723071076723113,0.48826632724339464,0.11626428703387912,0.0784306627310093,0.08552599054648108
10554874,0.6641065092906537,0.047303250032583934,0.026207415164963593,0.016797604397618168,0.025923710797000805,0.1018086403535969,0.037091666589610495,0.02457115315928513,0.05619005021468718
10555071,0.04658557865109693,0.04239638771290484,0.0533773303092596,0.041564216587949246,0.04457443391478192,0.24353053436517252,0.10998003512926531,0.06117967023266293,0.35681181309690674
10555459,0.06019609671893117,0.057610376912483094,0.05296587667281623,0.060936379915640035,0.04344745091705292,0.28334617803090645,0.14852015254859396,0.1634733592281644,0.1295041290554117
10555968,0.08560601651587815,0.045623387165389585,0.03871964211271882,0.295196487594403,0.11097775760083231,0.24033942529009011,0.04245510851258987,0.06027528675447852,0.08080688845361969
10556692,0.04084509374430555,0.03712182134561634,0.04998395511708949,0.07342543837524286,0.033648682395607546,0.2548601770361697,0.08765194441513317,0.07003774075853206,0.3524251468123033
10557065,0.01623458516394432,0.036926518083822045,0.01706441867697332,0.020926498707291123,0.017373384296590508,0.787594845878754,0.01965692601373923,0.0364036050987868,0.04781921808009865
10557235,0.03135187405356994,0.04479223727417131,0.04479180694477186,0.07599922304179815,0.032120292302215456,0.5767360701344124,0.03968044578015229,0.05842772027628897,0.09610033019261953
10557310,0.03524380997158525,0.06380392825014829,0.05058929449873295,0.07760184267070433,0.1441901883447246,0.28020396808039216,0.055505751687282945,0.05291930041905783,0.23994191607737156
10557603,0.038759262315961225,0.05113149417502496,0.0461326483108254,0.0436546806613351,0.0378420323658601,0.47691816777309803,0.057029863601623265,0.060305450103130286,0.18822640069314164
10557649,0.01955630628956569,0.030726288203512808,0.021150826884684986,0.027710396440673475,0.020235366082027043,0.7606660331946715,0.028927819943042655,0.03747886037936547,0.05354810258245646
10559369,0.043530740686349115,0.06177928252099044,0.043001717308968394,0.04311217474365474,0.03772842242516529,0.5385391956437668,0.06787158147784166,0.05083138261117871,0.11360550258208472
10559516,0.017956474350269647,0.042307144609851535,0.034570764493353764,0.03282033650912642,0.04565897646747345,0.5935948152198878,0.10797318754352132,0.02681758127336096,0.09830071953315515
10559765,0.02132520547196052,0.06479275566763612,0.023737892939850163,0.022803119234427953,0.021846138808324984,0.682941941105819,0.0672978064938736,0.029686767339054905,0.06556837293905274
10559904,0.03977012640394997,0.04065909861791684,0.04609635051950497,0.060872727880440326,0.046221271596249267,0.4139959869871258,0.16848746408705706,0.060012996635488015,0.12388397727226783
10561136,0.04815330023746163,0.05331392820550177,0.04131264632057571,0.043554166110752225,0.044501709397005394,0.5383059188921555,0.045920738983456354,0.05510099543549786,0.12983659641759354
10561583,0.03715360899698741,0.04126249876352581,0.044246224131220376,0.037700430659703056,0.03452207223714089,0.5038500761928149,0.10371379928140241,0.0702356762373266,0.1273156134998786
10561870,0.012464219405715949,0.014081450084042841,0.012843522675403623,0.01282600776277804,0.01317689920135083,0.7854492142135077,0.09458578596237036,0.017569411048438833,0.0370034896463919
10562711,0.04002292922468283,0.047138611314356246,0.046363574635530404,0.09991743791467839,0.16623426507015776,0.34993946842438506,0.04692207485812773,0.07413886795882271,0.12932277059925887
10566953,0.023479449476278166,0.02794335593402499,0.03113908722179435,0.024081011718536577,0.023442967308597778,0.5667347092313587,0.20548253031261768,0.044732840410369144,0.05296404838642275
10567563,0.05661495483837422,0.052161257359239134,0.0420248633958777,0.042148516840229966,0.05219586277646372,0.340293786091023,0.11936419109997412,0.06071737884137598,0.23447918875744217
10568512,0.04810897360115116,0.0567655803294599,0.03794913346705425,0.04172371890077523,0.03014973802730525,0.24981095046737764,0.24353175165930993,0.06723842209852249,0.2247217314490441
10569249,0.03127584147334115,0.04662086212466433,0.03430008227366067,0.03397366534187849,0.03293748398233243,0.3664475852625334,0.20932605464682705,0.04790766773236519,0.1972107571623972
10569900,0.029008143288430537,0.30584626054734765,0.03123377986683501,0.11680756478498296,0.24244955532609103,0.11681081100511233,0.047266558758637923,0.04642691261458622,0.06415041380797644
10569996,0.03383642479176861,0.04632272508250899,0.034739350122722355,0.03830248844898336,0.03320211239056886,0.3631424278656326,0.22585278896945443,0.06290656214406184,0.16169512018429893
10570047,0.028345365840191143,0.03995921307037245,0.0380350902485912,0.05680549049747098,0.029039970066806354,0.5622242852886783,0.10788867802751012,0.060044292287633236,0.07765761467274615
10570186,0.0368651663558629,0.03897213017053623,0.03842092606485997,0.04544294328261402,0.03807321566056655,0.4028046446529447,0.16341334605787183,0.07198978299770478,0.16401784475703893
10570190,0.01693360342230917,0.02262492069238753,0.018496441448906324,0.019062243094463676,0.01774097950087101,0.6886151571519348,0.13392754284281216,0.03294567778903987,0.04965343405727556
10570281,0.02988427599051871,0.03530265357431399,0.03599652846244564,0.0391756046628094,0.0299617886740066,0.4034262020252838,0.23637509350453767,0.05759317511843163,0.1322846779876526
10570444,0.2623609937649782,0.03972423826865333,0.029013825983931762,0.10926979080449886,0.035586105413542415,0.23910523763461694,0.08854198488504852,0.08586663706431445,0.1105311861804155
10570516,0.03799114990480128,0.03498167762664259,0.0586974786478474,0.03758182167063884,0.03179501362120372,0.43410449009277424,0.11339886819447534,0.08582922866629833,0.16562027157531825
10570563,0.027500367799320125,0.03180378553674345,0.0292994904677789,0.03311076047254131,0.026536313635206123,0.38743791751767453,0.27724314181973586,0.051308023252494075,0.13576019949850568
10570908,0.0234410266147917,0.024714572693071375,0.02449099350468061,0.025495811995422578,0.023515229593566625,0.5232339234363877,0.2167553648728248,0.03910311201584325,0.09924996527341134
10570962,0.04303383681001997,0.055595277526664356,0.04770164327099642,0.05778951234812128,0.03832272750588596,0.37677334780580696,0.10639068788718349,0.14010754235905526,0.1342854244862663
10571126,0.12146811652875947,0.03142083182280077,0.048745303182617016,0.033341343517387975,0.026611541899531493,0.2933189521051106,0.1207312560382107,0.06169984577102219,0.26266280913455986
10571129,0.2007255413434335,0.05198318703688489,0.03664498926836944,0.05504663210624987,0.032472499883016856,0.3370522544333593,0.053382145793529366,0.04921891255006167,0.18347383758509514
10571130,0.06071780655064505,0.1086489727752407,0.043750173162118274,0.17892879311544121,0.042605375687254136,0.2604625084197381,0.06593403488997851,0.08834884029475579,0.15060349510482823
10571150,0.19131977885586574,0.03340745881673489,0.04180609794157,0.0317698323772774,0.03183092763522828,0.3506481212351863,0.06442297333949543,0.04742909247258499,0.20736571732605694
10571157,0.07790666807158282,0.02466204769737703,0.04364455469430178,0.02831276006319458,0.024921687152190782,0.28805731096454207,0.1921915918232405,0.04731169821713768,0.27299168131643275
10571249,0.02331578077154399,0.03933984492056489,0.0261628855677093,0.031466524528968046,0.023573653255758036,0.48452129295961227,0.18893461228931036,0.055689385642133625,0.12699602006439953
10571563,0.03983322774337563,0.16877641084579154,0.041923840217761986,0.0477232948044782,0.07225269578490574,0.3220924094857619,0.10372246332275784,0.06279355462078959,0.1408821031743775
10571600,0.03291882638612314,0.033742719620073115,0.025427799725616256,0.028264869540899996,0.023943770552724442,0.6151061610004337,0.06865261021172404,0.03043816684645963,0.1415050761159457
10573894,0.033357322821381076,0.05036044215353169,0.03936078230236191,0.06056247870107219,0.034866197352957026,0.543257302509848,0.04523833856737998,0.06217897529308688,0.13081816029838125
10574347,0.08114783259917781,0.07613743381421506,0.04381405716707227,0.03784788269424417,0.03516390376576985,0.3965794688039663,0.09901399895737088,0.07065403185582167,0.15964139034236194
10574370,0.031849820033338916,0.032644629587236115,0.04369317085364815,0.03742151478121475,0.030690429488708277,0.44923249164478046,0.09942390153429578,0.054676821515226695,0.22036722056155084
10574372,0.04763698255335924,0.037962603205883856,0.03950708213559613,0.03230292241760383,0.028033502763541895,0.34820101432325323,0.17931405362270364,0.04489019372273672,0.24215164525532157
10574408,0.06646107816108834,0.06532441739875235,0.04090711316624406,0.08832512057689995,0.05464875126345111,0.3746592545603748,0.05127606604876678,0.08255309432757844,0.17584510449684418
10574430,0.0519084859875004,0.036470545046566216,0.03903317090276841,0.0350560992418526,0.034135269029459465,0.4056434722800543,0.08852671136816549,0.05866307119383596,0.25056317494979713
10574439,0.034822500419683856,0.05986496708165875,0.033770556139540706,0.04688183284115992,0.032489258135849686,0.5028495622686442,0.06087129442318778,0.053837041329311185,0.17461298736096392
10574456,0.048061256756739265,0.05563612992198563,0.034437167099613454,0.04475269741917336,0.033970108915691175,0.4702670780729126,0.06386344733983537,0.05626799232939121,0.19274412214465791
10576038,0.25010678557888893,0.030256979078334773,0.03351975552854751,0.035951879566779164,0.04132698757875261,0.3485131230518936,0.08442395011918784,0.07134671295879726,0.10455382653881835
10576770,0.08361397203279994,0.0407732247521471,0.035683356205062564,0.06828035782788033,0.034830424861811926,0.35117478558197746,0.08819371124761519,0.06146602183709295,0.23598414565361253
10577118,0.028573917326991615,0.030836575377143727,0.04361666569008311,0.03148545523983064,0.029197087172866353,0.538063637862464,0.11890385824495023,0.04840079694780046,0.13092200613786983
10577354,0.07629017823111184,0.03301553730689812,0.034145045796005476,0.028617116593172887,0.02690812394493458,0.39055620568931343,0.2189126699116739,0.04627378117797869,0.14528134134891107
10577622,0.028281346918619787,0.07016901922065262,0.04694415922043539,0.030718159429587964,0.028487087143973782,0.5532836257180846,0.08878111895723226,0.05196915001853836,0.10136633337287519
10577723,0.03517581086765572,0.03035244876665255,0.03737094799947825,0.03504863432709939,0.02985249331409411,0.5538719364824022,0.06873334546306616,0.06128419216805796,0.1483101906114937
10578130,0.22805097422431628,0.06626023658047955,0.04408207031594714,0.07567243271488074,0.04593531225016596,0.300033591441324,0.04517655984287005,0.052713937163303096,0.14207488546671318
10578295,0.04318890925194233,0.05542275086457821,0.030094309538211995,0.04062766115864429,0.028215177255811064,0.3386888567742643,0.2662671673121639,0.04005376309126093,0.15744140475312302
10579132,0.019029217091357697,0.031241244287963366,0.021121677504786156,0.02125208046955377,0.018980330735033326,0.4167188607931533,0.31343974388356066,0.034419223025480374,0.12379762220911142
10579372,0.033994655075923245,0.04031639978910597,0.0412033605542423,0.044020276106907036,0.03409722733179865,0.37867724495800037,0.2623150841176253,0.04354953672350119,0.12182621534289599
10579452,0.02764656886139492,0.03211213459402132,0.028025290448521135,0.08583039020376795,0.028388804051948168,0.602053923445293,0.046028233407199345,0.0522597676727826,0.09765488731507173
10579754,0.028024499349057097,0.029636253218464866,0.029629696606258527,0.04062115860872585,0.031035965149540646,0.6136594349784164,0.0606348216949924,0.08861753890136229,0.07814063149318187
10580098,0.020335943527731527,0.04112860551559397,0.025241768595896302,0.020802738233364444,0.020364464380171973,0.7216233396239323,0.07358311544566408,0.03581662628473807,0.041103398392907255
10580150,0.03656513672737488,0.051886522943927996,0.03939429979459929,0.08581511830156022,0.0416237204690475,0.3938060140028453,0.11053206670495212,0.07388369484961047,0.16649342620608223
10580642,0.03000382922999985,0.05318525101307821,0.03511699276425883,0.041320379056115464,0.03001577233437288,0.49199524065141365,0.11809521331962332,0.041301336558615745,0.15896598507252216
10580740,0.027981491078860755,0.028638032090982042,0.03628146838951033,0.02950251045097916,0.027670935997565836,0.431972168660861,0.18578708204643513,0.051620902229839574,0.18054540905496613
10580745,0.030575835848226894,0.03143998294665258,0.03428616793861609,0.037466488981003625,0.029409507062079704,0.3575543106432459,0.25031577077525047,0.0594414688033897,0.16951046700153505
10580771,0.04000860464024904,0.035200824655288024,0.048083285560499164,0.04994192124819874,0.035609782291067024,0.4268058441371473,0.0891915333088831,0.07292298619508367,0.20223521796358396
10580995,0.02977442948645208,0.03282271771797934,0.04076768973377748,0.03498624592876447,0.028287220704527168,0.38936743682056696,0.1686266745961689,0.05435327286882382,0.22101431214293984
10581310,0.028669356444892775,0.04651571679584281,0.03292001612258895,0.044673239397846634,0.028548436346399524,0.38261117703730796,0.19651666226758624,0.05577898679040866,0.18376640879712644
10581368,0.0909350028116003,0.0769910613165383,0.05922425631856817,0.08998947312912739,0.05195545335984116,0.2978178339363749,0.04520926633034119,0.09502473620141548,0.1928529165961931
10582173,0.07170208995721745,0.0577405876469699,0.031566125854529385,0.04074942563227747,0.03607171832655799,0.5157352624066085,0.056104157307287225,0.07544864816032057,0.11488198470823148
10582418,0.15696174001502317,0.05563280286565755,0.04915230017889873,0.0671179500402429,0.059335879809832036,0.3151988822930646,0.045722266480905396,0.06615761898997231,0.18472055932640327
10583009,0.0199558419090334,0.03173725171951213,0.026760669519421944,0.021394024696894283,0.019910208475432838,0.560572146500373,0.21890959184935674,0.03553390349236495,0.06522636183761073
10583434,0.029777299703356908,0.16615705527722907,0.04471061362137331,0.11070803240722968,0.028226317459822868,0.2835201003058494,0.15503926244740368,0.04376872731969765,0.1380925914580374
10583521,0.019331814880743693,0.02093450240445384,0.025348600333584992,0.020481703056598473,0.019363967822229107,0.5204170576510325,0.2841065149874234,0.02596326721534904,0.06405257164858494
10584210,0.02515290474255095,0.030282422811056177,0.043849588156141664,0.045527696588359874,0.02516918598547373,0.5089988978865583,0.13303662472270356,0.05459027008625418,0.13339240902090152
10584222,0.02172714130976706,0.03779960761667713,0.02693734740664579,0.023511296060574668,0.021097696565992596,0.5633614434584924,0.17180723533713374,0.04204452177750171,0.09171371046721499
10584314,0.03146920189668318,0.02658520996193417,0.05375771284673055,0.02828668870145829,0.0263201544922197,0.23163691352383703,0.12168337052854236,0.048459038750583175,0.43180170929801154
10584430,0.04696506941716624,0.03249415986425804,0.04373821397004811,0.036958645213524495,0.02641397996275116,0.24134106540492697,0.3605400572740902,0.04766730208406248,0.1638815068091723
10584519,0.03076063952911881,0.17192041156999377,0.04605244886898868,0.038042328849102705,0.03541650825662761,0.4261921167894586,0.07284673069196934,0.05233558693643484,0.12643322850830563
10584820,0.025270723674105537,0.2978939714372838,0.030468493001327125,0.028418639812188895,0.05316508717850891,0.40061893913713353,0.04799175530186705,0.041365020619717974,0.07480736983786722
10585136,0.03238148248632296,0.06355654142459002,0.054344633539237186,0.08717572525300812,0.032482734662429257,0.4628076826070293,0.11873485095065209,0.06085447474056932,0.08766187433616172
10586849,0.03233438593770782,0.09811739557927873,0.04305816497790477,0.06666943544732308,0.03822895573125837,0.5029667272337015,0.09031221115922913,0.04463246594164205,0.08368025799195457
10587734,0.03636773084952136,0.044562348375663016,0.04430490599528979,0.045303374732770865,0.037427132676385554,0.4463528318276146,0.21373607212955573,0.06108878874036934,0.07085681467282975
10587840,0.030507555022247845,0.0504621417427266,0.03485013061851906,0.06858420662900935,0.031129391451395778,0.38527885326730654,0.26452038729885496,0.0556348318858814,0.07903250208405843
10588529,0.12373327494063897,0.020586909923708773,0.01870491270785397,0.015733011182434448,0.016035950957143053,0.09650266022300906,0.4473860012152717,0.020369850810667146,0.24094742803927288
10588664,0.17634565294182697,0.02176799065385026,0.03569182446448956,0.021099789589887875,0.02075082594606653,0.12473800432636917,0.2673506330539966,0.029937410824962214,0.3023178681985509
10588792,0.060700392028050054,0.021907903908018743,0.03383822010074653,0.026714012629168456,0.02005064636552418,0.11172219390611411,0.4035228263275127,0.03585666140129984,0.2856871433335654
10589349,0.0346845483628039,0.03382706206619971,0.04101610514662457,0.025640291625992396,0.026351285422932653,0.1474479258686552,0.2390908252084226,0.05011386705089196,0.40182808924747704
10589410,0.16281953380859626,0.03471358544251804,0.0377672473777673,0.07931868484635997,0.044589189346203505,0.23919296871994558,0.08408290062319677,0.09068009707044293,0.22683579276496965
10589411,0.022334872063588224,0.02340592722808104,0.03298175770096464,0.02707074542453903,0.020854399465248592,0.23258123716498275,0.1811749620307847,0.04396120572481308,0.415634893196998
10589472,0.05267614494426957,0.037732719219702095,0.0419173417708764,0.024881099980092254,0.019808845757765575,0.12529088967829308,0.12893049085469432,0.06988676976153083,0.49887569803277587
10589485,0.052404472935883684,0.024891772878184233,0.06486217177266729,0.03864132396710239,0.02465710898552294,0.15936675445470655,0.05532978609749807,0.03838723717960107,0.5414593717288338
10589763,0.031657125876404846,0.03898746913835484,0.038546307141511624,0.07208277525150004,0.0320870585029478,0.4609296701226045,0.14556292881760505,0.08616041441532932,0.09398625073374199
10590733,0.03942812843748314,0.0953189568426528,0.04371410539595827,0.18699152432072563,0.06296738590552103,0.3311752747285303,0.05723020290133629,0.07493866621788595,0.10823575524990654
10592587,0.32865067563208983,0.042774537101260654,0.03494988432183004,0.03919395793331294,0.04849007401822648,0.2553319210059894,0.03882248367279314,0.060898219381958885,0.15088824693253863
10592944,0.027135954493990533,0.04764740787504275,0.03042613246387461,0.04954712888885529,0.03256429800161849,0.5581018691070264,0.05666693671231573,0.0562586005126441,0.1416516719446321
10595034,0.03916003427335775,0.04655808486391573,0.03920531477556219,0.045862445980426894,0.07086578216311482,0.4822457917126348,0.06644472100769737,0.04911576003605094,0.1605420651872394
10596119,0.032359850864159614,0.04009155913276309,0.0352910802131257,0.03263257153789112,0.032785324801433,0.4922440924791759,0.1923860468057455,0.04816192109487802,0.09404755307082809
10599481,0.01697901014069215,0.057712838634977094,0.022240207896241877,0.017586909352716142,0.01733742419569151,0.7151861175974282,0.0814981310297338,0.025741952878374285,0.04571740827414496
10599552,0.1139093280124898,0.030015744545612955,0.034693142816488734,0.02752160371136394,0.026002987625049923,0.5077994213903584,0.058927048539571446,0.03866214662036595,0.1624685767386989
10599609,0.12184298320089079,0.023081995312505717,0.04491759119051009,0.019847099634330536,0.018612872287189875,0.1958178090226139,0.1723591782820344,0.038624035253335125,0.36489643581658954
10599643,0.02298491280494422,0.02938817959898357,0.030330196427811502,0.024534166602431316,0.02341875672339439,0.5370179180178078,0.21002370092129313,0.03401134271190489,0.08829082619142906
10599718,0.032020779612703776,0.03287111161413554,0.03856011752196894,0.038460238722756154,0.037068477767246005,0.48928395009875125,0.08468201033225531,0.05009028271569991,0.19696303161448311
10599755,0.02362414886821477,0.023200829262571252,0.026917081022150152,0.035651288974230304,0.023642256321931777,0.5749874410491801,0.11032028466388322,0.06269519241179682,0.11896147742604161
