track_id,Clutter,Cormorants,Pigeons,Ducks,Geese,Gulls,Birds of Prey,Waders,Songbirds
6868504,0.08935534079106373,0.02713585056578307,0.11477640103161121,0.16431554930374892,0.0626098403885235,0.424237508502814,0.007526727576920089,0.02677842420433756,0.0832643576351979
6868536,0.03974929263843183,0.034847167079678665,0.11199380081672199,0.13654597491672005,0.1502336731597255,0.4090556543419595,0.005853944036564066,0.02242858966489631,0.08929190334530217
6868565,0.00831012952029651,0.013151489062789295,0.07449840908233547,0.09646401174576547,0.19040056579413414,0.5454818298438514,0.0055284875426109045,0.021101679367015902,0.04506339804120091
6868861,0.0017519763838286227,0.0303471244834762,0.0027717076092778252,0.029696485292563003,0.7141977800507572,0.19620118706224607,0.001887487095159843,0.010751417685712604,0.012394834336978557
6869275,0.0011664622539591355,0.12064120673510395,0.0018632493105870164,0.02001507625321648,0.635247901666814,0.1865756894497297,0.0019264022742582377,0.01702656157812534,0.015537450478206222
6871418,0.012710736050783756,0.03683398465757896,0.1027087365519869,0.061200275770060084,0.22614490735032194,0.47142900698365714,0.006160843425974371,0.033909763108308046,0.048901746101328844
6872996,0.16541141205152363,0.002758072908747163,0.008360582851601416,0.002889288893156489,0.013809634437339438,0.5365270195293893,0.09584481043641206,0.014077636301073415,0.16032154259075712
6873817,0.003592274446986644,0.008006872540234557,0.005022599402816368,0.003933563591860238,0.06509709096511154,0.8720227088832588,0.0031638076191375653,0.009941949667566483,0.029219132883027743
6874023,0.0017621868648882732,0.011237409645018967,0.004132753211264143,0.0029313235421140277,0.00535922682716354,0.9174907493948874,0.015607459197090733,0.01441951889666635,0.02705937242090658
6875504,0.0031539974591674874,0.07007149298437049,0.010838299663782582,0.006948617298122429,0.006813933977583636,0.3339907483519703,0.01765159081958949,0.022935037954761046,0.5275962814906525
6875899,0.001219115134449993,0.005103488289656345,0.0032042326113730464,0.001435750902894982,0.0020877065784565053,0.8663114427597753,0.02906568322788024,0.0038681003180195696,0.08770448017749406
6877293,0.0272952273520629,0.00903034938784523,0.006427043976253835,0.006923718328599835,0.004632482439302413,0.13066977063483393,0.008800560423706954,0.018301240194972552,0.7879196072624224
6880408,0.003180987049178837,0.017822960038311055,0.00746860063202247,0.006560840879011984,0.003618500509645768,0.8200378627060086,0.02536961744633075,0.010628316936317255,0.10531231380317334
6880690,0.0013332157747619608,0.0014115720229149744,0.005712842811577112,0.005541624450342928,0.001135833821673452,0.868350230966157,0.0034442100517309442,0.005958513924243923,0.10711195617659777
6880833,0.004872633735999188,0.0030608474569400828,0.012028439747436878,0.003485286749194819,0.0028057388863427174,0.3571749490134797,0.06084122788748701,0.008274244303980717,0.547456632219139
6880956,0.0005457334433346227,0.0009022670782725579,0.001484826956379168,0.0006473409893337078,0.0012033882339531914,0.9698862210412639,0.011994092022676817,0.002607082222469891,0.010729048012316101
6881733,0.0014676319311141609,0.0022642602806238208,0.002584321379872671,0.0015066918337489862,0.0018507345683319674,0.5138474414351919,0.3988415235568223,0.003390210262880939,0.0742471847514134
6885154,0.004721078817891684,0.0021735354386172947,0.0017368009653121127,0.0018564841845828532,0.003263551119097613,0.9393569080001359,0.008296400937261075,0.006061168220162551,0.032534072316938806
6887294,0.00389785481751634,0.0022211657199826236,0.02331150799018667,0.0018071892104161535,0.0051458597008929964,0.6333178764083099,0.005002681469065205,0.007796683290303144,0.31749918139332695
6887586,0.010455442418664309,0.00399244972075328,0.034847616731581155,0.004887350194211165,0.002447643628978065,0.25209998796948285,0.006849703757796967,0.014954248141380267,0.6694655574371519
6887600,0.02838647033465431,0.0026662702559336646,0.032063958206968016,0.007614697402890927,0.002685343765986243,0.26973765280108364,0.006201750321532801,0.013459156893033045,0.6371847000179174
6887637,0.019203002216743405,0.031592170649738134,0.009132657931161378,0.012630961186826847,0.029732435117940124,0.44068078887450496,0.01465057986122933,0.01881887851219634,0.4235585256496595
6887702,0.07458002191460043,0.003818060011100281,0.024419467313637016,0.003388657044189238,0.0025346898832987047,0.10687672105211518,0.014122539196387446,0.0088777083264032,0.7613821352582685
6888243,0.004837782659371733,0.012403323086613635,0.011512490714575321,0.010302137902555806,0.01580739483448243,0.2274129434162088,0.009585326046633863,0.016291186582724056,0.6918474147568343
6888737,0.002812976582375821,0.009219813834818447,0.00858047816666374,0.006379466523182631,0.013855126275454144,0.21490298752590986,0.005806260379587089,0.012858824743386838,0.7255840659686215
6889024,0.05943963635781926,0.005212854114470755,0.014215551804420992,0.002359947678303124,0.0021694320616034417,0.13517517189059128,0.07307655077455943,0.005858147918243415,0.7024927073999884
6890285,0.0510951815998284,0.006108301079900275,0.0032559285402803083,0.003953500604529034,0.003736293323956104,0.5504733354339705,0.3117762322890683,0.008146679175556717,0.06145454795291031
6890416,0.011735324298600053,0.007055913885117078,0.01383878304294039,0.004024316051944352,0.0036994264484278123,0.7494763828599019,0.020356171005175148,0.0229040092683463,0.1669096731395469
6890579,0.01396732717600016,0.009093979503621018,0.0942712294141361,0.006936683846587519,0.0031754298009725674,0.18914549941617137,0.07461354498028014,0.010426842742403197,0.598369463119828
6890917,0.00975462386644459,0.0022952713711936524,0.008727058512094196,0.0022009315148713805,0.002437155278329793,0.2670133641681271,0.17994744760637213,0.013430824001357505,0.5141933236812097
6891091,0.04613893814704505,0.003886232872884014,0.04346776132363654,0.08687043225798359,0.06937703119025085,0.18473686663330596,0.007552138014062237,0.011615049070818576,0.5463555504900132
6891208,0.004316397798222769,0.0019447729814184647,0.0219712062887465,0.0016561186626894535,0.0016395636977501592,0.13811536749326342,0.008435741718161601,0.006105717758652297,0.8158151136010954
6891245,0.005347810345737507,0.002020106941288384,0.05609961078271817,0.0022874240746500176,0.001949417458779177,0.36551805551372507,0.09400716666387812,0.008746671464663066,0.46402373675456055
6891309,0.001893902124374639,0.0026001503763961277,0.004779723916380774,0.0023646191218053016,0.0019471428489960794,0.10669512150729858,0.06385464523182333,0.008938879193153084,0.8069258156797721
6891366,0.023428972293307516,0.0016367683229191708,0.006038286067819733,0.0017288965735008817,0.001538892242006697,0.239229077579807,0.021205591443911716,0.00443795368056875,0.7007555617961585
6891473,0.004914870766277378,0.0019255775576283878,0.03965425083672174,0.0025450579932516705,0.0023489263020530504,0.26687153571677114,0.009335455611245103,0.009780200351127682,0.6626241248649237
6891484,0.0024043589959087106,0.002725057472392456,0.01938015443686859,0.0015575324953563344,0.0016257445289986877,0.11307303714514423,0.007517271107819452,0.007499281738146929,0.8442175620793646
6891531,0.04938824163302806,0.005845253133401193,0.008560818047134633,0.00433076115186906,0.004209646270984738,0.1543195095553787,0.13228339530623073,0.009925870799855291,0.6311365041021176
6891557,0.10942594402033694,0.007167746480618004,0.17522958014113535,0.005242418782257121,0.004307715913096919,0.1892114695359771,0.014209087688865665,0.02129969434039812,0.47390634309731483
6891579,0.004223538987921567,0.004452489658780677,0.03332118034359098,0.0021605576061603923,0.0022401372336344717,0.1474593176397287,0.1002837109241167,0.007470766577695786,0.6983883010283707
6891867,0.22939133213981755,0.0036654231176478647,0.00869487602855588,0.006294830528883674,0.0033334802474687987,0.0923030267949617,0.18694486251827508,0.010287072685307673,0.4590850959390818
6891888,0.015622721230864714,0.0061572873395456616,0.016541699243692136,0.018720594630764188,0.005159180356189741,0.3066728780146158,0.03623971305637226,0.017320268214533037,0.5775656579134225
6892297,0.030452339792698215,0.0019107703925286725,0.00792991844299035,0.0022474101980254776,0.002069534090726645,0.14746075776323822,0.12327833228083991,0.009486064305488196,0.6751648727334644
6892562,0.009445430696627037,0.0058290124061071485,0.0056210240176833804,0.002693235315648053,0.0025837956978909484,0.3017416789325356,0.14082320737280202,0.01304852326709507,0.5182140922936107
6892587,0.04801512114228398,0.002377791214640159,0.00762014138321059,0.004508473744602287,0.0023497784364124243,0.11720517869187559,0.13694707286470115,0.009029206441410398,0.6719472360808635
6894293,0.0037563652423050755,0.36689171145856597,0.03102382447195253,0.06763625230892263,0.14512252750288096,0.18937151504000338,0.00500959611746452,0.046493551180669355,0.1446946566772356
6895609,0.004074310967406007,0.006404790760347301,0.060724681484572066,0.03701031511491687,0.004197164054213657,0.15947862765729123,0.01062747791699917,0.02600163677345274,0.691480995270801
6895723,0.0024368657551193267,0.0010365483354161668,0.010906720651843272,0.0007683210288509676,0.0009222548933001347,0.9396934970671271,0.0194204988782155,0.0025849844608469637,0.022230308929280584
6895905,0.0023159945056906634,0.001879273562834572,0.01858303074846116,0.0012045049539762085,0.0017312896311489283,0.821968070901703,0.08416006022340039,0.003901957567072131,0.06425581790571293
6895906,0.008820897434894174,0.0014257621870295847,0.03160245192321187,0.0013820259892314492,0.0016108887953937777,0.8730185406389774,0.011760125167738092,0.004355594587021792,0.06602371327650185
6895927,0.002861619773955544,0.0010191172157991387,0.014905743896184353,0.0008244398496106683,0.0010889406433778374,0.9524928927544216,0.007290606673469308,0.00263499014231071,0.016881649050870882
6895938,0.0017065243154520547,0.0011679448952694122,0.012827042878886377,0.0008465472198725763,0.0010162625621904834,0.8925007554764248,0.05584875667810467,0.002223506522214663,0.03186265945158488
6895939,0.0026517759658645453,0.0023894783022519748,0.021063665605450414,0.0016504940600471727,0.0023804278364328766,0.8539211126490086,0.06600648949842731,0.004739239087670722,0.04519731699484641
6895948,0.0010474836608429007,0.001375340236748612,0.0029708877479342885,0.001108173928346941,0.0014755757129214394,0.9211561604424283,0.03829294312613115,0.0030256031706985846,0.029547831973947912
6895973,0.0017167874846811266,0.0008959770306420575,0.015132201406958756,0.000995180599320601,0.0009297518174780712,0.9194418212561486,0.042519001007204425,0.0022624006151914233,0.016106878782375034
6895974,0.001203802156630736,0.0012175444464225637,0.006419600494302213,0.0011224431156462984,0.0012300930310109415,0.8337146962593149,0.07539800246262426,0.002583021744653155,0.07711079628939488
6896754,0.002477809886239337,0.0019383099511950067,0.0043088117158027375,0.0017620861660293265,0.0016575170192535387,0.2744044709845327,0.02181452335781698,0.0072515595315126415,0.6843849113876177
6897915,0.005081606803443714,0.018644234832611618,0.060621484432190384,0.05131947770942845,0.009980803958502548,0.265936544122159,0.015413448363274929,0.057151584770552766,0.5158508150078365
6897964,0.024735997547258366,0.008102504701077868,0.10200831978935225,0.0060120186597882805,0.022239569159415263,0.44345745808614384,0.010530454907385009,0.023277499477233246,0.3596361776723459
6899282,0.012163346380893928,0.0023691517639596537,0.010591453984163232,0.0023088120881530837,0.002485285686790673,0.5488546222791835,0.03758925656087715,0.009945739993553243,0.3736923312624255
6899294,0.012115137493603927,0.003865034079583595,0.005404218217760212,0.003950340121798637,0.00271021996895012,0.12655020383028742,0.35694553261271433,0.008818701271025747,0.47964061240427613
6899376,0.003976613446549981,0.006985396326220352,0.008833384514914763,0.002965122991969845,0.002578660273890864,0.1072975205380869,0.06778871910592574,0.012505229011143964,0.7870693537912976
6899506,0.005781201301233263,0.00257878734860321,0.0026962035620792255,0.001399500226499243,0.0016843798878490434,0.4870046882843212,0.3180211306949841,0.004435996732632202,0.17639811196179855
6899530,0.0408336117556492,0.0035374657346929385,0.008064945764829648,0.022059840058522583,0.002711346785457663,0.35513216954014004,0.00668631868760088,0.011783166651303509,0.5491911350218036
6899560,0.00313042500720601,0.002998450996547132,0.003982860285024155,0.0026603839679211864,0.002045892173116644,0.5338926077855681,0.02531873502674708,0.006679508625010079,0.4192911361328595
6899670,0.022603237686499928,0.0018008220974150425,0.006100073922513691,0.002334679932109525,0.0035431654203167246,0.4782897100533384,0.00840500000502275,0.013148996594677515,0.46377431428810645
6899695,0.004588942707743526,0.0035419243618933804,0.004301143101713692,0.0027691543814671272,0.0037917680228592592,0.3777565493123211,0.00470159439647524,0.007461857430590945,0.5910870662849357
6899730,0.00513281662682969,0.004248175265198881,0.0065439330450930335,0.0033583438686775073,0.004783574091656714,0.40603872735360247,0.029553546502934867,0.011091584450979878,0.529249298795027
6899754,0.02168264668809943,0.007704433111139311,0.012266235246582177,0.12879422299580306,0.008626115001484868,0.21602156391150448,0.0064087114773681095,0.03355048950181983,0.5649455820661988
6901206,0.0033866372727412745,0.00581989487853524,0.015622728878799674,0.004179477974199692,0.0035156496545948107,0.4227510443596973,0.17238466808919242,0.02288620129554285,0.34945369759669664
6902131,0.0009280365652541856,0.002305743834135535,0.002282219090133317,0.001137230510491167,0.0014328453783859995,0.9279179646523603,0.0433043843246927,0.005111774431488327,0.015579801213058339
6902271,0.0024040581924624532,0.004190993385804661,0.005024482323305922,0.004206299073580761,0.04626219230374914,0.37219149990421474,0.003889295528918637,0.012528096664731234,0.5493030826232325
6904326,0.0461631994611312,0.0019104923159048597,0.006676766178725496,0.004084095532106334,0.0017422221886787953,0.09080141684320986,0.02603142821910952,0.00707600301211538,0.8155143762490186
6908023,0.0018729563002843667,0.004622135348953274,0.00776932007201409,0.03364635182943607,0.004547554567088767,0.8814359334098851,0.007027912980189325,0.03266954938942246,0.02640828610272663
6908625,0.001499260030648777,0.0028462219738626094,0.0031352248884283867,0.0012377730985179904,0.0018125091517998577,0.8716668067058585,0.014278443061410476,0.004504982984983998,0.0990187781044894
6909657,0.004067869506887172,0.0028285316600373143,0.005734722146329989,0.002188910759784056,0.0022040182603288447,0.24611227864898383,0.11827605806753141,0.005953876137562796,0.6126337348125547
6909786,0.029578136923841324,0.0036598972362199833,0.011093274223861003,0.006290026317790449,0.003409884390325953,0.148224444274449,0.06755818027664715,0.012637593732384456,0.7175485626244807
6909952,0.010802971644028391,0.004072823571532635,0.0033380341238807157,0.0013358008634745135,0.001371450093106514,0.06768585161065444,0.046805252249370266,0.00621007940353079,0.8583777364404217
6910003,0.02742007933373054,0.001975411514795626,0.010467734095793763,0.002134901504479371,0.0018153313064433294,0.08947646569770482,0.041604823329716975,0.00781010648691257,0.817295146730423
6910407,0.00021117865425208547,0.0004948815701023043,0.0003318079597140738,0.00020537116533820302,0.00031317759229687543,0.9938854382787351,0.0007680644969028534,0.0010932507171468643,0.002696829565511616
6910422,0.020850853816328674,0.0034053119236028945,0.009102350797502896,0.003081241520895825,0.002137633755169664,0.1617369244058407,0.09957788654261945,0.007276949185606708,0.6928308480524332
6910425,0.03411647331537712,0.0015132476415598262,0.0036338178098046167,0.0019084898187189212,0.0015033631638495448,0.09992091002622441,0.16220844176014024,0.005029075563936869,0.6901661809003884
6910560,0.01029695554017411,0.004555478596974832,0.015620134483580512,0.02313458216925689,0.004594597204316088,0.27648952688959244,0.01722686262614103,0.038206517344836446,0.6098753451451278
6910590,0.008332440209360612,0.0018715102745304316,0.003301237457367366,0.0015535195528828274,0.0013639710674115926,0.06395872938309584,0.1013788224467371,0.004855746672614242,0.8133840229360001
6912744,0.0002271259608357507,0.001515639877618321,0.00035503944495823505,0.0002901439113173622,0.00044953175685898735,0.9913940095858121,0.0007559186305233348,0.002424205057948042,0.0025883857741278537
6919118,0.003288494913732152,0.002421895417623475,0.009245616159027095,0.002215921641419359,0.0022387145410799857,0.3487569501037499,0.057405002494862356,0.007899843898600524,0.5665275608299052
6920152,0.002838602502147951,0.004558600264486773,0.013414365210438896,0.0025861247995600405,0.002453179025339048,0.3517433285005711,0.04675749739729632,0.010675106948895912,0.5649731953512639
6925791,0.0004456588680232949,0.0008024143485075503,0.001393380771300491,0.0008020218184105396,0.0006467848652572208,0.9784364358337502,0.002723633319254079,0.0020655827030670636,0.012684087472429606
6926246,0.0048445368882788185,0.002729095198020279,0.00361078672358964,0.0016597922456153664,0.0031323704362386726,0.8351274730105025,0.025257667090982844,0.005770147205456875,0.11786813120131501
6928841,0.005159982597035763,0.015785185607089247,0.015623735544490069,0.1307210301691108,0.07868793369735214,0.5914471558938509,0.00881635907545367,0.07121633914100696,0.08254227827461048
6928933,0.0012877324759678482,0.002888683487686472,0.002627228913182586,0.0014055656582551363,0.003754004113326867,0.9196721576940255,0.022915100536263305,0.006564485418908207,0.03888504170238386
6937241,0.0762073903745741,0.0036569098048958733,0.0321734892618596,0.028888286197710306,0.0037562033427197355,0.16255284032288536,0.014085859845472498,0.033843040345962874,0.6448359805039197
6938426,0.00045231460563680426,0.0009007339602066448,0.0012054127794952846,0.00047383022354086774,0.0006401462744558045,0.9758491993674973,0.008088766244588212,0.0014497783036327263,0.010939818240946253
6938530,0.0004797994904258843,0.002237346674710196,0.0009137483940627973,0.0006531009235500455,0.0007769888480640122,0.9777297429575256,0.006703762338582886,0.0014733110635078341,0.009032199309570773
6938682,0.0018135429035618343,0.0015704774856666423,0.0027117688782839,0.001724494560822717,0.0017428538943329431,0.7279165168831021,0.12483379351616194,0.003775027658426957,0.1339115242196411
6939166,0.00027958648384023726,0.0007428449858332814,0.00041805078183922297,0.0003036196984705267,0.0003776028947088249,0.986620376569315,0.003592360754703567,0.0008611717267626963,0.006804386104526669
6939222,0.0012526839282542518,0.001839068376219035,0.002382753860377296,0.0013404209739252167,0.001320014691052417,0.4962430341335855,0.4536608722431546,0.004295806793356371,0.03766534500007539
6944591,0.005642417375732992,0.006134487561901927,0.018128219705431325,0.002908789969924697,0.003570851321644076,0.7937336729115275,0.0780560323233498,0.00794642152102539,0.08387910730946227
6947293,0.0008117404953145169,0.008150161112655855,0.00129751721159894,0.0009224143228776644,0.0012315971460139785,0.9652795484049654,0.0028840469958179645,0.003101742326341173,0.01632123198441432
6952804,0.004396473175696731,0.004110473299337778,0.017118052742615263,0.0029535973816657755,0.003771672924016675,0.7453481246380539,0.005614557220966427,0.00875844067218716,0.20792860794546025
6975207,0.0005011110455987744,0.0010052736036826964,0.0011256727382301633,0.00043069656644702145,0.0009556754043057083,0.9844078776415424,0.0021060731032999107,0.00195404600024964,0.00751357389664373
6975472,0.0003540285496443288,0.0005093656802036736,0.0005779193716943885,0.00032447545839801314,0.0005521898428487761,0.9889340360951759,0.0014674593753400775,0.0012527189583370977,0.006027806668357674
6975490,0.0002541734876869244,0.000321106159660551,0.0003336323453615775,0.00018816751646477474,0.0003086644816190151,0.994109924408695,0.0009933687650254864,0.0009409042601661296,0.002550058575320834
6976427,0.00016441491423014367,0.00028434535254591973,0.00025437618336176106,0.00015352034874205244,0.00023639372795078605,0.9949576059617632,0.0005299047776946883,0.0008644682701140315,0.0025549704635973824
10551287,0.002248242219466813,0.00412299392165745,0.004909953696601353,0.007469055392275657,0.0034049524290781265,0.8353510792764594,0.0697240399213918,0.012176003616320239,0.06059367952674923
10554874,0.37649454082602574,0.010971501656161842,0.008620379646168505,0.0033178401504829146,0.008340575902324013,0.28523228934475425,0.08432137113074467,0.009808210955325514,0.21289329038801252
10555071,0.006643280797644089,0.00904687364495025,0.00759370367086928,0.003882040559086042,0.004367788705720511,0.46793386941666953,0.04843190826723319,0.021205250790208307,0.4308952841476188
10555459,0.00970451512625386,0.014185520968391355,0.013280801752869383,0.009920681256405373,0.010425870351485598,0.6584603214778955,0.02896217203401764,0.17236517466893492,0.08269494236374644
10555968,0.015917024231516273,0.013823426355487996,0.007463965068546599,0.17240209834809378,0.13424446570366327,0.41486189214338187,0.0073045701426275745,0.06547465353503439,0.1685079044716482
10556692,0.03315825290059484,0.00961884324038341,0.01258607795924665,0.014836182096827438,0.006656740338574202,0.5726804576441249,0.04405278202917599,0.06085202655614713,0.2455586372349255
10557065,0.0005893496706696135,0.0027138313553434616,0.0007439539304197682,0.0009443719036247572,0.0010608951615299358,0.9768828091504419,0.0014742640083088448,0.005493146762887931,0.010097378056773918
10557235,0.0015955368269214682,0.00581418885048286,0.0038304452415241956,0.009302954631664155,0.004085210750103563,0.9261360913535555,0.004006767077264374,0.02448377030330754,0.020745034965176445
10557310,0.004194168452170243,0.01015385862332933,0.012092268374293455,0.00934649568174883,0.06083759667245918,0.615230751767593,0.008554374866344536,0.0257413243244274,0.253849161237634
10557603,0.006425976101081069,0.007884225731570289,0.006218922083383317,0.005670714117424832,0.006100166948403452,0.7868265195798123,0.017056374679658103,0.03624158942340037,0.1275755113352663
10557649,0.0007826436589569559,0.0039042220238462142,0.0014862863761140647,0.0018997138650426193,0.0035270345030949364,0.964446551327482,0.0018932894393819527,0.010120381739263901,0.011939877066817215
10559369,0.0030967892641548442,0.006660392874777145,0.005782876481109392,0.0035679718884221766,0.008931449303075706,0.8599426421867256,0.022041707480833367,0.012209777285704174,0.07776639323519763
10559516,0.0014622835767626595,0.006049141815719762,0.0034753408282538097,0.0023522768266201824,0.010354449406536561,0.9167013706626254,0.014080414467955516,0.006503572448647516,0.0390211499668786
10559765,0.0013430005869280535,0.009828880560820619,0.001983370855393638,0.001322956690594422,0.0016179484511308442,0.9292991569987941,0.017683002496652344,0.0067079622827791174,0.030213721076907014
10559904,0.010356811940688151,0.0066705620820506,0.006907459496815431,0.008594680508232413,0.015119025055468896,0.76503121366494,0.028743046767399354,0.034986130489049874,0.12359106999535537
10561136,0.015851574806001096,0.00924887592000696,0.005358991692901173,0.004761089504542603,0.012787632705899171,0.7991443888810108,0.01625303116666643,0.021159630781664204,0.11543478454130747
10561583,0.004450286016555496,0.0049725173479691544,0.004885066947388177,0.004315913607477349,0.0033136298586568225,0.8034060690178366,0.02598255194238639,0.02234970000227533,0.1263242652594547
10561870,0.0008157802846856549,0.0011220785504985782,0.001227761475662321,0.001080618534778187,0.001178140668753801,0.932157648084722,0.042929137808962944,0.004329262620398099,0.015159571971538425
10562711,0.0047044510330891695,0.008017339888451745,0.008261919897577658,0.02064165331137724,0.051379899881040525,0.6972979121730212,0.007354180459496863,0.07211814256238083,0.13022450079356468
10566953,0.0009497175451489705,0.002266850881914231,0.0021794713737181637,0.001035850322873086,0.0018618116257707585,0.8888509619668488,0.08507246369817066,0.0059815921306893005,0.0118012804548661
10567563,0.013894372359731474,0.01420945035515608,0.005691032131199421,0.004560954543450123,0.015772903275776677,0.74689791697348,0.049322982459571174,0.03692356625938713,0.11272682164224805
10568512,0.011725922867809832,0.0059882424671910935,0.009927873150239732,0.005353488987697813,0.005090020406085306,0.5832296012140984,0.1281790471696184,0.0321006900170399,0.21840511372021956
10569249,0.0018496597751495578,0.004829093372526945,0.0031698628326645092,0.0027891508727557936,0.002433022896003325,0.7787414423586356,0.07340410363635615,0.009813262352503915,0.12297040190340422
10569900,0.004214382592037868,0.3229617502147325,0.013605258750859089,0.06753274913391388,0.22513559847100567,0.19288667193419232,0.011014093020009682,0.02777411944215206,0.13487537644109687
10569996,0.003426247630434515,0.005280024613931544,0.00550431821232871,0.0036590134341263035,0.0037633636741583954,0.7492284626084865,0.12042767731786004,0.02195399286051488,0.086756899648159
10570047,0.0013546325743731152,0.0034804981132044686,0.002914535566647781,0.004328223804795956,0.0019470944726208428,0.9222678635641326,0.023756438501415178,0.008769709383891064,0.031181004018919007
10570186,0.0038994955891163683,0.010100793555722968,0.006231441434150322,0.004595621314104646,0.02054684685360737,0.7865839713436665,0.03897484880657036,0.030609627467850693,0.09845735363521071
10570190,0.0006826131983157918,0.001722783153395461,0.0009084328591826025,0.0008087516678817808,0.0009212660699973298,0.9468538470373626,0.03817211512906308,0.0030493186796516315,0.0068808722051495975
10570281,0.002515756271911936,0.005849915036667243,0.005744238068653032,0.004179961901025318,0.0032865063854116182,0.7718627474369355,0.1364896122707401,0.02214805450848418,0.047923208120171076
10570444,0.2823080355141203,0.0076430798497698575,0.005360042531076832,0.01913641104630048,0.013701966739305547,0.48170731315004967,0.024990036475386813,0.04259011082704928,0.12256300386694115
10570516,0.008803916509359322,0.0046957442451822425,0.00728912505531185,0.0036050875565555467,0.00940495606660461,0.8293970719536908,0.022605880998255785,0.02504821214691555,0.08915000546812427
10570563,0.003929691515866797,0.005403076398775448,0.00456338638662076,0.0037726991976602814,0.003172569500565788,0.7291898036011097,0.15647412461351518,0.025136029256833125,0.06835861952905264
10570908,0.0019960778946586195,0.002635912788577193,0.0024854843515726955,0.0019422988499850323,0.002164962437004108,0.8352064804821382,0.10166291181796731,0.009972054598419057,0.041933816779677766
10570962,0.006197228009873027,0.008265775419611097,0.009624178615956363,0.006143177129872324,0.005062027269929858,0.7648192478647766,0.03484159671245658,0.03864261713381428,0.1264041518437099
10571126,0.03915041053808391,0.008208541475384626,0.019123349545447,0.006439019196350607,0.005289439729993453,0.5613746733144239,0.1161953176745687,0.03186992399644257,0.21234932452930516
10571129,0.02880928457309444,0.004275785485747911,0.0046745601741008695,0.0077816493330864905,0.0068631241753610486,0.8338209106429766,0.008639445575190162,0.0185851495686692,0.08655009047177338
10571130,0.010972162889576332,0.010357325705850028,0.007581269215599301,0.03534714412897759,0.00824078156721268,0.8000765557851487,0.010445361681614085,0.03168600515849061,0.08529339386753054
10571150,0.14127531260232784,0.005482000163343942,0.005934154804647078,0.0038310525268382273,0.007034262284998503,0.6998129593277669,0.01523535621024053,0.017412479351728717,0.10398242272810829
10571157,0.04209799624548545,0.0030282378260881896,0.007085663485254939,0.0033687660609947544,0.003450106866135911,0.6324521527678735,0.11623161401175472,0.013206628601549886,0.17907883413486264
10571249,0.0017723414014149247,0.0031550089142508785,0.004037495771708986,0.002214615211833367,0.0023771257848059424,0.813664159611756,0.10994403397451306,0.012610347179116122,0.050224872150600786
10571563,0.003911668821066035,0.027508736838552483,0.00813543656377983,0.005830797590389186,0.030169347752444092,0.7153211361023557,0.02114138626608033,0.021703220447349653,0.16627826961798262
10571600,0.004028612841304598,0.004644734368719145,0.0021627866963002625,0.0017599402495608138,0.008570873466968401,0.9333275620793003,0.007964856954987389,0.008553156730571535,0.028987476612287587
10573894,0.0025765242808798105,0.004593360185162627,0.006636139436291874,0.0071077649552527215,0.0032504329363243155,0.8751068774489508,0.019730039782999927,0.02230255402500265,0.05869630694913548
10574347,0.01799714152993838,0.00768640197497016,0.007735640352533194,0.007427551639614205,0.004152502408300635,0.755037134802812,0.0490181878839698,0.028547919186523225,0.1223975202213385
10574370,0.005200211158184706,0.005633160341861072,0.009086549229693958,0.0061677727079094465,0.004617258523393028,0.7784436235456276,0.04151798240662478,0.020929961230651505,0.128403480856054
10574372,0.009163450104933298,0.004754384986326887,0.005488118428306887,0.0033186376545198877,0.0028228374094056217,0.7197393410919652,0.08693731611783025,0.013054844863942271,0.15472106934276963
10574408,0.016391786537641322,0.006644183361521139,0.006108101318985405,0.014184622708911595,0.012438498209851013,0.7749973233104476,0.011352292422851828,0.05307867122084314,0.10480452090894696
10574430,0.010523444752957571,0.0044638347690833784,0.005582764147013552,0.004881255293473906,0.003909166266182063,0.7414810909609844,0.0275285255408443,0.017087731124866324,0.1845421871445946
10574439,0.005146334470314142,0.005336450140946435,0.004029111683378927,0.0074001366521276885,0.0030275630306005664,0.842832392764343,0.015621026750653183,0.018591409728020716,0.09801557477961523
10574456,0.00471050623260032,0.00539816562182392,0.003018394301934047,0.0045196091332846255,0.009173068998720746,0.8480335916001944,0.0073878491771316845,0.015597389041157575,0.10216142589315243
10576038,0.09339531312764868,0.004579032471776765,0.00698766399266515,0.004765650684107163,0.009116225516353441,0.7358640236471876,0.02650697263483536,0.029860710236475234,0.0889244076889505
10576770,0.0296905249727634,0.004758127565822285,0.006561775665156912,0.01905887749773396,0.004378988467079846,0.6566127210929059,0.04917622357932309,0.028513815941474775,0.2012489452177398
10577118,0.0021729560573847517,0.0036968311177390757,0.006303252560388143,0.0026088025862329644,0.0030493374866359,0.8836186437829612,0.02396533011643602,0.025638681426725363,0.048946164865496564
10577354,0.011068259728778292,0.0032584673347632507,0.0051772110345462375,0.0020922819795843434,0.002488848018610426,0.7842546785785789,0.08252482682171376,0.00815212393356903,0.10098330256985581
10577622,0.0015734377170874725,0.007424397122444801,0.004073868700576227,0.002147945182847866,0.0025778094535244328,0.9158930090389802,0.011086308808106765,0.014281274849544456,0.04094194912688771
10577723,0.0022067741223902415,0.002682365199943107,0.004689681177826955,0.002500879827935715,0.002472643270413023,0.8388137097095948,0.015326163485848619,0.010168635136330631,0.12113914806971697
10578130,0.1306050866095322,0.01982159876911433,0.009329860093952935,0.007364262961387652,0.013712626983205457,0.6501899490887979,0.01662671040411869,0.02852096249235535,0.12382894259753555
10578295,0.006777468190520467,0.009450369218830367,0.004668696388955396,0.004714930946608293,0.004527336950023009,0.7969644085426419,0.08467969502136798,0.018058397939178274,0.07015869680187423
10579132,0.0015533162833926994,0.007091170898686538,0.0026154028563416176,0.0018087036502615586,0.0018603521280171668,0.8344497678740211,0.0993101830832774,0.009324239819523994,0.04198686340647793
10579372,0.0019953143973780755,0.003828413638631517,0.004964052904348645,0.0026740148039816575,0.00301657515739323,0.5913297645859245,0.26101393153812574,0.0065346143959503665,0.12464331857826641
10579452,0.0011733198452258155,0.0023081398465260748,0.00189988428562003,0.009774148907359483,0.006373088127504753,0.8964545014667527,0.008875789523332091,0.009595921400389083,0.06354520659728997
10579754,0.001528787198210594,0.0030912724043441293,0.0025100158368595374,0.004164652534939778,0.011308337148457723,0.9163559086588297,0.011858899594043067,0.02110353065345143,0.028078595970863963
10580098,0.000996999731237112,0.0024218086792773333,0.0018170542896764244,0.0008546030993283476,0.0010124585105606887,0.9422694642695519,0.03344839027226336,0.005742325703186892,0.01143689544491784
10580150,0.0017596998225314416,0.0038596577196616847,0.0033456644075293097,0.007249172234845216,0.003991267756743131,0.7977869815980557,0.026507603246764367,0.00955299918226199,0.1459469540316072
10580642,0.002840170742237604,0.006938654891759123,0.0044879424642249284,0.004635004760962466,0.006611161069324874,0.8917140433981169,0.013505472235302554,0.010320364892692196,0.058947185545379296
10580740,0.00397215979683574,0.0056843528668380685,0.00522589664488513,0.003327319190290344,0.0037568871819910394,0.7464639047649944,0.07750513246324145,0.01633339288645042,0.1377309542044735
10580745,0.004008483201861729,0.0054375169949419004,0.006297599359729011,0.004389081812037952,0.0038974465799611253,0.7013746277976167,0.14121109035810026,0.023850846247953094,0.10953330764779819
10580771,0.003808929055673622,0.007161198575688944,0.008600559702668797,0.011123687779598653,0.005496984521652608,0.7628079037777187,0.039232424080471055,0.03494826421651619,0.12682004829001142
10580995,0.005422353481194674,0.005293057459091843,0.009942358714541109,0.003967168144326001,0.003950534969474974,0.7739944531077969,0.054788499659728006,0.035236616731119184,0.10740495773272714
10581310,0.002650060495273767,0.007490850964504335,0.006392347841376005,0.004670874130863777,0.0032840464218200902,0.7136989240634032,0.10180339487592342,0.016662155782903122,0.14334734542393232
10581368,0.028702466965422314,0.018440104252819493,0.0063632139177936965,0.030204193427108172,0.013683974205736221,0.6734457928319567,0.010954658754468835,0.04262193028766772,0.17558366535702682
10582173,0.021598338743586767,0.012217174446223514,0.0034423345862351824,0.0035482241403007055,0.007685492211589856,0.8456068896104764,0.015385999966513764,0.026731579738482482,0.06378396655659124
10582418,0.016420719895618212,0.00918040234756341,0.006884623218459991,0.005387913799918398,0.014033412219232027,0.7728129376681097,0.02128803256588645,0.018629533011767573,0.13536242527344433
10583009,0.0013298321678973917,0.0027562311538293412,0.002750373592723586,0.0016508731396616461,0.002278433165797443,0.8656576712349601,0.06406776255414635,0.007880954300256612,0.05162786869072752
10583434,0.0033102113026464153,0.07407239374186526,0.01544302174450301,0.039403410844890976,0.00520889986253639,0.7270648837724935,0.0638223750446439,0.026831178615201234,0.044843625071219397
10583521,0.0007561439304580203,0.0011638942948301947,0.0014211576706403197,0.0009663680337425489,0.0010379325042120509,0.8960881588420886,0.08498038637998492,0.0031185828654322198,0.010467375478611188
10584210,0.0013907974832000059,0.002576596902678318,0.004588035888309696,0.002349278816521347,0.00198027994918856,0.8964552663961213,0.03816767712788425,0.009524662836889602,0.04296740459920705
10584222,0.0012955423923833487,0.0029614266697388586,0.0028910967698993458,0.001581121485770306,0.0015784590893054046,0.9034364355305133,0.04795711708793719,0.00968927712956449,0.028609523844887696
10584314,0.007974489991904999,0.0070017935160569785,0.010007205185139981,0.004019762778716539,0.004537229525118215,0.7013307032937375,0.06006575197797396,0.0316299495166474,0.17343311421470436
10584430,0.006434503315947105,0.004789083013586879,0.00962285644007437,0.005086956753862512,0.0037186543483598684,0.6852013453640302,0.15047550627777723,0.02564370688021004,0.1090273876061518
10584519,0.0038580887489520544,0.03140348758909863,0.009665245227024439,0.0032862513832457906,0.004249922707538498,0.7042179446694335,0.025470102658918824,0.02322753739561653,0.19462141962017174
10584820,0.0013355527599250689,0.02975963574978231,0.0020315481827672907,0.0011062548363029417,0.006736642368999446,0.9251458603338492,0.0030901592964796844,0.006010423347797696,0.024783923124096403
10585136,0.001659490937970315,0.011107048385244326,0.006483994458181172,0.013254673837109973,0.0027907276269015418,0.9054158905103433,0.022352569710510282,0.01778015549408385,0.019155449039655235
10586849,0.0020377752817264077,0.004196135275544995,0.004675286780974061,0.00915295137296587,0.0024521433766660048,0.9020898818957498,0.0254690178410323,0.0062380867293464325,0.043688721445994054
10587734,0.005931790518380361,0.011349588426890758,0.008908155225972835,0.007714510626941262,0.013425661270275774,0.7394204389389272,0.08170628281149525,0.03707003211221982,0.09447354006889672
10587840,0.0031647331241734756,0.009120246471773792,0.007974662611661118,0.016382808100099587,0.003913345268621579,0.6027780958329316,0.24319259706380575,0.020586377012083025,0.09288713451485
10588529,0.04843196284996863,0.0015016027555884877,0.0025133670553819133,0.0012885771080057514,0.0015805787812289273,0.1115029913545178,0.5714106618363276,0.004347156130415501,0.2574231021285654
10588664,0.09591393818537361,0.0025864655244954423,0.005510701966992321,0.0025145466098686845,0.002978389071320903,0.24118155630123367,0.215195689403823,0.00949735062048898,0.4246213623164034
10588792,0.02069932163284191,0.0033450586851882314,0.006387696888778627,0.003000572510271313,0.0029213285183460076,0.2741203060854628,0.3666669896992908,0.009509568512587715,0.3133491574672326
10589349,0.008966560926422066,0.015540069685837498,0.00944413604009167,0.0033936421592155293,0.004866124948871243,0.38806488263260513,0.16292526946778843,0.015646371385754063,0.3911529427534144
10589410,0.07356174861259016,0.003473239106845158,0.006425394081227205,0.023860589374180067,0.0037983511500757497,0.5914480870872371,0.03324166534531378,0.021478006066229113,0.2427129191763016
10589411,0.003606369930767804,0.00257481457324981,0.005483896401426907,0.003058542134639128,0.004669276115679625,0.6475582360297257,0.028888029405722066,0.010370361644861447,0.29379047376392753
10589472,0.040028913723580875,0.007567347091115456,0.015198767319375129,0.005447298929976921,0.010803768386115914,0.3437484075133792,0.0376572080304734,0.02417278960345743,0.5153754994025257
10589485,0.02354769810483728,0.0030557830884284966,0.008729406653299365,0.006188408996959459,0.007668074373081635,0.37125056337263657,0.01800814757650839,0.010703185692323786,0.5508487321419251
10589763,0.0015093070342303255,0.006546156749088397,0.003566979804343682,0.012629343599829377,0.003759214692042484,0.8934910093236645,0.03790988458408161,0.025341013198661323,0.01524709101405829
10590733,0.005349895306662992,0.01528385855247413,0.007226853201269795,0.04054021986514735,0.030544517022898794,0.7788300860085335,0.01885339669428796,0.055021823999826136,0.04834934934889926
10592587,0.04361258715901055,0.0048470220756011125,0.005615411135494996,0.004634225295526484,0.012051948632790637,0.7753240429410408,0.01943829760305172,0.0311284406927424,0.10334802446474115
10592944,0.001325880566331134,0.0047686452172975655,0.0018958829110708845,0.0027635109635658203,0.002108874643658541,0.915101339031029,0.005251310768247792,0.006765698600249429,0.06001885729854981
10595034,0.00678117488715937,0.005572470661732909,0.003573900661782319,0.0027214272184378713,0.01062171432477848,0.887214929681454,0.010227208262115662,0.011483905747248242,0.06180326855529118
10596119,0.0020347746456837457,0.0038892512752231575,0.0036656585965229257,0.0021797930342074582,0.008801706970829073,0.8996331746815018,0.02482876436940835,0.011628560919795828,0.04333831550682761
10599481,0.0007955404831122461,0.004874915308790947,0.0016361152008009185,0.0009691446845413295,0.0012763769545688398,0.9485195142319741,0.021193020365970233,0.0034571699948580366,0.01727820277538345
