track_id,Clutter,Cormorants,Pigeons,Ducks,Geese,Gulls,Birds of Prey,Waders,Songbirds
6868504,0.07409238592317376,0.04926873126214564,0.16273789784881176,0.24028748856502127,0.26739503893456734,0.07374116821038047,0.009193264560042052,0.07805225406655025,0.04523177062930744
6868536,0.06255416091930434,0.06746716301383665,0.22994857482559952,0.2979548769200563,0.10121670085706949,0.11417022523368703,0.008989593757272278,0.05647102598221866,0.06122767849095574
6868565,0.03860305252541527,0.05267552919297586,0.06853613989552071,0.17425141975405617,0.46193326941337104,0.07532137163631075,0.008713909748304554,0.07792991536884593,0.04203539246519967
6868861,0.010640860868525637,0.07652074747524011,0.014721378266055511,0.04685757523656062,0.766744250540671,0.03047299969272798,0.007216954885941913,0.031520613000053606,0.015304620034223507
6869275,0.007241236485997056,0.06877030967179552,0.011564508801244145,0.03699176978298104,0.800372142863757,0.02705034530148917,0.0066393527466286064,0.02889592879131329,0.012474405554794232
6871418,0.01711116073085338,0.09409488240981499,0.12211661057981392,0.3277772023816852,0.13041116524934113,0.1661262008267608,0.012888173730797155,0.07943146650690083,0.050043137584032636
6872996,0.5001005716173405,0.024248166045064242,0.020790291513175983,0.017779507407458373,0.03632430442053253,0.22049727334959246,0.0642211247552471,0.02777670587786512,0.08826205501372368
6873817,0.046355265260202144,0.056792730674820935,0.028768800649924858,0.02930883706668803,0.13677568420352312,0.5273544265493209,0.02538478917414409,0.09393162641087192,0.05532784001050421
6874023,0.0067661067769935615,0.05932497788364331,0.03231454836938009,0.02416996706917483,0.02901581949798639,0.6901039853624905,0.041096118178016436,0.05479379271076762,0.06241468415154734
6875504,0.006995193048360181,0.0745640078212779,0.044907837397445374,0.02488667690028495,0.018741639818588667,0.4382607078771577,0.05514476544667944,0.0634976781566504,0.2730014935335552
6875899,0.009968780801029297,0.03271429047991409,0.014402584077015602,0.012658545048685698,0.014267761943946364,0.5871964265118875,0.16993461501835758,0.027240570154318,0.13161642596484593
6877293,0.01904983981131764,0.025441617881751106,0.029331301616097576,0.04186721929568109,0.011587850260695663,0.07899581626671824,0.041605195525998055,0.05177021060085187,0.7003509487408888
6880408,0.012874786264975393,0.03206560526733742,0.018699680886666074,0.04589765390204145,0.01577969782296286,0.5519549882030585,0.14142038195470447,0.0383939953058131,0.1429132103924407
6880690,0.010160454097253314,0.03170562248472886,0.05811483283454537,0.07820023454944605,0.015911712025221014,0.46581411279809404,0.043289808999717475,0.047777009230325226,0.24902621298066863
6880833,0.018902400220358186,0.01144682676897923,0.02612343624422978,0.01492408025460484,0.006951142604413666,0.09021821919544246,0.21903975929194122,0.021778355057194797,0.5906157803628358
6880956,0.006689143001865268,0.041067421907026454,0.017660575863497004,0.01645811017444378,0.0171850911892281,0.6946499953145797,0.08301342666501413,0.05099994937610027,0.07227628650824532
6881733,0.007527012735193289,0.008960534955008525,0.007688483801573922,0.006668994380836641,0.0067044145296117925,0.05179837946319523,0.8677152471582956,0.010715599306806073,0.03222133366947885
6885154,0.04223510889067935,0.028684991676323143,0.017264306346084498,0.028543495632034555,0.02145326331908693,0.5344663993610771,0.07150220378627434,0.09547910194557795,0.16037112904286233
6887294,0.025594428419607455,0.026966720477047238,0.028666209956754424,0.023685760143967213,0.016370926978764543,0.5664629626823329,0.07434030762399121,0.042769314883492976,0.1951433688340422
6887586,0.039116555928550616,0.02173697221864228,0.03026967716072773,0.04325445234212335,0.012023446832996259,0.12187241331013182,0.041634188110193315,0.055294454687328076,0.6347978394093065
6887600,0.01934531862922617,0.01647189407179555,0.030411279109195784,0.0407107053348778,0.009123652665272345,0.0798157426715118,0.048286244338694294,0.037509625771233596,0.7183255374081927
6887637,0.04069577136600621,0.0814355149200596,0.02604118262091254,0.049924249315290124,0.05830834981194247,0.3754305233264151,0.05633362056889403,0.06637887270352179,0.245451915366958
6887702,0.028962286044028063,0.015594695025316456,0.024377228885606353,0.018462195606027045,0.00858952036304085,0.09225583979778729,0.1034405920084862,0.042711458112738736,0.665606184156969
6888243,0.02273088413391082,0.04704479198770508,0.03556132949809446,0.04385445030411714,0.02611728450305413,0.1385645970092662,0.053344701402750626,0.040031929300279046,0.5927500318608224
6888737,0.012035185290608742,0.041560154811070456,0.04156712435611812,0.08381226820575753,0.023711350370681755,0.1208824635934225,0.043800002376191534,0.04461859189536471,0.5880128591007847
6889024,0.021475337168908572,0.010878428637925708,0.014304836289649217,0.01164930110665752,0.007016676546888536,0.05610648690078358,0.27955076704915477,0.019926654255146933,0.5790915120448851
6890285,0.015621320770625342,0.03188883717149081,0.014996150406162163,0.015365891650264061,0.013525030770359355,0.5033752608177808,0.26086895618190203,0.028601399171068097,0.11575715306034755
6890416,0.014338244429075076,0.026122211696915917,0.05801077732674721,0.023320664282947882,0.009223101691102832,0.1360813035794576,0.08848598364102754,0.051146058595693766,0.5932716547570321
6890579,0.01636664769788502,0.01426705543013546,0.026108498092151374,0.013284100974302562,0.006574762676052649,0.08053571977652173,0.14423119172376375,0.025649747076768037,0.6729822765524195
6890917,0.025039444496546943,0.012671598159911767,0.02643515425528157,0.010083933513458902,0.007749164168858869,0.14100871154768602,0.32952561856987606,0.04589919789096696,0.4015871773974129
6891091,0.01832646891557811,0.025364669537364944,0.054555298413679294,0.14191466415918388,0.01633998904777456,0.0852495227769884,0.025175621803367833,0.04962718710144616,0.5834465782446168
6891208,0.011238534812843247,0.013609844686544019,0.025610801679487493,0.014016142964260434,0.005818786511997423,0.09219164814225143,0.10974760106342293,0.0243558541139366,0.7034107860252565
6891245,0.015745647397519647,0.01508405739807174,0.029216288166426716,0.012608643925385606,0.00839597782038925,0.12102622997355329,0.21437202124402188,0.022169960009381408,0.5613811740652506
6891309,0.009373735038460283,0.019105558007146077,0.032042599539414865,0.015929864136580037,0.007452716762891826,0.0778735520588753,0.11293838193956075,0.027298084047269376,0.6979855084698015
6891366,0.020748720228206476,0.009518107355595858,0.01708186886598681,0.010055708764460049,0.006120180837863952,0.08024781742985955,0.16572865274346293,0.022990683344106835,0.6675082604304574
6891473,0.015312408401093219,0.020692605787330065,0.03798550176137232,0.03619069635461566,0.00959676639214134,0.1848316457636058,0.0594203326459124,0.037415712717727444,0.5985543301762017
6891484,0.01037083732609682,0.013425864732340862,0.02033087023155901,0.01679601933104146,0.00564303905368653,0.0680677216947174,0.07150591910762427,0.028239976290101398,0.7656197522328322
6891531,0.01640555749348219,0.021168351594307622,0.01952653688144842,0.015214480588730385,0.010078474776840492,0.1025730177457819,0.24998020659725906,0.024737595764456596,0.5403157785576934
6891557,0.016794730146688558,0.021286581980272005,0.07170881379981002,0.02629111886048263,0.008891907437104218,0.07506879235085377,0.054894175291902624,0.03991823687712426,0.6851456432557619
6891579,0.01102347666149354,0.01513131783368061,0.02074469175490361,0.01306915128146923,0.007374081316288804,0.0782603219935784,0.17480858573123506,0.020830770546408223,0.6587576028809426
6891867,0.02943473589047491,0.013018931902400438,0.015952734071161316,0.013416219321681178,0.008914120326747828,0.05776826077207032,0.6126726204162948,0.02000743632810432,0.22881494097106483
6891888,0.01922443039919181,0.014962680266318914,0.02105303843940937,0.023845156865824474,0.007669441930179505,0.07004319052719298,0.08259147364087396,0.048634236714715964,0.711976351216293
6892297,0.024834323153313256,0.009180434304695373,0.013373084338811484,0.00877446911020939,0.006389760068888996,0.058573037120318645,0.3510021536103477,0.017137364321985208,0.5107353739714299
6892562,0.016912887632163694,0.013029305034532736,0.022134341493613128,0.011336371556394829,0.006679641491376,0.08938992403622242,0.2513464667046814,0.0284897450463755,0.5606813170046404
6892587,0.028618295155415408,0.013749936450907245,0.019410203061170847,0.015050594016535756,0.0077035659916879565,0.07980780968629297,0.24157509049533452,0.026895599750661258,0.567188905391994
6894293,0.011370425074505235,0.5435641949158457,0.037850887243791716,0.14680207925057467,0.06092698780040674,0.060250087008121934,0.014396778263850244,0.07020367075772802,0.054634889685175735
6895609,0.01032216394684791,0.02421133526596053,0.11753621834767548,0.0762911736193408,0.01005192009889285,0.052504178766282335,0.028979517107258965,0.05071737024167676,0.6293861226060643
6895723,0.02714972316435324,0.02039811589540069,0.023201887021077457,0.014249444240949873,0.011323065296205258,0.6066835009735221,0.13404572891445668,0.03677708107299932,0.12617145342103545
6895905,0.011670615104647786,0.02012088387993183,0.01703665499175384,0.010393137704092949,0.009557305957655594,0.5882805000009241,0.217896613545401,0.02327762702406347,0.10176666179152931
6895906,0.020981117256984167,0.019886048401244576,0.023055866967527643,0.012623507085677648,0.00932629480749921,0.5896608140357396,0.17183200445802518,0.02930639947001292,0.12332794751728907
6895927,0.030885580930005953,0.026957244158390452,0.023422996273993763,0.019299786140217354,0.015424986778855685,0.6228392181798351,0.13443544213343414,0.03403492029283639,0.0926998251124311
6895938,0.01149122500837933,0.02010651167076848,0.015556083209992397,0.009509481909840124,0.01054835163270807,0.5663551314700742,0.2665925315099956,0.022482072849614364,0.07735861073862729
6895939,0.011940446974205451,0.02004903794663888,0.014843178014263072,0.010043986690903717,0.010792497973684012,0.617222441177037,0.19280979904228052,0.02387760666316717,0.09842100551782033
6895948,0.009709919510135182,0.01948598364880039,0.017105748890560848,0.010434804168458553,0.009769659280835487,0.6266364038370746,0.1812145962533009,0.02486146946792922,0.10078141494290481
6895973,0.01710227664734592,0.020359395082992185,0.020135042535712522,0.013003643650398833,0.008939542656664549,0.5778832279629855,0.17581050146659855,0.030874621983425374,0.13589174801387668
6895974,0.011780319426912338,0.018608344321068886,0.01704585741795321,0.009938107299657625,0.008716304085607115,0.5551248501598618,0.23562377500234966,0.021671859061927604,0.1214905832246617
6896754,0.011831416796708247,0.01516438454261981,0.019302207689954623,0.012086661025292723,0.0066285248402724725,0.21431036558851163,0.1719761195764298,0.02274880919634017,0.5259515107438705
6897915,0.008828867596965485,0.12581269806999354,0.08703351784702115,0.17024350959855789,0.03092153063496589,0.19706041552627054,0.035275290361587434,0.09096273444348017,0.25386143592115795
6897964,0.07960017952678936,0.042735424666342316,0.09776800564172368,0.06942876455782734,0.07264596204674582,0.20037775119317688,0.032586820191656186,0.06526799859401015,0.3395890935817281
6899282,0.015403178043044969,0.011319684576697435,0.015461894288746763,0.010785992650427227,0.006544838690407461,0.0750639059767135,0.410121365341553,0.021299071360676148,0.4340000690717334
6899294,0.023320568216204554,0.011076064846500821,0.0137794905978171,0.010884163806320634,0.007113824721668055,0.0796106427997965,0.43796317850166594,0.029317033291246474,0.3869350332187799
6899376,0.010486075337188495,0.021668532902734756,0.05135671703914742,0.017907606791590674,0.008018402769905111,0.07187180438191304,0.11918558255557139,0.03331523733286627,0.6661900408890828
6899506,0.018121716781066194,0.01710467755842417,0.01513207757450392,0.010176373811789395,0.008080747862944536,0.4488232476979347,0.22105756440084706,0.03435956268819425,0.22714403162429567
6899530,0.02307288336055324,0.01692222869121419,0.024589600767919315,0.04936606071400111,0.00984121398067306,0.07592241795361568,0.04040472491082319,0.05367518452342916,0.706205685097771
6899560,0.018842411375316413,0.011764127806488077,0.017309039835515055,0.021714506487476377,0.007272043776819799,0.13971697856746634,0.15954136625375906,0.03378617940610445,0.5900533464910543
6899670,0.02577469189660173,0.013548128278532138,0.026030508377200858,0.016750946848515517,0.009680407356035552,0.13574147575270962,0.0865214384577438,0.03958596649469008,0.6463664365379705
6899695,0.01684967391308149,0.01659496056600961,0.02928880882908383,0.022883310425415276,0.009591996010582873,0.12905079931646496,0.054207882785130404,0.04823372686270669,0.6732988412915248
6899730,0.02579438334957097,0.015628444264547035,0.021432753294677913,0.01547089521342036,0.009894621180318745,0.15738587524603517,0.17016382389747572,0.03094404882305805,0.553285154730896
6899754,0.03385981066624236,0.020841270648498233,0.09929376215845125,0.0900361736144701,0.0156524111232784,0.06535516514853755,0.020858100979652825,0.08787216922367803,0.5662311364371911
6901206,0.011071143171921014,0.022467383826258066,0.03229465209441195,0.016869205125113973,0.008899693044496223,0.2923859905300383,0.23140606761341223,0.032579878131132084,0.3520259864632162
6902131,0.007594720717441309,0.015916232392588502,0.011819684060683932,0.01015289202970461,0.009796839849105064,0.5588408496579234,0.3280485502084856,0.02135228010941701,0.03647795097465071
6902271,0.018642217990271406,0.0643038759067573,0.03353807183196337,0.06178179350521281,0.03641377356645122,0.25903924577412546,0.02930399789963009,0.06254698361534339,0.434430039910245
6904326,0.022955877817047995,0.010752573729947285,0.017091298252278165,0.020167973410662,0.006351324795306737,0.06274519211733268,0.0971006129594863,0.036066571198256916,0.726768575719682
6908023,0.006651216940849136,0.12816198972694987,0.019246425147163747,0.35589427918449495,0.037824682449999196,0.29082411911725475,0.030810052725008894,0.07897168718905025,0.05161554751922903
6908625,0.011036230711092805,0.011312849942372846,0.0123697964236816,0.008982888503236945,0.007130902861826689,0.34357698419097576,0.4636704938969615,0.01551795415042921,0.12640189931942256
6909657,0.011541274634180481,0.011466582999494353,0.01484370260326038,0.010651404399740584,0.005067719033212759,0.08433634858917126,0.18466586399836676,0.022865858050997345,0.654561245691576
6909786,0.03613358781925722,0.013037667723788579,0.017309543424908095,0.0214418607223581,0.007783594083394732,0.0879970610219428,0.13218905523482122,0.03978952870086341,0.6443181012686658
6909952,0.01316312353409511,0.011241758942314148,0.013278503768335278,0.010522649499053616,0.005598920382838633,0.0695123918613538,0.20982589196713197,0.022428462856682967,0.6444282971881945
6910003,0.019295477956684595,0.011325406901087093,0.015492135795879982,0.011806677360484026,0.006073608152694716,0.06391784625155884,0.1373968960100023,0.03738709993861696,0.6973048516329914
6910407,0.00529907535671647,0.028752636550444736,0.008788196798692858,0.013705565278574186,0.018388124045852085,0.830244564252248,0.036995663630245444,0.027579376800352256,0.030246797286873874
6910422,0.025428316187713355,0.012350933103761357,0.019536509327687215,0.014407476126428625,0.007335329406696885,0.09165226676892213,0.14029926357565095,0.03426475830836696,0.6547251471947725
6910425,0.02166373207124125,0.01113523176041113,0.0139896903647342,0.014451934750026747,0.006405015560485861,0.0654146539911662,0.1470534122044422,0.03184683909718174,0.6880394902003109
6910560,0.0176930117489329,0.017473381796144282,0.02750853179938244,0.08010850422075869,0.010583430666086203,0.07929021185280252,0.03492929173157875,0.07185069312262582,0.6605629430616884
6910590,0.017224749493405633,0.009492805708821422,0.014329513151659479,0.012935076867130085,0.005909675064085123,0.07112434269277551,0.16691473223082692,0.02812283504561349,0.6739462697456823
6912744,0.004657091898276949,0.03370490079666601,0.007828118679220465,0.015268593463588087,0.0212086443850577,0.811348337120496,0.039953468554193496,0.03770436051826135,0.028326484584239992
6919118,0.0146661097276294,0.020772292930822375,0.04370373715519012,0.024180154960714875,0.009689220217869561,0.5150948245369965,0.11969908211501697,0.032127635062330254,0.22006694329343
6920152,0.013203011980924412,0.02015715901229465,0.056606791772986824,0.020397184948669655,0.008710116238812253,0.4092196594244663,0.11607501680443083,0.03294564856180012,0.32268541125561484
6925791,0.007185350721838551,0.02480782700806991,0.012964235765266221,0.020062277202034618,0.011292809927989523,0.6787652821589131,0.10739726264238962,0.04314024602402631,0.09438470854947231
6926246,0.03525063409783248,0.01739807922742593,0.01609272009134187,0.014418058486410262,0.01142700173497311,0.537374031000336,0.27266306614957175,0.025506607823101934,0.06986980138900668
6928841,0.016935411424293143,0.060788866865806916,0.030525214767488425,0.46365272123393453,0.11493511800281109,0.09158088459348927,0.014441280564824166,0.17163332374111087,0.035507178806241727
6928933,0.019431701583580204,0.03125401024416789,0.019516987996785622,0.01491777721748574,0.019037849190619547,0.6483285576352584,0.1203757605905614,0.037039057851120355,0.09009829769042071
6937241,0.021615394107221197,0.01409353224790217,0.03382670988650074,0.03620684593996064,0.007725662163771588,0.07671966370473975,0.04411159210528125,0.059083852592080224,0.7066167472525425
6938426,0.0070040060279138285,0.03087243096865231,0.011352017035398983,0.010711497014455403,0.011734026703352326,0.7470580132948703,0.09232590221282533,0.035907440423719426,0.053034666318812033
6938530,0.008313155715620423,0.028074134001897844,0.009376186687542431,0.010242097846257197,0.011475794780624483,0.7337589030284912,0.12000946372403114,0.032171851111578734,0.04657841310395649
6938682,0.008900665523920687,0.008935570267802513,0.010472392984704834,0.008743567123776967,0.005872844481616374,0.2649486741486231,0.45859946820108183,0.015578782222804266,0.21794803504566934
6939166,0.0057533253004994215,0.019664429047714215,0.0075022325594883005,0.00866403444595919,0.009307657070904777,0.769144262706182,0.12192755844947903,0.022997204008905373,0.03503929641086764
6939222,0.01480994488329474,0.010730592325087343,0.01160906669143174,0.008410549031171565,0.006944638031798734,0.15525573459638167,0.7117837856178315,0.020346954177080833,0.06010873464592169
6944591,0.030227157223670465,0.012944030670783225,0.023514167250774806,0.01140466253288504,0.008432167899235779,0.44169431062633585,0.3497808010064471,0.025416488574269612,0.0965862142155981
6947293,0.0071895188461795385,0.03052552317725677,0.021856873207898864,0.017456886230191225,0.016631322414006326,0.7429560783665017,0.05241242458068095,0.0378523186551057,0.073119054522179
6952804,0.012593002473341568,0.02131248657315151,0.055516536745365656,0.027655079427534365,0.013226248709406672,0.5202551653675135,0.06996808998871812,0.041416916312238365,0.23805647440273028
6975207,0.009434686608473892,0.025616332232323832,0.025839259186486118,0.017843942801967067,0.013158541813427843,0.753300330041498,0.042807189142374066,0.044465475829444163,0.06753424234400503
6975472,0.0069449511012768805,0.021894528362600228,0.017657197964467974,0.012021010604267999,0.011136645515225288,0.7818933780111964,0.05516034103108661,0.03947966245704306,0.05381228495283551
6975490,0.005635870254001991,0.017279512716210907,0.01218373989337769,0.009612414129146029,0.009841368161903877,0.8211336937998357,0.0393461188957904,0.03703909965379764,0.047928182495935785
6976427,0.004953416238427743,0.018010388444903484,0.009144774173966136,0.008226748611927275,0.008401867989729124,0.8309606681780923,0.050799939973115944,0.03287518330410721,0.036627013085730825
10551287,0.0196330701524279,0.030295217474704483,0.015879056611264576,0.024695343913843534,0.024012326753741268,0.6166495072871012,0.12671962579279772,0.048339807760303825,0.09377604425381537
10554874,0.6415807375561451,0.031165888283745058,0.027154815989589846,0.026348721714497245,0.04046665962129693,0.06559317532421752,0.06729745206993766,0.030346616068650405,0.07004593337192014
10555071,0.016432485781309347,0.023128061646389943,0.01917755263275944,0.0192651260884787,0.011813820961421959,0.45357725391403186,0.1571463595616752,0.04292036916692781,0.2565389702470058
10555459,0.01180480128885495,0.04792168337010375,0.09185980668569349,0.02570528383122962,0.027206254843100415,0.3662632886942129,0.05325554115496664,0.19358492266391905,0.18239841746791924
10555968,0.05436990479086316,0.047346387093780744,0.024003599807199735,0.12269135815853806,0.09724362303592195,0.4545511389768126,0.013986200201940076,0.08382262160541396,0.10198516632952966
10556692,0.042336405875181386,0.026194454284317343,0.027456868105236884,0.04111558529046091,0.01535276402862331,0.25259385922259003,0.11565769255818313,0.07761283423751969,0.40167953639788734
10557065,0.006704864140064949,0.042731252935526584,0.009220456850386563,0.021084983581159268,0.027437803484124154,0.746092756542296,0.06016662161352916,0.03678854344540782,0.049772717407505496
10557235,0.008223697788283036,0.04934135417470132,0.020328750939267868,0.04677779446243694,0.0600567001767518,0.6547186865398188,0.02949869843985648,0.0899046050792843,0.041149712399599504
10557310,0.029775016869334512,0.05771527431813775,0.11775985936877163,0.06803181860943139,0.08433278581326052,0.3485097604896077,0.02115996422023895,0.06617772036970444,0.20653779994151295
10557603,0.015255252546835381,0.04925223139603796,0.02045386937487612,0.033854832039081816,0.020985022723653473,0.550283043881432,0.08259666075919565,0.053755245581544826,0.1735638416973429
10557649,0.007757900108421767,0.04372706539654149,0.01553296455025747,0.024816945678551174,0.036406076406377566,0.7252056028787984,0.038585646330620046,0.056240646738295895,0.051727151912136185
10559369,0.03658881950328105,0.032479248054871034,0.017164481875063378,0.020361642566590607,0.023964576216512424,0.5643787992897034,0.17076192366371365,0.037643167890179255,0.09665734094008525
10559516,0.014306285087036368,0.03739586956215739,0.012590461862139343,0.02104348248855146,0.025528174044728767,0.5801305624140337,0.19666852863494153,0.04246295509946205,0.0698736808069493
10559765,0.009216448026772286,0.05112521105728657,0.014198386130443148,0.019782753396777434,0.025977499525161582,0.6082744196916712,0.0981022401501665,0.059376545522319434,0.1139464964994018
10559904,0.04183618392676172,0.037891017947311874,0.017411439720243536,0.030060550091759432,0.02854559193662968,0.5236307830985287,0.14156160892455197,0.05311900308900402,0.12594382126520898
10561136,0.055904267554519924,0.04556167506583761,0.018018401709725632,0.03017467802069005,0.03318089274184024,0.5328945677839525,0.08592067819527925,0.05623917005599075,0.14210566887216403
10561583,0.02711964283662015,0.024872779879069714,0.016278688007489907,0.0204401319434476,0.013646771644584155,0.5612562655661906,0.16131370068937304,0.05557642093124008,0.11949559850198464
10561870,0.010682212549195899,0.0302557071540835,0.009674565794812661,0.01454766387961004,0.019921868533159463,0.6183613971382701,0.198370577467593,0.03408100542323654,0.0641050020600387
10562711,0.020553144491562193,0.08310298172565737,0.027751326076817216,0.0891920097014174,0.0890000458444147,0.3705604755513056,0.026825758652009882,0.07163430093208263,0.22137995702473298
10566953,0.008555166441713955,0.019878544856015385,0.009944969145716888,0.009473518927520816,0.009948275416040441,0.48697890747740225,0.3505861504581691,0.035241482232111106,0.06939298504531013
10567563,0.10307333853333414,0.04229158226589193,0.02424334510283091,0.026451068642983588,0.03960968036901658,0.5079412273436441,0.07740312078517401,0.05592570153131583,0.12306093542580913
10568512,0.029089493464393774,0.019611620700539928,0.01804517825130222,0.014880189935526339,0.011952360464021757,0.3439992814261,0.3202313086692002,0.03979119970544811,0.2023993673834677
10569249,0.013627915112556694,0.027198776385939764,0.010972818815764767,0.015552379885434177,0.013715525972124904,0.5685902763438878,0.18255425056656857,0.04269632464441406,0.12509173227330936
10569900,0.01634835722752607,0.2186594261801975,0.0298311326219675,0.07828509816674147,0.4758744135454237,0.0579814777949056,0.01838830788947614,0.056998514253595964,0.04763327232016591
10569996,0.017913652070233987,0.021233473425263504,0.012508048946145586,0.014971229590443998,0.01085062966264878,0.4836543836510186,0.3017016322813808,0.03492742054516391,0.10223952982770082
10570047,0.011432446647761083,0.03644300815061405,0.011611141309441153,0.02085386185174556,0.019421552850627806,0.6646311774392385,0.10567706084524527,0.057633134367501636,0.07229661653782486
10570186,0.028924085280356934,0.03159682871186796,0.012848618619533089,0.021395077766711457,0.02390464192093668,0.5464117540478088,0.1704854769011701,0.05300117097781562,0.11143234577379953
10570190,0.009686861636216479,0.02754419326201533,0.008583704800555104,0.01361889267738863,0.017035195731921027,0.5763344940523867,0.2525063136798407,0.035748773347339606,0.058941570812336454
10570281,0.014681638684686039,0.025135869257396592,0.012100556112247772,0.01866771003438969,0.013772192197082846,0.5371884452427674,0.23021806008819004,0.04431427786466672,0.10392125051857284
10570444,0.31852746323994363,0.028945111419059515,0.020820432043524288,0.044275409208567755,0.04178537920234103,0.3163434301969719,0.04319626042320609,0.06276412542041424,0.12334238884597146
10570516,0.04588553993302637,0.032992861761020356,0.018108758021007126,0.025732740027650955,0.023682757876060705,0.532031009591213,0.11824040481580854,0.06474900441344114,0.1385769235607717
10570563,0.02132895137160839,0.018267430139476733,0.013241090911123021,0.015462965262250892,0.010290449108123746,0.3851936609973857,0.3410909688660219,0.05026574359501528,0.1448587397489941
10570908,0.015806083126964843,0.022604765600844613,0.009878181564032213,0.01496273925199851,0.013265525839135166,0.5446080246933799,0.2511994651667685,0.0451225733855284,0.08255264137134787
10570962,0.014707100120854539,0.0359646267185647,0.0654664209836904,0.0172772825047163,0.018551631605539146,0.451811704999733,0.058190037601036575,0.2385096396939872,0.09952155577187817
10571126,0.0697169908255006,0.018784962641856567,0.020305606689250737,0.018601544134197002,0.012962610767544151,0.34973149711941726,0.19678902174101504,0.06775672823369279,0.2453510378475259
10571129,0.08990071199410062,0.027079270604665532,0.01822498862344715,0.048950038728711606,0.023382534785636316,0.4937482100870465,0.038710005907973175,0.09261626596503286,0.1673879733033863
10571130,0.0438521282992933,0.03227623570821828,0.027039999191918837,0.07880606444272077,0.026645702571981598,0.4811531862822652,0.027848307248791046,0.10831470652635884,0.17406366972845203
10571150,0.052510640908880434,0.035459293114549435,0.019962868564882892,0.029710422694592727,0.023658271102553884,0.5232695716818363,0.11760611796733696,0.05736516033315612,0.14045765363221133
10571157,0.03508403866869159,0.016301263074952804,0.01573449322554657,0.013216606746716928,0.009358493746888328,0.39008203722571677,0.328493043700701,0.034668664557537275,0.1570613590532487
10571249,0.020560957825672327,0.025053330092294945,0.012265238754979021,0.016488469378351876,0.012486752123974279,0.5679715364538335,0.17334225458346092,0.049254050905255614,0.12257740988217757
10571563,0.01751255060853551,0.08316209212544942,0.04064655122441489,0.03559406599114627,0.04960926372420306,0.4866056828555428,0.04470626379645206,0.0753348112285479,0.16682871844570799
10571600,0.031978030118294205,0.0343716785963816,0.013357757998796111,0.01934391113023463,0.023641565438629022,0.5742241250406042,0.11477003779076204,0.05948220178197677,0.1288306921043217
10573894,0.025980611555343997,0.0319165845081817,0.028442486993592694,0.04198747919411891,0.01991350320030012,0.5339539524985903,0.06626956918783784,0.09970050515574619,0.1518353077062882
10574347,0.03649988443356968,0.0295901970971311,0.019648120492454346,0.03106767988703928,0.017315854524143196,0.5293312817772171,0.11924212690925892,0.06405518582047079,0.15324966905871543
10574370,0.038426155389597066,0.026114932028135023,0.016113591408025228,0.026998791125718156,0.01658084244337404,0.5414332080157527,0.13563391999050528,0.05896838762986212,0.13973017196903065
10574372,0.023179035682873102,0.023483547179057988,0.017199807827659255,0.01499337754244802,0.010183094014611718,0.4748835877278266,0.23472455144991383,0.04209701774714398,0.15925598082846562
10574408,0.050959810911850395,0.042327638384182395,0.022082006828971372,0.06401567009915568,0.04069418469857161,0.5110665389278266,0.027179347876499213,0.11058913453091972,0.131085667742023
10574430,0.028395372900510106,0.028529321856115827,0.015334978142471272,0.023689088781370427,0.016247153888119946,0.5466798503249024,0.1010075979864112,0.06571950743335388,0.17439712868674484
10574439,0.038950428628566756,0.027506880188867967,0.017624969414495976,0.03193247303434333,0.016141858789261436,0.5603188699789491,0.07988706271851234,0.08600747924700268,0.14162997800000043
10574456,0.03772321496770752,0.030253109157752027,0.01660202673549529,0.029942135576095524,0.017668194876593074,0.540915949743069,0.07324327646678494,0.06409098021627141,0.18956111226023137
10576038,0.11056028839927777,0.032937611471805996,0.03861132268678677,0.02465597174692786,0.03671601094441294,0.5203577886626443,0.059580636915613494,0.07408852647269516,0.1024918426998357
10576770,0.029182884530958828,0.028899061257802224,0.018213772741864646,0.04280987498652946,0.015151365524316751,0.514724092166787,0.1109944016150914,0.06051281354339235,0.1795117336332573
10577118,0.010094312662356754,0.03590979755007365,0.01660048380949102,0.0206295925046632,0.015303725268878843,0.5580902286130301,0.15766325180142313,0.07861150913153014,0.10709709865855299
10577354,0.02564491026269604,0.02125296101638901,0.018044080487704603,0.013400813771611534,0.01020977190757161,0.5254799449465309,0.24970093724717074,0.03741789431146339,0.09884868604886231
10577622,0.011934333322619966,0.03938148263771189,0.019387240069156944,0.024068782907494115,0.015423572871940423,0.5494049674328896,0.11262870366369448,0.07081707168426385,0.15695384541022883
10577723,0.019596105621212594,0.02443992991114491,0.02027608576847661,0.020247953447483008,0.012798830032399997,0.5639505643729722,0.14949128449464105,0.04744995709335479,0.14174928925831498
10578130,0.15478910704035787,0.032756793578144455,0.022752571604902853,0.025777269807277278,0.03697988198990761,0.48401959220387336,0.0655057909082824,0.06436548919887194,0.1130535036683822
10578295,0.01647277320834181,0.019942084053919815,0.010652979306251776,0.01557213609649637,0.01126251657244122,0.4763261275622447,0.3221789347942281,0.032119100309521684,0.09547334809655453
10579132,0.011651328212448362,0.02062529147844006,0.011188876382884206,0.012536058377254434,0.00992367313932945,0.499242077404827,0.3379601161371929,0.024741499065362625,0.07213107980226091
10579372,0.010218066718879208,0.020676188312736873,0.012589445676005659,0.01006590042589948,0.010680374340569716,0.4860692821617996,0.3509882165338468,0.032541486757618386,0.06617103907264431
10579452,0.007025161133649445,0.05119357478178317,0.014587527445764175,0.04287935845886289,0.053246040218628554,0.6512456652258765,0.05334434158665613,0.05959019099943288,0.06688814014934627
10579754,0.007195382958899449,0.034923346920754,0.014871665391878619,0.02434109341947505,0.04716273337596974,0.7111682221838914,0.040458175009093086,0.06977116529187909,0.05010821544815957
10580098,0.01194094071366081,0.02634649020552251,0.014034844614665103,0.014927896243745017,0.013719214596694932,0.5758390456926153,0.22636878138043565,0.05716310633772316,0.059659680214937526
10580150,0.015684973136813676,0.0282511595065567,0.015114813902383591,0.026745713406926434,0.02382263152752039,0.5991423060774073,0.14170324592472988,0.04801196340763693,0.10152319311002514
10580642,0.04203973413418431,0.02889481790780334,0.015471531300767852,0.028214156904290567,0.01868375031976808,0.5409358282605928,0.14057324582964523,0.06179619140643666,0.12339074393651105
10580740,0.03436938214161861,0.019158450554930487,0.014652963249151012,0.018114431894036206,0.011949021174399598,0.48318180030984226,0.24819493683157842,0.046370518076244656,0.12400849576819879
10580745,0.019980990588552273,0.021500578410330033,0.014202250170368792,0.016729151044866625,0.010164359398030346,0.45376028596801227,0.2598070641289108,0.04484734209616646,0.15900797819476248
10580771,0.03416931619581984,0.02375338783518717,0.022343785240563508,0.0471183494538552,0.01573722121598428,0.4296549524629522,0.07958600667513605,0.15045408393151583,0.19718289698898595
10580995,0.021335304370686047,0.02810575247936961,0.024345278986462198,0.0227477728516969,0.013438816654284006,0.4916922412164687,0.14755225244777861,0.0618703243252718,0.18891225666798211
10581310,0.019813758991013376,0.023568832445725982,0.014999983262883513,0.016620503711748225,0.013988772798259278,0.5040466710624183,0.25967468006304517,0.040325389060938764,0.10696140860396743
10581368,0.08083593167494557,0.0407179176444077,0.03681892230132629,0.07871229257662177,0.050605525024764904,0.4665730147636936,0.02482017668003868,0.08427603792175394,0.1366401814124476
10582173,0.07466227595950733,0.03539353929006059,0.01920144497265596,0.026237619385864927,0.03503425378495078,0.5505208262611407,0.09852996697104473,0.053699337366718745,0.1067207360080562
10582418,0.2870572309085765,0.02760039789328276,0.020006666276252277,0.023899149870340215,0.044189863178015126,0.3924511102267278,0.0657921990305133,0.03809437767703473,0.1009090049392573
10583009,0.010607190499332871,0.020797223313868407,0.009790269384437432,0.012263122630101514,0.01340597379655032,0.5335304576022145,0.32340343653312376,0.03357971667583641,0.04262260956453492
10583434,0.012425711736957808,0.06273011022783014,0.027823980860307396,0.22520294584897663,0.02171060550179619,0.40498931237907754,0.0857645635513687,0.0681479282512275,0.09120484164245811
10583521,0.009016004027874397,0.01590267406417278,0.007862157033165373,0.010044348752102642,0.00957816042354087,0.4132582301517715,0.45744074725786715,0.023699959125658858,0.05319771916384643
10584210,0.0121631923805671,0.020433869242561013,0.016891567947437045,0.013767455695378303,0.009443383928801983,0.5040811523718413,0.26092459433674786,0.033200837391915,0.12909394670475063
10584222,0.01788307397187524,0.017228132630413208,0.013337515683377644,0.011973163776406878,0.009921137658474872,0.5424842296858107,0.27009461073547647,0.03231073927474881,0.08476739658341614
10584314,0.021896572957466977,0.018327875522669342,0.022748335811117543,0.013545408136535184,0.009337729767174403,0.18532485983448918,0.16529834119061232,0.06623340501238552,0.4972874717675496
10584430,0.0290037134072207,0.015328215204108653,0.014126452300429039,0.014944745490189763,0.009992292822977575,0.451776096621375,0.3358972934966534,0.031509487846141986,0.0974217028109038
10584519,0.017094570915492633,0.07424524654081605,0.021514142921660605,0.02073602912347481,0.03469970617555806,0.5436856105322615,0.08765146344389904,0.0823113311965728,0.11806189915026442
10584820,0.017348231185715438,0.07430227390032655,0.012427790018353467,0.02397940059614907,0.06037531172236405,0.615179533888984,0.06931961811222634,0.0551268527500778,0.07194098782580331
10585136,0.008326817110938576,0.11502294292876222,0.017729058076304396,0.15116182959893842,0.025520075201674288,0.5142012642156115,0.0438430765397329,0.06251538229114709,0.06167955403689058
10586849,0.019140634986028297,0.03152299592446174,0.0133204351392559,0.03124316785315903,0.02318341178775429,0.6116663064563425,0.15368774963900542,0.04906395828023194,0.06717133993376101
10587734,0.03290288524231805,0.02555918651544832,0.013514361795145114,0.016962723677637945,0.017859400293300413,0.4327586367066029,0.3632779992314623,0.0505039757169397,0.04666083082114526
10587840,0.02100391143017466,0.03551515856751057,0.01618851933612746,0.02296295524760257,0.01838586775344673,0.5821492774120443,0.17456428544619151,0.04927038134004219,0.07995964346685984
10588529,0.01713625640860894,0.008371179036360277,0.008584968328400592,0.007836067947834749,0.006246956240287664,0.038764080038830265,0.8239907272275327,0.015676326463028706,0.07339343830911607
10588664,0.022397725807659436,0.009580879894873662,0.01051915736791857,0.01021187907947236,0.0071964430415237795,0.06838270536809189,0.6998403034362126,0.021018424043124383,0.15085248196112333
10588792,0.019222027567696497,0.010275363258943775,0.010672764450234786,0.010412335356017778,0.007729250632234845,0.053654831251784205,0.7016933370633747,0.021488100712620355,0.16485198970709297
10589349,0.013069825368032214,0.01625683668315008,0.015991447341743386,0.014175185707612923,0.009537469201565887,0.13164093151658374,0.2205339467476008,0.033878637478078635,0.5449157199556323
10589410,0.159591635179235,0.018474112273893093,0.028425166261808403,0.03900955332529839,0.014759647197924945,0.3766809991365526,0.07836161901272153,0.08641684138505605,0.19828042622751
10589411,0.030860383705775228,0.017428468661522353,0.015187839055194843,0.018686191391777327,0.013699079928607739,0.3171925185949688,0.17685584176924016,0.044451500409311236,0.3656381764836023
10589472,0.044704213688359286,0.015674956202740016,0.017574075777597977,0.015729330628777946,0.013998740095052116,0.08797961291314782,0.23238645180244613,0.03657401631228447,0.5353786025795941
10589485,0.04186914001589345,0.015758961720580056,0.02036069289051535,0.02839995201947933,0.014980832734559132,0.11298818855432309,0.0742996530917538,0.05552517570063305,0.6358174032722627
10589763,0.008344939864424661,0.058840388627200604,0.02323660992522608,0.03583252473672035,0.021466031922476907,0.5638328331914404,0.07862372677394944,0.09217433397674396,0.11764861098181767
10590733,0.013646879662008084,0.05531974262321037,0.01510060264165913,0.06380726982167571,0.04400604570118162,0.6357260133849525,0.04323235202933973,0.0822688939522845,0.04689220018368851
10592587,0.43703477070555824,0.028214771863783586,0.02437810267336059,0.030415430410671473,0.05435684604892894,0.2617050242207934,0.040950144556297356,0.04911117147942953,0.07383373804117684
10592944,0.010171834900024915,0.05215298672755742,0.017086895403111604,0.03845495844345419,0.04559285215294155,0.6449194697080095,0.053875835739424706,0.05652908073918248,0.08121608618629357
10595034,0.04768115497385889,0.047192813107606355,0.01686347709820632,0.03170709197674528,0.04153128052804861,0.5245725288039516,0.1344960150805893,0.04997782956653943,0.1059778088644543
10596119,0.0176525174891187,0.03986374421126459,0.012623881332374635,0.016253665678573743,0.018581294736523993,0.5845867075150698,0.20664960137563834,0.039116282424377063,0.06467230523705918
10599481,0.009332553872843218,0.028375690313176122,0.007836440066388447,0.011504527072515857,0.015314417257896626,0.5307301740395025,0.30736610079074617,0.033971021937819715,0.05556907464911134
10599552,0.10370326848398986,0.0237006243373281,0.019932108564463553,0.019294223922325517,0.014658534087466018,0.46737249556597166,0.1435362860883132,0.051050284176468105,0.1567521747736739
10599609,0.027147245822845084,0.013081635978825017,0.021284845236440118,0.013857754253231306,0.007736908229937998,0.11324287164062274,0.24491939112270159,0.029813285603292387,0.5289160621121037
10599643,0.009254818150105523,0.016891650871166224,0.009655975364354903,0.011034049519963956,0.009872569171279086,0.49417350054363823,0.3448788657888402,0.02816981201311477,0.07606875857753698
10599718,0.051085964627149774,0.021902173894725378,0.020029157801460314,0.03446306859268706,0.016865697745599657,0.5007175779399585,0.08642480393924502,0.08496534274007084,0.18354621271910346
