track_id,Clutter,Cormorants,Pigeons,Ducks,Geese,Gulls,Birds of Prey,Waders,Songbirds
6868504,0.07125443361717444,0.03954076922522713,0.18736333519698675,0.26422183288678935,0.2588195708243582,0.06012089365338232,0.008630184868894223,0.06233373943880593,0.0477152402883817
6868536,0.05825129099597153,0.0631535725855829,0.20685343095016143,0.3390820225576871,0.1081179840890904,0.1047007559333878,0.008264535722056677,0.05532205943914317,0.05625434772691897
6868565,0.03789397378091872,0.04833838818529902,0.07509447278791669,0.17495674765654243,0.4877962427752322,0.0540596726034929,0.008021944063738105,0.06923759965549452,0.044600958491365396
6868861,0.010162558721485677,0.06902251855028595,0.01389423663630221,0.046894947723912915,0.780762418293544,0.026860454432608146,0.006765328858319691,0.031147383224651277,0.014490153558890129
6869275,0.0069271308999516714,0.06708258736968375,0.010927551304240998,0.0382621181426644,0.8042822574764558,0.025437239038352804,0.006245131362685069,0.028838929216722608,0.011997055189243192
6871418,0.01663007920745938,0.09230931395521665,0.13445613864934533,0.34547037719382895,0.13572363558880393,0.13464009066225757,0.011318241969414312,0.08196364680907312,0.047488475964600756
6872996,0.515524817776335,0.02281940626360575,0.018931645389468416,0.016608503325627123,0.032946755226144195,0.21540730406853004,0.06735000806104426,0.025971090496018045,0.08444046939322737
6873817,0.046151939590556294,0.0558372473548545,0.0295767416258522,0.02980673066312593,0.16788323023951376,0.47538268104670767,0.021750481541942986,0.11947556005605581,0.05413538788139096
6874023,0.006726989898276189,0.06448559748559983,0.07409748174910427,0.025756510044645044,0.02874352918156849,0.6152090696583097,0.04432211558817969,0.06315313840856773,0.07750556798574909
6875504,0.00639296940895578,0.0828728260346246,0.07387595969522182,0.02548613422383015,0.016884845499425795,0.4059168519712062,0.052446164372939336,0.07231358148438385,0.26381066730941266
6875899,0.009983979162045119,0.03380729874029105,0.014409772323128255,0.012567694404108334,0.013795862852138166,0.5336424425234775,0.1924067565528098,0.03837789650060199,0.15100829694139983
6877293,0.020308845175034267,0.025307627098546812,0.02892746409970126,0.04218802671951403,0.011295751227030778,0.08019831201213615,0.053730371153518246,0.062187230155465525,0.6758563723590529
6880408,0.012752426457989751,0.04185743957302646,0.020959296654895956,0.04835138620214991,0.01690007949171241,0.514181774345441,0.12819716295958467,0.06315324245985961,0.15364719185534026
6880690,0.009831317743175073,0.036055183704542346,0.08857774834619397,0.08568646538436092,0.015621670247464718,0.40755162267842365,0.038076239553428586,0.05436419873785816,0.2642355536045526
6880833,0.017975676018892342,0.010677655885959573,0.025109125968421523,0.013884684242780991,0.006514057134655982,0.08488063719760208,0.249618930337295,0.021694025490610988,0.5696452077237817
6880956,0.006905073674526357,0.04463554331647146,0.023572315396747583,0.017809154727846034,0.01715434749202101,0.6409991839832448,0.08790258644304451,0.0754151260273384,0.0856066689387598
6881733,0.007379602424537279,0.008400733477167103,0.007209257556114282,0.006255141563754347,0.006285128973832515,0.04663288964820608,0.8769022654528779,0.010263553074460934,0.030671427829049566
6885154,0.04184293034602479,0.027730258742123703,0.014897593832250762,0.02804237070892852,0.019142419788461058,0.5190954871784403,0.07790839607314828,0.08526249454735337,0.18607804878326925
6887294,0.02535049758587678,0.024947688245073412,0.027231264999313946,0.022126993060514497,0.014890119034495226,0.5408628025109429,0.07265568329081833,0.039556621129789464,0.23237833014317535
6887586,0.034865664980336226,0.019265333597837025,0.026871438746114827,0.03982039545436142,0.010208273806687287,0.12339375955024834,0.04453644844186879,0.0436657369469266,0.6573729484756196
6887600,0.01912332840713879,0.014870042459141626,0.029442298910504882,0.037946343481427156,0.008476803870185817,0.08140247411876196,0.06021200928788526,0.03425336865036131,0.7142733308145932
6887637,0.041440697486929905,0.08951978749072985,0.02758793190547608,0.05707243754882152,0.06550065616575965,0.3385840252631126,0.05039258387069191,0.0897175891034868,0.24018429116499174
6887702,0.03245186256522478,0.013904144732769488,0.021610556425145446,0.017010736613889285,0.007379022198632193,0.08816854268841337,0.11162821132031887,0.038670875983493724,0.6691760474721128
6888243,0.022959820743595406,0.04949757530182715,0.04237031071082652,0.043072773141819204,0.02524186285753331,0.1311703293890246,0.045339236530738236,0.05113254902482565,0.5892155422998099
6888737,0.011399099966051963,0.041511947353956906,0.04050971609671856,0.0776601137148069,0.020369958239167683,0.12759138412749232,0.04336550789787872,0.04464134223050114,0.5929509303734257
6889024,0.024815710596777358,0.01009864609781801,0.013860751160385367,0.01081414480525574,0.006601270660667153,0.059008833371266306,0.2881251507347119,0.0205980822445021,0.5660774103286161
6890285,0.015790920892122827,0.03182831045697668,0.013981216122842222,0.015012306937415303,0.012800817229509973,0.47573916341263656,0.2614935492633029,0.0329349249531999,0.1404187907319937
6890416,0.013669117847086066,0.02782143410846869,0.039471902071060175,0.024175055511630916,0.008631234824924084,0.13525894147224413,0.10222857087842911,0.056860694594337624,0.5918830486918192
6890579,0.01689409742879905,0.013428696205861512,0.030551937027695496,0.012234381892723393,0.006168963014902489,0.07416910339699796,0.14630105982293437,0.033981383971194046,0.6662703772388917
6890917,0.028899423698557743,0.012136070611551267,0.03626046327730518,0.009760180215739538,0.007202927981616463,0.1375923765679729,0.32633144052052804,0.04015083618219161,0.4016662809445374
6891091,0.018201836485469535,0.024185957482945847,0.07823450650035776,0.1378248573016888,0.015370240874875261,0.07796580786013713,0.023251055211199766,0.050752312606152206,0.5742134256771737
6891208,0.01104373472740858,0.011923704958947219,0.022299009582894144,0.012692210573719985,0.005259933614355992,0.0837345829603308,0.14221298136670782,0.02189310494223803,0.6889407372733973
6891245,0.01478396813467791,0.013790758354024213,0.027415839109046256,0.01167717483928974,0.007829859679407743,0.11501407297768051,0.22390273558239626,0.0193762876593913,0.566209303664086
6891309,0.008917336917466528,0.018015165418333135,0.030977815490965264,0.014750652021735661,0.006957322611757838,0.07326581298851868,0.13070020400693866,0.02582436515889901,0.6905913253853851
6891366,0.019586106978889597,0.008576772457317788,0.016155107190189585,0.009282770511340311,0.005661791777645678,0.0681237725379727,0.187163969307454,0.019674555127835405,0.665775154111355
6891473,0.015123293122624136,0.018879491470442322,0.0363266280943509,0.03359614780185918,0.008670605277220434,0.1745587193001209,0.06101364881879685,0.03510153143898382,0.6167299346756013
6891484,0.009819722450679778,0.01230864839272152,0.01808461085200983,0.015599635323977028,0.005259194977642,0.06360876420563882,0.0937806036708773,0.02645607436896535,0.7550827457574882
6891531,0.01751830519762732,0.02179114039032795,0.020186495091332735,0.014771039241659473,0.009724532745721843,0.10237978310505425,0.259279757186653,0.03002434030167842,0.5243246067399449
6891557,0.01699767165912754,0.021476552811623993,0.07690708488960751,0.026867844401972277,0.00853755016509541,0.07077179230375315,0.05926834401343012,0.04535310633089838,0.6738200534244916
6891579,0.01045823742141075,0.013768270131117536,0.019132901775511676,0.011787456199075279,0.006828030277960125,0.07251747961682203,0.2076519609912023,0.01928008006290814,0.6385755835239921
6891867,0.03932167758908458,0.012740820576451888,0.016032726007621775,0.012788270620555568,0.008935585969326853,0.06392200627868926,0.5899843314106933,0.023334395516678794,0.23294018603089792
6891888,0.019326593632929944,0.013108708225494856,0.02500451969343669,0.021865725834601946,0.007193633164819864,0.06238156745461105,0.09179168360510156,0.05683505922973682,0.7024925091592674
6892297,0.02340908353488581,0.008513483471844661,0.012587531791130686,0.008149546837829527,0.00594594496751749,0.05293479120961398,0.3696461100258208,0.016042749530725042,0.5027707586306319
6892562,0.0162028230315242,0.011795439601229345,0.02145574198586379,0.010723893829288999,0.0059491399850464645,0.08288921139778803,0.2732359017358722,0.0307807727468475,0.5469670756865394
6892587,0.02955059249555578,0.012144280619163986,0.01856134491283892,0.013560553153119392,0.007001178891469196,0.08090869681736362,0.2513670118810167,0.02571668953553675,0.5611896516939358
6894293,0.010562197205283988,0.4962302078801869,0.04708557413645553,0.18169566637324383,0.060413730501729934,0.05806598504198426,0.013574449522858304,0.07414188771834007,0.05823030161991719
6895609,0.00929137346919976,0.02495631653110574,0.13200285333798384,0.07823486074386406,0.009059538022602488,0.04593851640719389,0.027678103138437004,0.04648470861975105,0.6263537297298623
6895723,0.026272244917313586,0.018877874964057986,0.02197849507200888,0.01324617427204847,0.010424813310068611,0.5852542697415754,0.14453842528023492,0.03058728500754271,0.14882041743514934
6895905,0.011150732645822295,0.01890745700949344,0.016024266935227058,0.009717214035439728,0.00894103521353718,0.5697894668265129,0.24160662246884237,0.022014505818561042,0.10184869904656407
6895906,0.020918308144088866,0.018526894698404593,0.021806742387288535,0.011777568096876188,0.008659485668656293,0.5567734565295103,0.1971726512418828,0.026897345563221518,0.13746754767007097
6895927,0.028462982090558493,0.02570035457434668,0.022123603259415363,0.01806112536953936,0.014359296248755104,0.6083216292579446,0.16099150936035989,0.032088878745240856,0.08989062109383957
6895938,0.010935869152611893,0.018863161953625085,0.01462416342397672,0.008877676150493714,0.009864680376868464,0.5535106260758381,0.27419796391099927,0.021164391911769727,0.08796146704381717
6895939,0.011674750322305846,0.01893495418779157,0.014016921439578505,0.009404010227165267,0.010128057417210136,0.6009990782264503,0.20974010669604687,0.022612144703859364,0.10248997677959222
6895948,0.00964267938227427,0.01886700763499406,0.016461001910012117,0.009852271059077483,0.009229316512147508,0.5957734717788363,0.20447098141702633,0.024854132051810893,0.11084913825382106
6895973,0.01638368306899121,0.019054362456900016,0.018947585338016572,0.012139855636684089,0.008331570982429962,0.5519776204583257,0.1956850264776211,0.029711512112103242,0.1477687834689283
6895974,0.011188949627031876,0.01735917750640877,0.015987224893507117,0.009263860056131392,0.008143443635053284,0.5378489648987602,0.24972677302346089,0.020122325321524113,0.13035928103812247
6896754,0.011245113941624864,0.013703632008075907,0.017761383024711464,0.011074291663640276,0.006106845045946583,0.19814116298174764,0.1990033386734171,0.020643878662361493,0.5223203539984748
6897915,0.00811384050848554,0.11852835282594379,0.11959675970413937,0.17669690482871198,0.0271189086540049,0.18518748995628345,0.033111807680377074,0.08566872305217235,0.2459772127898814
6897964,0.08491006450773322,0.04298149707403914,0.07398699144811838,0.060577854048222704,0.08865792086859513,0.19287890454128268,0.03087208576183543,0.08680475376508687,0.33832992798508643
6899282,0.015022981285935152,0.010523337399826327,0.014706889123091146,0.010086755105828002,0.0061375177257258174,0.07614461021233686,0.4217941257410507,0.02048463921820401,0.425099144188002
6899294,0.021883165906948682,0.009585466437896933,0.012420279794896799,0.010017400412879062,0.006494459368484624,0.06652968115528114,0.4522336657940397,0.027932693151092244,0.3929031879784809
6899376,0.010354621882331438,0.02217312059268206,0.04410907012985087,0.017476764880532958,0.007642531078050793,0.07121320179558406,0.12844260673335497,0.038367411310105355,0.6602206715975074
6899506,0.025173695573599515,0.014626568329753916,0.012440349489941655,0.009251463079734838,0.007260676792189711,0.4203540578974089,0.24212589039754795,0.02606371549095726,0.2427035829488662
6899530,0.023561048454351547,0.015906080592929316,0.02419552786958657,0.04649919259728158,0.009313852165487434,0.07598670787630811,0.04439699528560677,0.051719780599847665,0.708420814558601
6899560,0.020421827503932607,0.011132193741696021,0.016580242911755916,0.02067338343893592,0.006861928163734188,0.1348269227344781,0.16402487022884232,0.05199045770528575,0.5734881735713393
6899670,0.024194854895497983,0.012439307453306042,0.024241793207160873,0.015556601324276612,0.008963778842817242,0.12506443400622805,0.08826654783079631,0.04243676224882338,0.6588359201910935
6899695,0.016787287848528284,0.014513086533204381,0.03039524989006698,0.021028218750584277,0.008713860722056448,0.1236409883407663,0.05746645532790706,0.05181525242159335,0.6756396001652929
6899730,0.02525888585207572,0.014218307438181204,0.02029803950388611,0.014370309850344173,0.009165810666675347,0.14970880387762392,0.17435874865542034,0.031023915149936163,0.561597179005857
6899754,0.036932597116920186,0.018444477857525125,0.11129741459087816,0.08767397367855123,0.01414877129724214,0.06392318516104864,0.02123933733939754,0.09654758128466269,0.5497926616737743
6901206,0.010934815265984839,0.02612841172223273,0.03664488997900736,0.017044929585501054,0.00858690581692235,0.2663495682831383,0.2345247517611837,0.03979872089684957,0.3599870066891801
6902131,0.007649660443255463,0.015055812563092037,0.011209359262487234,0.009680928343215012,0.00927087579972075,0.5340715809235289,0.351849188506355,0.022199633528225023,0.03901296063012043
6902271,0.018543594938833105,0.04624157996988763,0.042622063802718685,0.06723149274971037,0.030667813541032523,0.2543579333470001,0.029770346829225892,0.06435388928481274,0.44621128553677897
6904326,0.023203571624271183,0.009755677346202168,0.0165954572244306,0.01876512784296294,0.005845705470591656,0.05666193660317165,0.0865699976236445,0.03422917431647051,0.7483733519482549
6908023,0.006512923399285802,0.12325121197221028,0.019824507582466292,0.3630173389377912,0.03943493458002572,0.2556470565775786,0.030512558356701382,0.09571644371826056,0.0660830248756801
6908625,0.01058798770302802,0.010759146203827624,0.01181236001595111,0.008477482142640767,0.006715712549856427,0.33697111141712055,0.465285145690432,0.015806299884232718,0.13358475439291081
6909657,0.01142834606559785,0.009985112559892043,0.014741224536604654,0.00957651216452357,0.004615694715620606,0.08199690060412537,0.17728712681744546,0.026852104519396795,0.6635169780167937
6909786,0.0351229106059006,0.011733731309406114,0.01617588921376178,0.02026008275896247,0.0071827625782716195,0.08284580563923406,0.13829610252466326,0.04639916720730006,0.6419835481625
6909952,0.013964067772528581,0.009462443595915419,0.012052204398279129,0.009423591432462582,0.005136866445729811,0.06251667333658976,0.2277331471800331,0.022508081423024816,0.6372029244154369
6910003,0.017885376425598055,0.009572060277296467,0.013561013254953772,0.010875594383779112,0.005359425846164609,0.061422313832286114,0.1665082615842882,0.03253924211068797,0.6822767122849459
6910407,0.006073602942056482,0.03536064369049008,0.012007931193037873,0.01647674731047004,0.02666581757489622,0.7791285450261358,0.04130424147989442,0.04431579729970266,0.03866667348331642
6910422,0.030508016825952854,0.011124407392626136,0.01901273279061689,0.013460431959109781,0.006618336428483114,0.08450687177622328,0.15091109733453573,0.03452569695736919,0.6493324085350831
6910425,0.020588182426131182,0.009369600968638486,0.012300110570849713,0.012992772356363862,0.005807893547617787,0.05900769554507426,0.1755714562989718,0.02908894038450092,0.6752733479018519
6910560,0.016601751730714164,0.02004913589582205,0.028637088292098156,0.07938140979085065,0.009988842925565577,0.0770527696813862,0.033560546955853594,0.09684524090480781,0.6378832138229019
6910590,0.01688348742624797,0.00864148834040373,0.013302775480723842,0.011991951511023707,0.005526838367805588,0.06730131838269834,0.21432295130742438,0.026259671172082975,0.6357695180115893
6912744,0.0047077238604129,0.03334935136929139,0.007790666242803909,0.015553558444493753,0.023872647172620172,0.8040008323113454,0.035789865216097214,0.04269232719182711,0.03224302819110804
6919118,0.014704070170349566,0.0214347166815758,0.04854433998530594,0.023304364741124267,0.009254241122616465,0.4851598493683213,0.12689380646509685,0.03405891751180164,0.2366456939538082
6920152,0.012520762809141179,0.020932508542956973,0.06049889303458502,0.019389137587402634,0.008171065645482381,0.3830898928149448,0.1165401744097262,0.03589455138787874,0.34296301376788213
6925791,0.007474379616408805,0.02282586067816775,0.012737385228808766,0.019454883508415684,0.011250077284983211,0.6707708419894964,0.11976135800907191,0.047490242830075774,0.08823497085457171
6926246,0.03768803298792398,0.016427449957737036,0.015163165231095108,0.013495075989630404,0.010706877330645792,0.5223612444625071,0.2811870962191815,0.02526399675771854,0.07770706106356058
6928841,0.015252895925625322,0.050888807375591406,0.032684805590799185,0.4548481000347926,0.10196087200332352,0.09832678464493162,0.013612029704186263,0.19668955923062223,0.03573614549012801
6928933,0.022035756133622728,0.034310053152597136,0.02248646975277936,0.014959567975085816,0.01979491976495765,0.6121132345198493,0.12347163518459123,0.045404104150774574,0.10542425936574217
6937241,0.023231707755850803,0.012848779378505357,0.03408169282982394,0.033888557548043756,0.007045842794904234,0.061653971952252806,0.0405191300009131,0.05478134659546471,0.7319489711442412
6938426,0.007807197485359005,0.05206322334659397,0.015178977083918865,0.012566135146142006,0.01674583741231228,0.675289500609378,0.0989132861453971,0.05570445512178327,0.06573138764911542
6938530,0.009208092954980198,0.03555321995938583,0.0108825267220893,0.010912313493737691,0.013288320195784738,0.6868951753038023,0.12582967290192604,0.048761711785979385,0.058668966682314506
6938682,0.008516915467829326,0.00829522081692264,0.009919467498841346,0.008015808256869048,0.005490033802380466,0.25577098464437203,0.46012727550014476,0.015753337711144066,0.2281109563014963
6939166,0.006104161992079039,0.02386003179228823,0.007392691545089781,0.00910803831898998,0.009866005706061477,0.7288837909891054,0.12350218025032621,0.03857061848804372,0.052712480918016176
6939222,0.01412637080972901,0.010048458089610444,0.010950521176630632,0.007894365250666668,0.00651250167275602,0.14650789583004864,0.7174059077215641,0.01978313221184077,0.06677084723715385
6944591,0.03083423288978075,0.012097560934499353,0.022141167804066643,0.01059790828044725,0.0078299955542143,0.4170352307632469,0.37801584680094874,0.02357788324509589,0.09787017372770006
6947293,0.00724147506571353,0.031808831971235775,0.029570199989052477,0.01763406843064239,0.0161790083144152,0.7031743405691566,0.0627428452295864,0.04025149540402658,0.09139773502617092
6952804,0.011469078106259403,0.019853384469520986,0.05341975232048986,0.025603327797323956,0.012046677020011899,0.501946062507194,0.06987805012803354,0.039167285476534024,0.2666163821746324
6975207,0.00925186140683867,0.025692176447428515,0.03238773686751931,0.01701958516372445,0.012704451044578931,0.71366193152629,0.04660620421776601,0.04726957690164165,0.09540647642421242
6975472,0.0069694561020615,0.02251580469333122,0.02150015626675616,0.011721237518571419,0.01092245224402511,0.7569147959970798,0.0673109965486197,0.03842131387211837,0.06372378675743674
6975490,0.005772826300719375,0.017758318263161807,0.015765542527631647,0.009324566886370273,0.009642790317042666,0.7861764748980337,0.04494168194923117,0.04008841079357971,0.0705293880642297
6976427,0.004957675721586772,0.017716327591657265,0.009157417596044543,0.00833812055918169,0.008483401394233741,0.7897296920945035,0.06963243136603724,0.04285007649630173,0.04913485718045365
10551287,0.02095386398577101,0.029848086272657462,0.015472164520186437,0.023617052056590364,0.023052234227088325,0.584325246389028,0.1486159670144795,0.052658434065762344,0.10145695146843635
10554874,0.6519532898282948,0.029040489539838763,0.024089936295312336,0.023672636996208227,0.04083445882541514,0.06593402088321125,0.07036217251877074,0.030843551337096403,0.06326944377585228
10555071,0.018657573813585692,0.023003422660229398,0.02308675157186578,0.018504950418284993,0.01142148773814468,0.4261491536370393,0.15775119722129272,0.049947300086185205,0.271478162853372
10555459,0.011299390386681294,0.05659831381227808,0.09052890133714701,0.026891719563027636,0.02593177836798272,0.3438564646435212,0.052639243140438476,0.20214630074454534,0.19010788800437836
10555968,0.04349260704861866,0.043539459093391,0.044115253233311724,0.15809573543926855,0.0984176611545408,0.40970161605559885,0.01179239316428059,0.08345378471855742,0.1073914900924324
10556692,0.04060843994334242,0.02647088950204526,0.026627629590022725,0.04062825507991819,0.014675764302670797,0.24822177528953085,0.11609166582299159,0.08478551012934778,0.40189007034013036
10557065,0.0073540446199098115,0.04735371007980336,0.009265129077314176,0.026107875826751264,0.03313398819875856,0.6970536900293359,0.06886489612289037,0.049916419695058556,0.06095024635017787
10557235,0.008295076836577361,0.0498060150132542,0.021165856299144376,0.04893848224485009,0.048283989608845945,0.6599253498647848,0.03150368890027199,0.08395172211580892,0.04812981911646237
10557310,0.028219123103840876,0.05716234064831805,0.12846200468885421,0.08569749790126963,0.0830121959709952,0.32383500184581543,0.01941747108652778,0.07084989360122634,0.20334447115315252
10557603,0.015384107214144172,0.0481934307946336,0.0188715280686367,0.03209688284591812,0.019397369536450805,0.5274597843647184,0.0974853568514237,0.05423889509122687,0.18687264523284766
10557649,0.00749873074836995,0.04407126238644882,0.016735222934400086,0.024329666843482974,0.03409455654611639,0.7009629329414556,0.04556685930574655,0.0613477287021355,0.06539303959184407
10559369,0.04992421069621334,0.03109695469369298,0.017038521592925435,0.019385669053208286,0.0230218070229166,0.5396047544780055,0.15149656606524453,0.044299964595711186,0.12413155180208219
10559516,0.01428477865073946,0.03601426111109469,0.01192933284598825,0.020239327613710646,0.024236113973423862,0.5621260349468019,0.2064481432195463,0.0480539095730106,0.0766680980656843
10559765,0.009255322392760964,0.07695920448528604,0.019133553828160576,0.024074603461958045,0.030229313651908774,0.5323292405057646,0.09860365775892663,0.08117904466556707,0.1282360592496673
10559904,0.040366159256794695,0.03625730286830207,0.01577863200400146,0.026981165833523356,0.02562206666766408,0.4967450137284793,0.17435516093275685,0.05364687428616621,0.13024762442231178
10561136,0.05858406507950729,0.04661811379251056,0.01796516406076026,0.029044808539233982,0.03371683478219785,0.5100847155073405,0.07378493551815392,0.06606664198466078,0.16413472073563493
10561583,0.027204749654500614,0.023246401867268042,0.015459906145383503,0.0192148163478192,0.012749110038968944,0.517303509886362,0.1976259696733778,0.06306024521359503,0.12413529117272484
10561870,0.012522275923108764,0.030219437840283407,0.00933861328401605,0.014192746545354724,0.019215249198217804,0.582901806037923,0.21992305068598567,0.03860617251540876,0.07308064796970178
10562711,0.020604337789186758,0.07467003489113179,0.029914500357884764,0.0932491348839363,0.08352854707711185,0.35836303876281417,0.027730465023161188,0.08321103487353076,0.22872890634124235
10566953,0.009060167893609958,0.01981396100083777,0.011023794408165134,0.00934172192942865,0.00960778454580228,0.46552251666934147,0.33821506911107996,0.04336793857065546,0.0940470458710793
10567563,0.09474300815617871,0.04019321496493868,0.02630463617329791,0.0254513187634406,0.03710689451205903,0.497787506565802,0.06603351515416529,0.06264420096348627,0.1497357047466315
10568512,0.031584812307050215,0.018396201078363466,0.017554435578724815,0.01393618387221677,0.011110255839524286,0.31869854167173606,0.3277965762102729,0.04153388678787306,0.21938910665423847
10569249,0.013526890485683608,0.025541130776920207,0.010366780645267984,0.01465125568515824,0.012786878690174775,0.5382150822287041,0.19543335402669376,0.043195405329597,0.14628322213180045
10569900,0.015254606911649664,0.2175953819340347,0.05132088879817452,0.110494805214919,0.41773689337133496,0.055095481754197186,0.017317761046302685,0.06294717592272399,0.05223700504666331
10569996,0.019419151760344575,0.021410812908494427,0.012122372851737652,0.014412057303481834,0.010402276969759355,0.4623193497809761,0.2987387710849143,0.040082558735877884,0.12109264860441385
10570047,0.01187236567139283,0.03409733881775323,0.011080343920175798,0.02037515308341013,0.019081300466444705,0.6280570376105478,0.13202323956435957,0.06874439424053441,0.07466882662538162
10570186,0.03245680827898405,0.03139936805378515,0.012216173137075492,0.02091891782362184,0.023201788245236613,0.5226647264066847,0.1662621622124712,0.06371436731496401,0.12716568852717716
10570190,0.01144766256954918,0.027332758868766203,0.008240200248779955,0.013840155416217284,0.016948594456199166,0.5437788796229741,0.2688129158609924,0.043789682543798024,0.06580915041272384
10570281,0.015179384105848313,0.0260012622004126,0.011586793904363998,0.018451262582383065,0.013380638897600952,0.5068880983109881,0.23975831183935986,0.049123847106891196,0.11963040105215188
10570444,0.3083833510997577,0.027399110904196864,0.020327619512089577,0.041602118944245155,0.037394825125138156,0.30288606881149915,0.055040852064927565,0.05964810533570923,0.14731794820243668
10570516,0.04076079589453975,0.02997280054605644,0.016029783379906112,0.02316317508954618,0.020016793781341486,0.5037781371356568,0.14970213926744763,0.06012159030033748,0.15645478460516818
10570563,0.022400812129779193,0.016595332179089206,0.012312153134586156,0.014385206125099737,0.00926602403128082,0.35471208812369,0.3816781761601768,0.04751199334159714,0.14113821477470087
10570908,0.017691507855791603,0.02118364149531615,0.009321621733527052,0.014460157313762727,0.0126488700445358,0.4926057772650199,0.3048242543268005,0.04511725375583628,0.08214691620940999
10570962,0.013541963166300573,0.03502996704124459,0.12523071375941533,0.016224940945190162,0.01704097252971548,0.41910951894480225,0.053594120028247524,0.21479444079736668,0.10543336278771742
10571126,0.0568801105078,0.01728059086131322,0.018383194966220703,0.017062201549745002,0.011184066309857741,0.33421114941631336,0.2149026259695771,0.06292290915311,0.26717315126606306
10571129,0.08683745523116554,0.025461052471690546,0.017789009637244634,0.04677367231010816,0.022060174005524548,0.46338249215903443,0.04037067390654713,0.11466692335337647,0.18265854692530853
10571130,0.043442699467303635,0.030584297076610076,0.0257076008854341,0.08112938876549791,0.02488411809838144,0.44395110132761895,0.032554405025628855,0.13535919355474546,0.18238719579877977
10571150,0.05253625697947599,0.0345784037621824,0.01930458096845865,0.02713085689497413,0.02132845793084351,0.4940640130537199,0.134421766068113,0.05512652188255511,0.16150914245967746
10571157,0.039495457404736346,0.015369015147488835,0.015782192205865766,0.012482382954102669,0.008872013440407965,0.37851393135892214,0.31280813718121564,0.0395514173405979,0.17712545296666268
10571249,0.02120112680169593,0.02278508218916628,0.011334462145326626,0.014979441683516016,0.011602354983515108,0.5419367725001529,0.22264593778895977,0.04693332230438548,0.10658149960328184
10571563,0.017308458975988688,0.09333607011567838,0.07782904653593634,0.04393896479329959,0.04906172336130419,0.438129203188639,0.042097039728116445,0.08262371041894813,0.15567578288208916
10571600,0.03520076542670538,0.03266048291865595,0.011820486535020575,0.019075965142561317,0.0215938236849078,0.5497415653862144,0.13503805896223153,0.06616782284170301,0.12870102910200007
10573894,0.026014747052440817,0.03203042181081441,0.026241525986936725,0.04674299572201603,0.019361419096564247,0.49746334875060916,0.07298528716564415,0.1282134879687645,0.15094676644621008
10574347,0.04488586565624638,0.028026765961442372,0.020919616481880794,0.029948860467517956,0.01671438799517488,0.49747523339231525,0.11220509781070233,0.06971095530951261,0.18011321692520738
10574370,0.039576249723983756,0.025811918888564846,0.01566921610341432,0.025794139994734736,0.015887493671550356,0.5201261820594231,0.10858049056675487,0.07312131363903328,0.1754329953525408
10574372,0.025104905120183246,0.020446373765321005,0.015842544465611254,0.013710832098500205,0.009208974466333507,0.43905353968368604,0.25860492170593014,0.0412976333743387,0.17673027532009594
10574408,0.04969401369938547,0.04046370045528844,0.01815389799079423,0.06312393531556036,0.03765108458892376,0.4971198560151901,0.034512879296596834,0.12142925566766075,0.1378513769706
10574430,0.02710705887519259,0.025938830184786026,0.013822738285706267,0.022089902662833272,0.014761469483047242,0.5188988291198374,0.12013803021035852,0.05931988122926602,0.1979232599489727
10574439,0.037084253569142835,0.025604863734037496,0.016196987254405826,0.030421381063166518,0.014921264002411358,0.533199161891851,0.10514901898879284,0.09157717505318448,0.14584589444300752
10574456,0.0361237584901035,0.027770178082543014,0.015102123880936541,0.027963234993199176,0.01601000420608806,0.5109761780640528,0.08148418368460984,0.06388127274913957,0.22068906584932754
10576038,0.1591381959418087,0.030050862914912907,0.03236728488222137,0.02349238120541281,0.03160864617585372,0.4753860966923859,0.06668981126905976,0.06708445815536307,0.11418226276298185
10576770,0.02906026942981824,0.0279113552252397,0.019740992950378348,0.040547511593259124,0.014195040509148405,0.4918511460809967,0.09981176008478014,0.06221698072937487,0.2146649433970044
10577118,0.009788469887699878,0.058949706513887,0.024576050353743342,0.023505050672688575,0.015696008127362545,0.48873178798958583,0.1402685749395332,0.09927942006700913,0.13920493144849058
10577354,0.029907490878115776,0.01980965227977242,0.017221714005925835,0.012536704785073006,0.009522065346908765,0.4910161590186176,0.2797179195970889,0.03662376380411622,0.1036445302843813
10577622,0.011471407809111895,0.042428132454082286,0.022968485162183545,0.022402671671186355,0.015034056647316944,0.5093823769029147,0.11921581416791474,0.092483871536251,0.16461318364903874
10577723,0.023713097019842654,0.025759245013211935,0.023370765161930446,0.019521724797430317,0.012354237687889201,0.5253845694321733,0.1664331568855574,0.050424218186776,0.1530389858151889
10578130,0.14311055747301568,0.03087776690537601,0.01911606779242631,0.024232890966743675,0.03183055711321697,0.4706527481644833,0.07222895581956862,0.073685192878678,0.13426526288649143
10578295,0.017449386665709454,0.020756125360476045,0.01020672407484682,0.01542352532149625,0.011053025782182016,0.46369070617320063,0.29468913833694893,0.04003718315144294,0.12669418513369685
10579132,0.012025288633912107,0.019542421816520213,0.010667153790431271,0.011848116579731683,0.009359803630698176,0.4677773923932356,0.3448955161285018,0.026486573769600542,0.09739773325736861
10579372,0.011076827438851002,0.022390700483166243,0.014692113634750967,0.010189911270746121,0.010661838451060415,0.46132390570949466,0.34250087543412505,0.040028644398247694,0.08713518317955783
10579452,0.007550338747993678,0.0657705532373325,0.016168104111215748,0.04932295862038074,0.052687350830595586,0.6083773920380724,0.05560176888196731,0.06441282932487219,0.08010870420756969
10579754,0.007095785919130983,0.04347696498497614,0.015578153938073826,0.02507154706991413,0.04856673867774723,0.6833399802925738,0.044546411057690236,0.07125910233421155,0.06106531572568205
10580098,0.011973752763042168,0.025169684117461354,0.013579094114521365,0.01526136097568534,0.012984750210087806,0.5480254340838033,0.2340818938085776,0.07117447646305188,0.06774955346376915
10580150,0.015413238269715392,0.02809539659364051,0.014397047513260585,0.025406073779668224,0.022622313758396222,0.5788731059639783,0.15472090465428578,0.04874618613886401,0.11172573332819094
10580642,0.044440161623285124,0.027539252727654416,0.014748818243960722,0.026881255582900162,0.017881654214484313,0.5178384315780311,0.1553027992335767,0.06385617700593421,0.13151144979017326
10580740,0.036015976409510236,0.01751956635229602,0.013580929644633805,0.016761977610305713,0.010884077313525326,0.44773009791799423,0.2671923849049302,0.04652602625521771,0.1437889635915868
10580745,0.02089629476257333,0.019937473753265923,0.012860776052474581,0.015546202034854309,0.009435683679366057,0.4309991473357118,0.27156996463130667,0.044043459980133044,0.17471099777031426
10580771,0.03528584972843563,0.021635346410247704,0.019202398157411066,0.04537857301822469,0.014388147387894247,0.41700781931592756,0.09093380388907359,0.1502752928073614,0.2058927692854239
10580995,0.019451547687936308,0.02758192499316956,0.02380869327604864,0.022350597510251723,0.012424552219647932,0.46203564543263653,0.14872031715336612,0.0719152917613696,0.21171142996557366
10581310,0.018781038872983265,0.026059353098423402,0.01691845508232926,0.01700347841396545,0.013765313139669832,0.4838522447364752,0.24546343302673299,0.04902767039817674,0.12912901323124384
10581368,0.07050068884290217,0.03969434314085149,0.04504659525449556,0.0752382884420477,0.04545350431266976,0.45448732745816933,0.02206867680093314,0.08735462208061111,0.16015595366731974
10582173,0.09522848854958346,0.03358925509906594,0.018672456586897677,0.02565331994659446,0.035192541878274745,0.5198434233301491,0.09554778467378193,0.06849947602872168,0.10777325390693104
10582418,0.3463974511170724,0.025993661393563322,0.01948800777176955,0.022231115016974952,0.04172965480918232,0.3562945272331805,0.05233355530665288,0.04033062722917051,0.09520140012243358
10583009,0.011663682014496773,0.021386240855584215,0.009556131186934073,0.012626078441283608,0.013457835980877332,0.4962535484598375,0.3395392041129294,0.04027497794044494,0.05524230100761215
10583434,0.011507923374868717,0.06943411436990618,0.03746245129508096,0.1996402237593894,0.020863592186680876,0.3894992719927755,0.08132349318895732,0.07935856963994503,0.110910360192396
10583521,0.010432800419803075,0.015275316942211516,0.007491888590049473,0.009686871096747632,0.009162482952993973,0.3881432396388177,0.4733095769468183,0.026513260287190643,0.059984563125367686
10584210,0.011784561982517297,0.02023357897392587,0.01654363629580998,0.013165342810889928,0.00893788736949243,0.47462994465059627,0.2667660120302016,0.03703707015948673,0.15090196572707987
10584222,0.018832197366659902,0.016490148651379676,0.012789010227980967,0.01142106827046125,0.009369986209066289,0.4928615848043882,0.2983954060115154,0.03683398038332745,0.10300661807522087
10584314,0.020996173250949064,0.016281264281040733,0.020854483990393226,0.01240253302359938,0.00855701489787511,0.17084235895068794,0.16916605434501217,0.05812985133905697,0.5227702659213855
10584430,0.03299816310443023,0.014653287139682525,0.013585157321999363,0.014056935635978419,0.00951437030369157,0.4333652427460053,0.33157368432686324,0.0340133270524258,0.1162398323689235
10584519,0.01586388741418395,0.07986953597864332,0.024710048684287673,0.02138617267838691,0.03448451680359749,0.5163794379892086,0.0895316024536466,0.10021401983771634,0.11756077816032907
10584820,0.017932202736771947,0.09135338500595495,0.017676709837126988,0.027406966449678695,0.06523976860466575,0.5410801252377,0.06854609030473718,0.07859776487979522,0.09216698694356928
10585136,0.007940677089645508,0.12971306636479632,0.03989252920089786,0.09091912179003321,0.025490387623375667,0.49541680039126706,0.044238360866195814,0.08172654924699176,0.0846625074267967
10586849,0.020474607182460174,0.031678610383991224,0.013487373039710848,0.031084297659771245,0.02289177467801761,0.575079486606486,0.17155203386574536,0.059629073358707915,0.07412274322510957
10587734,0.033061574000418294,0.02398296813153105,0.012684875580335242,0.015934041943687045,0.016745714092308545,0.39624861198655337,0.4047761103080271,0.048569828943019026,0.047996275014120265
10587840,0.022164079518833448,0.033989509934782045,0.0155569230650077,0.02169831931564887,0.017396970349756114,0.5478600062278173,0.2008850342871389,0.05073556980155332,0.08971358749946234
10588529,0.016655689764232543,0.007830117265393321,0.008047077408716794,0.007333923069232715,0.005850260954669548,0.03247501921895036,0.8384458493932964,0.014787518378597028,0.0685745445469113
10588664,0.021504572218125052,0.00873066882890169,0.009860393520453677,0.009538949165055382,0.006717156411240863,0.06393392102391252,0.6936194342232395,0.02105206259113207,0.1650428420179393
10588792,0.01821842111297422,0.009525768150607144,0.009997774696901152,0.009739252211232906,0.007238150713726436,0.044190851589848784,0.7254727981326101,0.020377252692249482,0.15523973069984967
10589349,0.012424848625716496,0.015424843373020183,0.015262028604262673,0.013268454515284115,0.008936187164532301,0.11675606969176905,0.24253667971426793,0.03310723772230683,0.5422836505888403
10589410,0.16738905956422612,0.017062664855933822,0.032889115752756506,0.03689615758900648,0.013626042758785935,0.34491029729346434,0.08320321808530938,0.0875885448637841,0.21643489923673334
10589411,0.030354292871188578,0.016203037502332606,0.014042383482660058,0.017618980681081916,0.012813908143465285,0.2863105597413055,0.22582999113769425,0.04792785659214067,0.34889898984813106
10589472,0.04621158876980819,0.014642942713890168,0.017468781488558294,0.014766114280559807,0.013156182623057575,0.08686109409952769,0.2353754750442773,0.037315558854803046,0.5342022621255179
10589485,0.03976281789756939,0.01459244517635616,0.019032373867142783,0.026562708741275434,0.013972920959715128,0.10775043975381372,0.09937197421993621,0.05921133565617856,0.6197429837280126
10589763,0.007981168902833862,0.09121955421472568,0.02686162593523627,0.03930825171537752,0.02091521980668111,0.5135150334458435,0.08150885311194632,0.11108540518835455,0.10760488767900107
10590733,0.012974184781414808,0.06903649641976502,0.016279805904810367,0.10176537863438959,0.05174261205122493,0.5579977110462149,0.026738117747816443,0.11093743112931663,0.05252826228504734
10592587,0.44933692678931886,0.027079165970276153,0.021816954469056304,0.027630504530815544,0.05982386309082547,0.25077274065600264,0.03791471958308747,0.050960483677096526,0.07466464123352104
10592944,0.010081673448732214,0.057299518561015346,0.01804666721578819,0.04073521725208018,0.04509645461599732,0.6189721423995037,0.0549132593858732,0.06298115314999271,0.09187391397101707
10595034,0.05486994235841514,0.05222707500460358,0.01655830713963421,0.0309345477455945,0.041952776395571316,0.5081602754485258,0.1280397345088906,0.05359439811474611,0.11366294328401857
10596119,0.017775344603343794,0.03768370817250086,0.011956067924145705,0.015328663241210124,0.017422092351127277,0.5472599367130674,0.23855449266966966,0.040075751433807705,0.07394394289112745
10599481,0.011135169789946152,0.02874329670357088,0.007784772811628447,0.012458697998121705,0.015771353801937102,0.48311648996105205,0.3338041867238996,0.0460991453833303,0.06108688682651383
10599552,0.10638568066934007,0.016259967356462693,0.01757638577664232,0.017553091816840352,0.011351614897348117,0.4428569122096082,0.14483244162250763,0.05574166966508813,0.18744223598616247
10599609,0.027278143298582563,0.012109837204633272,0.02042078010707793,0.012911174713544703,0.007277600994066891,0.10498004180324441,0.25840308498463244,0.029533364671537655,0.5270859722226802
10599643,0.010544176654599014,0.01801060613384071,0.00977015611157981,0.011622911176744646,0.010077220992897512,0.45952953308043504,0.34410741018348134,0.0412564558688642,0.09508152979755774
10599718,0.0526635801517883,0.022173192900701747,0.01949300632486093,0.03428556645283196,0.01717271899979204,0.4704193690265728,0.08839751069909721,0.0924285189963699,0.2029665364479852
