track_id,Clutter,Cormorants,Pigeons,Ducks,Geese,Gulls,Birds of Prey,Waders,Songbirds
6868504,4.652619548996715e-06,0.0038592879598224774,7.55295947495276e-05,0.0975195370139146,0.8985293396028412,1.2988960010142809e-14,1.9834889952535618e-13,1.1653191853983983e-05,1.7057993183002445e-11
6868536,1.3432088252270454e-13,2.3727531088964234e-10,4.973739597325105e-11,0.999999998362747,1.349772790214159e-09,1.1112183603004766e-21,6.219422507200587e-21,3.3298063832691543e-13,6.7204885137917885e-18
6868565,3.7742469934005286e-08,0.0023316953431740286,2.543957355040508e-07,0.0023651881583779517,0.9953014796430093,1.4276894826904277e-15,1.1146337089746151e-14,1.3447170087525959e-06,2.1224749367919267e-13
6868861,7.629942121119413e-22,7.121419897467288e-13,1.793476863607964e-22,7.980891201750413e-15,0.9999999999992799,3.4019200379368517e-28,5.6836597936788056e-27,1.1729032352703423e-18,1.3315989022157041e-27
6869275,2.045707268034529e-24,2.380018183831287e-13,2.1152051562426235e-24,4.044402642811362e-16,0.9999999999997615,3.04990969662093e-28,2.530319550449849e-28,7.088156040472703e-19,8.429057015071427e-29
6871418,2.6525154965847177e-09,0.21378395693368982,0.00013605750374429015,0.7502229807801073,0.035829910311724056,7.592308258470487e-13,2.218192577518386e-12,2.7091808634395652e-05,6.607233751672731e-12
6872996,0.999986709297328,9.526088367581116e-10,1.6306283570018407e-13,6.059985074640753e-12,3.408413341347941e-10,1.422735797066913e-12,1.328847661044634e-05,8.835216985923366e-10,4.1443899951677075e-11
6873817,4.966128193928416e-06,0.41012686553418565,1.444240124092454e-08,1.3421503942669496e-05,0.5888854711826061,2.853055697004924e-09,1.4114140496558068e-08,0.0009692441341582579,1.0731602388352514e-10
6874023,9.279385689907071e-10,0.9938063161650932,0.00010324524872245953,9.617989594327701e-05,2.3192142356286038e-05,1.0909578018964274e-06,3.702577390909918e-05,0.0059328277504639435,1.211377711826614e-07
6875504,7.304939461336363e-10,0.9992170163585846,0.00010900837414681444,0.00018686829545715337,6.737477223214456e-07,5.4244548844746625e-09,4.192261719459427e-05,0.0004098755687943408,3.462888315134821e-05
6875899,7.852712381008345e-10,7.079641837871605e-06,1.1480899642926767e-11,2.4887228176499266e-10,8.034425772070718e-12,2.206748890802181e-08,0.9999922017105431,1.907589513554095e-07,5.04767519819674e-07
6877293,0.00040728048221614743,0.5318345523879286,0.0017694222501913799,0.17279780856456642,1.4872647316955758e-06,3.9911995151021947e-10,0.00399455773117769,0.005905037296392515,0.28328985362367565
6880408,4.3838413027976803e-07,0.051900023620118765,7.347299070299504e-08,0.0005567382117110045,3.06267278518851e-07,1.1051528910925628e-06,0.9468194061987251,0.0006810143196674057,4.089437248719987e-05
6880690,5.2753938226248135e-08,0.74849380510454,0.004228011403809301,0.23547480552823394,3.7505366046368855e-06,3.6764648016197596e-06,0.0011931704640111068,0.009747279416152572,0.0008554483279085392
6880833,3.836037185096607e-09,2.7332923633630744e-08,1.177932502254393e-08,3.879618416884059e-10,3.6180079259445644e-14,1.7481823621858156e-12,0.9996140910705871,7.652679925955596e-09,0.0003858579387010084
6880956,9.712346639668822e-09,0.6465863149543509,1.0006982649059683e-06,1.1370261368132305e-05,2.2669323129437617e-06,0.00012054806289044444,0.3370138367104354,0.016261784643968644,2.8680240619252317e-06
6881733,1.834209174558948e-22,2.735652902230117e-26,4.176250139948213e-30,1.4696806293705424e-26,2.567714089364305e-29,9.585855945870231e-26,1.0,8.655674822984165e-25,2.759359923631424e-24
6885154,0.1446067932389213,0.3504282795799679,3.3141843326425953e-07,0.001121531359579015,0.00010845600856159371,9.522679703563891e-06,0.28663973555049715,0.2162608958767982,0.000824454287538069
6887294,0.004376446290821447,0.26511532063823323,8.994937586950535e-05,0.00040180327219265074,7.84348456969701e-06,3.524597061554077e-05,0.6892419700912789,0.003886463590552802,0.03684495728586646
6887586,0.07758789744143169,0.06362179375273448,0.000648746412876781,0.007534135339984222,1.1333510984944609e-06,9.797210238901376e-08,0.02112512423901026,0.018252836717063185,0.8112282347736987
6887600,8.354435356555525e-05,0.009995578347749631,0.00170551016837999,0.0014400312760943623,1.4218093993361901e-08,1.194726318609051e-09,0.014571594735182672,0.0005321102432358374,0.9716716154629716
6887637,0.00010609381099599253,0.9964624436866129,7.868407587991852e-07,0.0027976383340587783,0.00018309509301893786,2.1040339954879554e-09,0.00014187819679939428,0.0002722877256614553,3.577420805963331e-05
6887702,0.0033120792384314225,0.0012861460001336736,2.7461539890216494e-05,3.757956724093567e-05,9.45911913303775e-09,9.274232405948575e-10,0.85618159271997,0.0001084544636610026,0.13904667608413043
6888243,1.6986273846364218e-05,0.9686073235387244,0.00035424165490586054,0.0038162421867022167,9.111693192795087e-06,1.5217643440378355e-08,0.0024902978999859463,0.0007078197867917314,0.023997961748207078
6888737,2.1588506852514405e-07,0.7093802246636832,0.00011340979210129642,0.2890437125905395,8.723905682420066e-06,3.7009801109066677e-10,2.896612489489805e-05,0.0002126811252106988,0.0012120655427212549
6889024,3.1980917659756113e-07,7.14858618258771e-10,1.2550558738512971e-11,2.379983367278823e-11,1.2146736950032196e-14,1.1910402993265807e-13,0.9999838748707808,8.051974889284062e-10,1.5803763504682472e-05
6890285,2.242673875505242e-07,8.066326470198762e-06,4.125308299869168e-12,2.014461347924186e-09,2.124716175227214e-11,7.232405402372023e-10,0.9999916157912061,4.5467050129449546e-08,4.538481161057439e-08
6890416,1.9413766521358754e-05,0.11166933032086847,0.0008487594609147063,0.0011652145951775216,8.037092648453805e-08,1.534538476377892e-08,0.8238995096102733,0.003549503630379106,0.05884817289955419
6890579,9.515786571007531e-13,2.006618830253698e-11,7.81847161718272e-12,1.5323220495373831e-13,1.569082624228144e-17,1.2747007892554369e-17,8.183660366035342e-07,8.426256421585814e-13,0.9999991816041313
6890917,7.755837944395179e-07,1.734811431860313e-08,7.541363154937387e-09,1.3416029948890508e-10,6.882779562736839e-13,2.4625893649959056e-12,0.9999964748433134,5.2855541000324906e-08,2.6716905623291532e-06
6891091,4.180180051790961e-06,0.00653867160135987,0.005743681446677766,0.9873457808828678,1.026276673025125e-07,1.3396734233927764e-12,1.2175179499822556e-07,0.00010471337306862514,0.0002627481351721716
6891208,2.9060610986887973e-07,1.6268198856676647e-05,2.4963650372427034e-06,1.5201883196455792e-07,2.1960217558482303e-11,2.6566475148846225e-10,0.9659005453757816,9.380367459210973e-07,0.03407930911101185
6891245,4.022097092833938e-10,1.959765075677978e-09,3.3323085062995714e-10,2.428550308714929e-12,1.4223915535849109e-15,1.285904663102175e-12,0.9999358997273569,3.413069695476201e-10,6.409723241475607e-05
6891309,4.191414948764632e-09,2.85596436341822e-05,3.59236162179072e-06,4.3524507374345496e-08,5.265318895221561e-12,5.1647240862790376e-11,0.9591237590609071,5.880779372755967e-07,0.04084345308306459
6891366,1.803412066121134e-12,2.6972234362298513e-14,8.001268294073807e-15,1.3463464392199996e-16,8.275937376820653e-20,9.487276122002697e-18,6.464388556484495e-06,6.613779678267119e-14,0.9999935356095389
6891473,8.964349307402038e-05,0.059674366964353576,0.0015064501755127151,0.005021908079575402,1.764385336957857e-07,7.55740835280483e-08,0.06988831798691315,0.001983066139364616,0.8618359951485891
6891484,1.3546647867843624e-07,0.00015532762602888512,9.721631939035245e-06,1.0179152961945137e-06,1.8221896458000036e-11,1.631920399097946e-10,0.24085918656543742,1.7860910550943342e-05,0.758956749702855
6891531,8.051726296064228e-08,2.0397936004081115e-06,1.0844382305163909e-09,4.026816430321354e-09,3.74150274096201e-12,1.2694589010734216e-11,0.9999789212691811,2.3240554948990716e-08,1.893005170990112e-05
6891557,8.729592197607114e-05,0.16467067285796436,0.5062333735454771,0.01220775809438266,1.1027327945967098e-07,1.1325093715809247e-10,0.012785386362602576,0.0008141755128903908,0.3032012273181765
6891579,2.5618887978378357e-09,3.421722292050426e-07,1.1513245999587852e-08,1.018176482173632e-09,3.714328154814373e-13,1.9621128674575196e-12,0.9991590663693779,5.602827807776741e-09,0.0008405707599202126
6891867,5.487830626917828e-15,8.15350390055321e-19,2.2659469505848575e-21,1.9043497642190376e-20,6.04345978366626e-23,1.0426472435461602e-22,0.9999999999999944,3.4409311314225194e-19,9.476291935135614e-17
6891888,0.0001792940379603493,0.0013481313036269684,9.254650320630767e-05,0.0001366136038899156,1.835580520127813e-09,2.8801415806501557e-10,0.771855212898598,0.0011295097266995184,0.22525868980242428
6892297,8.511082145657811e-16,2.0630525361083682e-20,9.446722262074026e-22,5.123151563046525e-22,6.147182630208845e-25,1.0051802072760806e-22,0.9999999999999882,1.6630491382083005e-19,1.0812221525399956e-14
6892562,2.0589370311057076e-08,9.455442607546951e-08,1.3200397992930923e-08,1.5763892989062263e-09,4.420942703443275e-13,1.1833788826137962e-12,0.9999637029451794,2.615770510106089e-08,3.614097490633904e-05
6892587,6.149807222330696e-07,5.1554064928475814e-08,2.628390380154579e-10,9.310745036559249e-10,3.8278199679846045e-13,1.6833271964007407e-12,0.999966517941128,8.196596060882403e-09,3.280613150915685e-05
6894293,9.824592644815457e-21,0.9999999993863944,7.314033921012475e-17,6.132099891032963e-10,3.919440470851313e-13,5.069923612805613e-25,1.206127089562703e-23,3.795408434597082e-15,3.849834319631852e-21
6895609,2.2726697494414486e-13,2.606937464611046e-07,2.6033549444824784e-06,1.5180387321370273e-06,3.0817895169040436e-14,7.847499133965572e-19,2.0412196740132072e-11,2.959884693725947e-10,0.9999956175959184
6895723,4.7631894143682704e-05,1.555925011564247e-05,1.4129912699743783e-08,2.5878037339784256e-09,4.142549118193371e-10,1.627780193842136e-06,0.999927012892432,4.502632227825097e-06,3.648418915617825e-06
6895905,7.05779442135057e-10,2.810204301593363e-08,1.4933131823185787e-12,2.5236269885758046e-12,8.540766806766645e-14,3.6764380407179305e-08,0.9999998950992558,2.5290972261519373e-09,3.679534183070479e-08
6895906,1.6938204414076875e-06,1.5773015693248344e-06,6.838274176892324e-10,3.5467710300591625e-10,1.3825304101767162e-11,2.1057658735355918e-07,0.9999947233238327,4.261808819537401e-07,1.3677443576496615e-06
6895927,0.00013968539780998267,6.366410886710125e-05,1.061410887617067e-09,2.5909336560612073e-08,5.98236944621986e-09,4.623575762280528e-06,0.9997843048180637,6.719720553846438e-06,9.69425825994257e-07
6895938,4.15689021159817e-10,1.519983895565377e-09,4.030115681853901e-14,2.409867377707383e-13,1.0894438761553418e-14,5.090482774703969e-09,0.999999990491187,1.9607936843191802e-10,2.28628581439438e-09
6895939,3.845348690664172e-09,3.0007967666236564e-07,1.3015618394275398e-11,2.507107604114034e-11,1.6485159339650105e-12,1.6142974834701838e-07,0.9999994147082365,2.0789094769484333e-08,9.91081600543729e-08
6895948,1.0366524815307437e-09,2.1038159698255512e-06,8.641702946487263e-11,1.4422640615366698e-10,7.294587619110238e-12,3.152490243035109e-07,0.9999972130740361,1.0768275165489949e-07,2.589036275400473e-07
6895973,3.495038470291695e-07,1.0024383432537658e-06,1.6518820197184544e-10,3.2272966452764057e-10,4.249472331165311e-12,1.6178699182334243e-07,0.9999961618613018,3.788915421979351e-07,1.94502580629125e-06
6895974,3.9451624814809015e-10,5.260490535766742e-09,6.328983129980806e-13,5.790031306546751e-13,1.268802476004315e-14,8.97354632042902e-09,0.9999999079512629,8.782327861417227e-10,7.654072665409919e-08
6896754,3.7549043777101945e-09,2.1326403360272888e-07,6.853773940538152e-10,2.6646912192034117e-10,1.984417714464102e-13,3.0165924507738943e-10,0.9998106720915051,1.3222251570169592e-08,0.00018909641360132176
6897915,7.614822859505918e-12,0.7210245917899809,0.0001754358336694123,0.27879389529069015,1.7413836047085555e-06,2.813329543348265e-14,1.9942665562350434e-11,4.331445410031393e-06,4.229059467343966e-09
6897964,0.024405723174028535,0.6564945471674472,0.0029519922143414895,0.27139310863057664,0.04205814914600697,1.6419753392749432e-09,4.287699198308197e-06,0.002621446216448313,7.074410997713658e-05
6899282,8.088998536653262e-11,1.9752851328266575e-11,1.707439065996708e-13,4.519780551124088e-14,3.1223422461411746e-17,1.6548125937187744e-13,0.9999995397668149,6.612416664889065e-11,4.6006603670013963e-07
6899294,8.085247045306783e-16,1.896849028688522e-17,1.4089708097221843e-19,1.3070609335992585e-19,7.729626476380305e-23,2.62207440679955e-21,0.9999999999999383,8.93949217968351e-17,6.083918839720303e-14
6899376,2.113162775735466e-07,0.00070230602645469,0.0003525537070770542,3.212533619646787e-06,2.1987136168205414e-10,2.3747010464693332e-11,0.9617523450507118,6.453445330822314e-06,0.03718291767690993
6899506,2.677738846445896e-07,1.0481950786574708e-08,6.004003321989615e-12,9.252155243802103e-12,1.161247904577997e-13,6.090470645982796e-10,0.999999057320671,2.440083956082904e-08,6.393982346000836e-07
6899530,0.00041217235261242053,0.04139476621245044,0.0006902952653786951,0.039176325831007955,1.5050091728415422e-07,4.919688699651006e-09,0.00898368965063632,0.02456991944650398,0.8847726758208043
6899560,2.1177465195257575e-06,1.1030191825557897e-07,1.2248420445435451e-10,1.365215708074335e-08,8.681033896592319e-13,3.5067863193705177e-10,0.9996246602279416,6.975131583610462e-06,0.000366122465848999
6899670,3.679003544682727e-12,8.407807732078762e-14,1.0932722169282986e-14,7.301068755129098e-16,1.4010969037505663e-18,1.483434748742443e-15,5.508765695586673e-08,6.1424207545753565e-12,0.9999999449024243
6899695,8.775225776709413e-12,5.35135091596078e-10,4.819151500738956e-11,1.6793899064846468e-11,3.5633174476420965e-15,4.6582571935369635e-14,1.009117795369449e-07,1.0610437611532985e-09,0.9999998974182308
6899730,1.1824203354212084e-06,3.6768023748644867e-07,4.662472017603389e-09,8.110297468708596e-10,3.8416585045700565e-12,2.9172462837897375e-09,0.9981963090000839,7.470671886496837e-07,0.0018013854375646713
6899754,0.00027224075813336277,0.008100606823338567,0.04037328258150188,0.9346026383547725,1.7013744103734846e-06,4.650372409842857e-11,2.2542106169153175e-07,0.015203671181539341,0.001445633458738608
6901206,3.860429374478222e-10,2.1346406999435407e-06,7.001025858452861e-09,2.1875732916801317e-09,1.551525915985882e-12,2.0170853753781316e-10,0.999990262802128,1.2168504071944592e-07,7.471094229119735e-06
6902131,4.294978583960976e-13,5.7909054664904585e-11,7.861743533044008e-16,4.601659715957872e-13,4.485502227135243e-15,2.740170057911606e-10,0.9999999995494642,1.1181974725816853e-10,5.895094284248377e-12
6902271,3.6265233433578655e-07,0.9175468004685537,2.1201570684068624e-05,0.08187775739884344,0.00019655200803180744,1.2086291753881962e-09,1.1865832218587385e-06,0.00028602566813429493,7.011244156718243e-05
6904326,2.3504535841936025e-11,4.617521473679995e-13,6.426365562613951e-14,1.2050114777443734e-13,1.821007359497916e-18,1.8721031871651922e-18,2.3598770664419064e-08,2.9557470550500496e-12,0.9999999763741224
6908023,3.584468091770919e-13,0.7057801194214994,4.6662903351698345e-11,0.2941699142160838,1.4296439923827844e-05,9.853758071294377e-12,1.7898244003975205e-10,3.5669682628437155e-05,4.00680749693001e-12
6908625,3.1224988110850456e-12,7.947558838350538e-12,8.336358830953793e-15,1.9049405812730885e-14,5.280909895929574e-17,4.984955115317364e-12,0.9999999968388209,8.120434176757209e-12,3.136976415022885e-09
6909657,2.0616278368062464e-08,2.8638867283366458e-08,1.0605368380910809e-09,2.1500841316428357e-10,4.1171858537313846e-14,3.0120467816169106e-12,0.9988258694587951,3.520853573175105e-08,0.0011740447989250621
6909786,2.549218875547701e-05,5.529915442070059e-06,4.369597029313044e-08,2.3032290479586484e-06,1.9607771861110963e-11,5.063265301002124e-11,0.9944860155323842,2.0518519312812952e-05,0.005460096848846669
6909952,3.2769676594392776e-12,8.606861694142289e-13,3.811972438741765e-14,1.874285771191365e-14,4.344850894256872e-18,9.51526213062398e-18,5.053319866118311e-05,2.963878500301117e-13,0.9999494667968478
6910003,1.5475943069931418e-11,1.9868611885157396e-12,9.331198933349806e-14,1.2389059754344525e-13,6.333347495821731e-18,2.2706456912871745e-18,8.133761095813972e-07,1.2762429724956587e-12,0.9999991866049341
6910407,2.1336182356893668e-14,1.218235675945801e-06,4.1885812567212544e-14,3.712585271619304e-11,3.9747903630991003e-10,0.9999986826445534,9.07554438510354e-08,7.9295554922555e-09,1.0309039981305227e-13
6910422,4.8769849980204195e-05,2.1565054350578935e-07,1.1030457350444644e-08,6.8466345888266e-09,2.4981012404920823e-12,2.848714390177361e-11,0.9984684623293323,7.480371075143032e-07,0.0014817862249593508
6910425,7.221616300561127e-12,7.14178416170957e-14,1.0186327936706114e-15,9.385686332985351e-15,2.0184437143384465e-19,2.376564681405995e-18,2.75414237735334e-06,5.903484255058519e-13,0.9999972458497287
6910560,4.152411098302065e-06,0.03620166618171717,0.00041198223671930483,0.9106467772714515,6.033924787970039e-08,6.084406352581347e-11,7.449625592555778e-05,0.01996076593887103,0.03270009930412516
6910590,1.8066390236438193e-12,4.644134250910757e-14,2.008147486715575e-15,3.283593454885165e-15,2.231859485515822e-19,9.36930267906883e-18,3.461046119474706e-05,6.949739952549664e-13,0.9999653895362518
6912744,1.4227835675510127e-14,2.0500584526447383e-06,2.8087781163124636e-16,3.676533235276256e-11,9.691447761454389e-10,0.9999978494336781,7.096135089938628e-08,2.8540563802863683e-08,3.015237892761614e-14
6919118,8.816109870238767e-08,6.2359024167629e-05,1.08002184233759e-06,2.323132777907708e-07,1.7995268400039837e-10,2.167427490525032e-08,0.9998761259594465,1.6319125844058612e-06,5.846075335479868e-05
6920152,8.607298263652019e-08,0.00022352751342259212,0.00013529441746718945,8.325047496370586e-07,2.58445243992298e-10,1.844470701093551e-08,0.9981551430417568,1.4199441859557824e-05,0.0014708983046094035
6925791,1.204033349939472e-08,0.007460069376263496,2.2308051678053553e-09,4.863209721411459e-05,9.42535598674765e-08,1.5583234312193166e-05,0.9918436215591713,0.0006296137637825644,2.3714445577703502e-06
6926246,2.707375995949495e-06,5.606352058298962e-10,1.144721692118121e-14,1.3309169669409288e-12,6.730781493236345e-14,2.965272646500905e-10,0.9999972912321189,4.247761164359487e-10,1.0853702581828924e-10
6928841,6.654058125895956e-10,0.002147550707883974,8.479957595674263e-09,0.9963877080895069,0.0012498173484406596,4.3988877089666904e-15,1.5302306709212726e-13,0.0002149147085373122,1.1043659247878134e-13
6928933,5.973257365824777e-06,0.020753939788032787,4.628619292666058e-08,4.288582203137174e-07,7.630693521994053e-07,7.826661006618157e-06,0.979073082002036,0.00015645302501994347,1.4870527733973728e-06
6937241,5.465910340214674e-10,3.8072348124135046e-10,4.3373462225996447e-10,6.175721173335304e-10,1.9460567068812196e-15,3.3986201206500224e-18,6.352662702585509e-11,3.342022012118384e-10,0.999999997623648
6938426,1.8466223764933812e-08,0.398065935348587,7.641945950638817e-09,7.821097465290598e-07,1.8885496454299124e-06,8.842230228113704e-05,0.6011127818277217,0.0007299338512187383,2.2990262962258602e-07
6938530,9.929006737654548e-09,0.0023496037882372654,3.265234797791859e-11,7.816475886518843e-09,7.177491594759528e-09,4.8564816528447425e-06,0.9976247437065564,2.0761660228591985e-05,9.407698397526998e-09
6938682,4.526671047266721e-12,1.3953245557202676e-10,4.089252988360218e-14,4.671302706733181e-13,4.424238140848958e-16,4.417219128393129e-12,0.9999999641356501,5.286789013949599e-11,3.56624973400375e-08
6939166,2.486305448762266e-13,3.3088742282422366e-07,5.588238362916552e-16,1.3440461763473239e-12,1.2168234082841539e-12,0.9992564910430908,0.0007431754461413238,2.6189345940559326e-09,1.6005107059995628e-12
6939222,1.5184974158332244e-20,2.1382192318864664e-21,7.162958653743805e-25,3.0283227297372386e-24,1.0004422457851057e-26,8.376478422255274e-22,1.0,3.343647152610566e-20,6.661710856049828e-20
6944591,4.63736805575096e-07,1.746385715749987e-09,1.9673266792048517e-11,5.278064567059193e-12,7.888452455838468e-14,1.4560509711177038e-10,0.9999995271816957,3.426968433247027e-09,3.7375094243805076e-09
6947293,3.1024508087344744e-08,0.961256901760516,3.070360578764321e-05,5.786184447252086e-05,2.2235212472965667e-05,0.0005056644998979389,0.0281665613708732,0.009952730344587121,7.310336884409303e-06
6952804,0.00015206470438695131,0.3694860152959173,0.011348483247150818,0.0054946729618223925,3.7860856236435812e-06,1.7726927021159593e-05,0.5279652876317847,0.009219783440107873,0.07631217970618516
6975207,1.6192469252755976e-06,0.4665415797410841,0.00014823117268150524,3.49792348643872e-05,3.461018130385068e-06,0.013207993898740887,0.39519423303816287,0.12479227158014779,7.563106926281337e-05
6975472,1.3752959090186923e-07,0.12733336684406849,3.1586904433403447e-06,3.3051819472561885e-06,1.4818930675629234e-06,0.009813657166382016,0.854899010299598,0.007942695136229059,3.187258673208062e-06
6975490,7.181478974058013e-07,0.10624860021460326,5.261438821364924e-06,3.963828784708001e-06,1.798915512915728e-06,0.055146839279053825,0.7833385704096811,0.055233709860235666,2.0537905409716805e-05
6976427,9.210677183769792e-15,7.46296086825575e-09,5.960464006689051e-15,5.28855213778256e-13,1.758653669103602e-13,0.9999992005798706,7.840674742156441e-07,7.88837027099056e-09,6.042623982252457e-13
10551287,2.757078915676637e-07,0.00038038618279627635,1.1709165108050854e-10,7.665877781328244e-08,1.390946614432902e-08,1.3279033619123222e-05,0.9995437144717433,6.199249265994817e-05,2.6142595415238474e-07
10554874,0.9999986078874004,2.8611562179112794e-09,3.6864738463399204e-12,6.15575909228487e-11,5.694039598726654e-10,7.140792849473646e-15,1.388431926704059e-06,1.7239904495326813e-10,1.2462578912852969e-11
10555071,7.731743904488796e-08,2.4908312283348902e-05,2.08170899422132e-09,2.5089312925506904e-08,1.1629735791273763e-10,5.017968744919446e-08,0.9999330696706006,6.481510484591237e-06,3.5385722185460936e-05
10555459,4.101346699830415e-09,0.5585454804754343,0.0010363540132967163,0.0001520116371205643,1.171224732632258e-06,4.094889284957008e-08,0.0002724719204139589,0.439895321310633,9.71443681294038e-05
10555968,1.0349780651187504e-05,0.18218579087526698,3.083675087332651e-07,0.7990067374762819,0.017405117890524617,1.4336820804477937e-09,5.370714734802336e-10,0.001391642853593622,5.078541946024012e-08
10556692,3.397776715036499e-05,0.0026712463646597255,5.005890604506373e-07,0.00024034982008923372,1.635504525045277e-08,3.153098698518379e-08,0.9915551476508417,0.0029372812205130158,0.0025614487016532047
10557065,6.8637945294617516e-09,0.5758635198299236,7.565420781879176e-10,0.00010738741898335129,4.207701939166255e-05,0.0020635791453787983,0.4192439755502458,0.002678682400481367,7.710152588080748e-07
10557235,3.553452672764614e-10,0.9013589955534732,4.596645258665344e-09,0.005155990707731031,0.00311944895926958,2.0703392269531675e-05,1.1238022748638978e-05,0.09033361470449966,3.7080177852126546e-09
10557310,3.2015009034366295e-07,0.9751836430046854,0.000798061491652959,0.02062070037349875,0.0006383415573533417,6.474065390523071e-08,1.1500683191603245e-06,0.0026188697997083666,0.0001388488140379012
10557603,1.0788007349794721e-06,0.791355059758337,1.2729408275208432e-07,0.00024029048497456587,1.9694856863693274e-06,1.3053125179547443e-05,0.20508312711504365,0.00316540401310094,0.00013988992286024558
10557649,1.6114947531610908e-09,0.912402827945529,1.4153441068921745e-07,6.574513393238855e-05,6.21856649419923e-05,0.002000235897133159,0.005845907926334575,0.07962189778573608,1.0565004873186198e-06
10559369,3.196140740591545e-05,1.9191065290586922e-05,1.6014737897691242e-11,1.6219197691834192e-09,1.912111643939869e-09,1.0921704750511466e-06,0.9999462325237707,1.4339942215129285e-06,8.528878994498453e-08
10559516,2.1390474232042785e-09,3.057754488334355e-05,2.0999699137827196e-13,6.073783368163506e-09,6.550953461220423e-10,1.5120596392365536e-06,0.9999654853359535,2.3796560019108736e-06,3.653538556714705e-08
10559765,6.992005258027073e-08,0.47839695872571797,4.678877450103353e-08,1.684576036465214e-05,5.6710117345195726e-06,6.969467045961163e-06,0.5196123845894619,0.0019291887411434833,3.1864995704446e-05
10559904,0.00031533914959903117,0.0035714544802563507,7.393518739845292e-10,3.7554433934828776e-06,2.9723627422105857e-07,5.922917967023124e-07,0.9960230845765923,8.265676055127359e-05,2.8193221849635676e-06
10561136,0.0045027174270558315,0.8380786658637814,1.0349912590084912e-07,0.00015875425708461392,9.065508717151053e-05,2.3254981006565008e-05,0.15219785855483256,0.0048142322394791855,0.00013375809046230132
10561583,2.0880473673720196e-06,1.4630190817777151e-05,9.968382086373343e-11,2.375706856528275e-08,1.850498051791208e-10,7.037665192677739e-07,0.9998466189929796,0.00013428491493846955,1.6500455755332e-06
10561870,1.0088961922519919e-09,1.8193959452110536e-06,2.2996995660622886e-14,6.609174408907922e-11,2.96112519503663e-11,4.080159184401594e-07,0.999997663430989,1.0710180209252648e-07,9.507230216656028e-10
10562711,3.2025415012252043e-09,0.9919673066135251,8.581181246148041e-09,0.00743302439199975,0.0005015363493980994,4.703891067747585e-10,2.435511152051204e-09,9.809877175070434e-05,1.9183703227149153e-08
10566953,3.0741850284207075e-12,1.8544061196928667e-09,1.392504670185254e-14,2.9259967348689804e-13,6.997203848691325e-15,2.3134870309428886e-10,0.9999999936076456,4.2655763761581084e-09,3.763537986977097e-11
10567563,0.47426212674194396,0.0070446295953776415,2.785947552076105e-07,2.2757724124632637e-06,1.2897979880618713e-05,4.312170403512883e-06,0.5173516418809282,0.0012626388727709147,5.9198391527495386e-05
10568512,8.230751212108372e-08,6.522199792350757e-08,2.6184369694690857e-12,6.797240866864782e-11,9.760168874933215e-13,3.064921246936448e-10,0.9999997843258285,1.8213809163452572e-08,4.9552793345006813e-08
10569249,2.976180283265031e-09,9.359843777440982e-07,3.1971062712894284e-13,9.068339473015805e-11,2.0890305173114406e-12,1.396665892949565e-07,0.9999982986260728,4.2770043438203535e-07,1.9495325352917365e-07
10569900,4.6149533053895966e-11,0.6534987675974561,5.716166225828554e-09,0.008033250672466258,0.3384676918421318,4.86127421528356e-16,4.110489129651863e-14,2.8412514917691874e-07,4.3931261924140407e-13
10569996,1.1246818106284928e-08,3.9934855656730846e-07,4.710043773050188e-13,2.0669777344530335e-10,2.256298340554739e-12,4.689605394864879e-09,0.9999995157152106,5.415436062678381e-08,1.4636023819158094e-08
10570047,2.6828713634113798e-08,0.0442616617474886,3.2111666393513695e-10,7.851719567361911e-06,6.086390115026783e-07,8.596609525947332e-05,0.9524696285336512,0.003173995564288247,2.605509032919269e-07
10570186,1.0366811989058464e-05,0.000936972990591447,5.0088447564326124e-11,1.7790626971728963e-07,6.210992651070365e-08,1.279862389249248e-06,0.9989641004232358,8.621117227189368e-05,8.286732379276624e-07
10570190,5.738914516983127e-10,1.8690950543325077e-06,1.0905361918136854e-14,2.970844226653486e-10,6.19115462123868e-11,8.577087734263214e-08,0.9999978393471435,2.0460410840363208e-07,2.4991823394852574e-10
10570281,1.3118402792561729e-08,2.2464653573479012e-05,1.5312350859342055e-12,8.819536326951467e-09,1.2931002755937346e-10,7.456717838223843e-08,0.9999737472043531,3.6488597377068603e-06,4.264637701430336e-08
10570444,0.9999904423226456,4.995357385813877e-07,1.3634396474034925e-10,1.9539979117566388e-08,1.2935698340206815e-08,2.5944903858308423e-11,8.205689102423343e-06,8.164834060364699e-07,3.331141057655598e-09
10570516,0.0006466391239730583,0.012269129464234162,7.36601609930893e-09,6.924016867158361e-06,1.0341584190950888e-06,4.61059929281748e-06,0.9860639575721303,0.0009849467135045658,2.275098556252047e-05
10570563,1.216374014698532e-07,8.139068490910215e-08,4.654905561422869e-13,2.576068908554414e-10,2.1127545138714453e-12,2.0875642868477363e-09,0.9999993061792292,3.4597554013540674e-07,1.4246939482980194e-07
10570908,1.0748937573251144e-08,1.297629804742604e-07,1.8452472381183026e-14,2.930262766297605e-10,4.850078384317782e-12,2.6024182411733763e-08,0.9999994216468776,4.0892690698452476e-07,2.5922201932297575e-09
10570962,2.591946100744238e-07,0.0017208963738856644,8.553858752306285e-05,9.572152611507937e-08,2.2511496879216396e-08,1.1302381819901534e-07,0.00035606467820288357,0.9978366010962377,4.088126993770667e-07
10571126,0.0005071834972138814,6.729298088954015e-07,6.632162335347454e-10,5.136661812809214e-09,3.8319538277013864e-11,3.6579589485024786e-09,0.9994731240538346,7.133455009577119e-06,1.187656797668019e-05
10571129,0.09789882299644843,0.17809611357375643,4.6517161564871184e-07,0.0027148246197499235,2.4739688834746613e-05,9.80183624706156e-06,0.003227367089985532,0.7177611191946132,0.00026674582874902794
10571130,5.841048925844664e-05,0.5311253706315516,6.855191352333146e-06,0.2000851190924594,3.334007803795589e-05,1.1800627674152584e-07,5.304435007882868e-06,0.26864258446710193,4.2897608953711945e-05
10571150,0.005713972261831753,0.04062927407515252,5.604001418478495e-08,2.576443234225807e-05,1.4337402345422362e-06,2.2871022143635625e-06,0.9528404092223849,0.0007580377676470385,2.8765358178465386e-05
10571157,6.471177377304502e-07,5.299716149590675e-09,1.3707331510611996e-12,5.1489425999875026e-12,2.7601885358941966e-14,4.699721971894859e-10,0.9999992196181514,2.6711438016251645e-08,1.0077643714722913e-07
10571249,1.0624847164259326e-07,2.286273683024401e-06,6.780895658200057e-13,2.3595959252919016e-09,3.3455333846709146e-11,2.5337293247260166e-07,0.999994894148809,2.3274127996763053e-06,1.3014957472481377e-07
10571563,4.499580197578936e-08,0.9987377178437202,3.0996884812725983e-06,0.00012105727870805615,2.5046896698946734e-05,1.230840223519731e-07,7.445430959168125e-05,0.0010343722347795903,4.0836681958503596e-06
10571600,0.00028395296352693946,0.015953288117570914,1.0058129327590503e-09,3.2884451267051513e-06,1.8544749483308906e-06,3.20682311647921e-05,0.9809908959307704,0.002724196120469466,1.0454710609385156e-05
10573894,4.15212090383422e-05,0.21497306856122314,4.008891499618964e-06,0.005918199862944243,5.84711155838778e-06,1.2557368394462032e-05,0.22612500660754273,0.5528376175029435,8.217288485563157e-05
10574347,0.001836967602122759,0.1450476080685767,9.211787399408125e-07,0.00030662043642387134,3.446011442350211e-06,1.0443239494790715e-05,0.8222472782908841,0.03039693440976988,0.0001497807625456033
10574370,0.00012699322310425967,0.002109260764719549,2.6956828675542177e-09,1.6280369382739979e-06,3.514176276955809e-08,5.7097925996457575e-06,0.9960405617494776,0.0016945690298697713,2.1239565845061356e-05
10574372,4.02526071727902e-07,4.550680605693251e-07,2.5356659970945017e-11,1.475801892968667e-10,1.5958092723357415e-12,1.3551786381106246e-08,0.9999984431466558,3.3281690024784456e-07,3.5271599285727883e-07
10574408,0.00020109191880807203,0.8762673827032427,2.1592559084700663e-07,0.02027613973525626,0.000576869986792154,5.375653322226494e-07,6.986383182552856e-06,0.1026676313304631,3.1444513321435113e-06
10574430,0.00013668518537888054,0.007435895253414022,1.725864725411494e-08,3.024103190352807e-06,6.59720766337717e-08,1.2446950691207272e-05,0.9867217384042979,0.005300378738964597,0.00038974813333937983
10574439,0.0014904440006027575,0.07132893450816419,1.2929291634458712e-07,0.0001717649038458257,1.3068562594369008e-06,8.268706458619101e-05,0.6407505174900422,0.28609601130132983,7.820458225333874e-05
10574456,0.0055322572413767646,0.08541599617612125,3.7956065579713343e-07,6.167940095412955e-05,1.9368662301868814e-06,0.00013565207289038383,0.8374132503671565,0.06657320115321057,0.004865647161404492
10576038,0.9860388726358036,0.0016527631721739177,2.559051123453683e-07,1.0793477804505265e-06,3.6754231824865324e-06,5.160221844529347e-07,0.011660141596587254,0.0006422242823364824,4.7161483884316465e-07
10576770,0.00010809402401519903,0.03814831978400216,2.7561717786195736e-07,0.00020297899808442062,1.479218358324689e-07,8.829931524196265e-06,0.9558549745377873,0.004773522841847577,0.0009028563437252606
10577118,6.7329815981928235e-09,0.06802147493936729,2.6246904490195462e-08,1.6065188425912385e-05,7.368360690339521e-08,6.337982896222363e-07,0.9262251672122035,0.005732992012026115,3.5601861947623986e-06
10577354,2.5394215849965934e-07,1.2241764777256004e-09,9.426995877889297e-14,6.528369703567527e-13,2.038021855382503e-14,2.1413900763473893e-09,0.9999997356596767,5.883411170921964e-09,1.1484195582464449e-09
10577622,8.132296351011002e-08,0.10730142596255043,2.0576408610057413e-07,5.767615645976251e-05,9.390755000614004e-08,4.536966931513815e-06,0.8830080589716809,0.009559760754734808,6.81601930429751e-05
10577723,3.114559073713693e-07,3.154342909924662e-05,6.533957448734175e-10,6.619655592755922e-09,9.799249472379195e-11,4.041836599983982e-07,0.9999596333271956,7.1791938719490675e-06,9.210392219883767e-07
10578130,0.997129583202386,0.00051549614805128,7.862781967330347e-09,1.9372623848521833e-06,2.3362891485333487e-06,4.477553750470105e-08,0.0021560871696721866,0.00019317961182701361,1.327678210692957e-06
10578295,5.919130935771366e-09,1.779996904221192e-07,4.004376969636618e-14,1.948578814597324e-10,7.940545199612735e-13,1.9848642843727283e-09,0.9999997722008228,3.162163420467209e-08,1.0078165396914147e-08
10579132,2.920258542302636e-11,3.945627995063995e-10,4.7117098784556135e-16,5.836181988446948e-14,1.0453417335795175e-15,1.6608337065411998e-10,0.9999999990632396,1.9442392945724587e-10,1.5242776809306944e-10
10579372,5.7512233618224326e-12,3.316448358310709e-09,2.3502472171816547e-14,2.4066630399717356e-13,1.0938836186533553e-14,4.1954845910866655e-10,0.9999999952158323,9.551637759039897e-10,8.698068140335567e-11
10579452,4.689649312600411e-10,0.9863069849086764,1.13740311309382e-09,0.01065074851601652,0.0014124311278036832,2.0258386223653375e-06,0.0002714678614024389,0.0013563092493335228,3.089177713759871e-08
10579754,3.7397313639094676e-10,0.9319188801853677,1.3984777838508342e-08,0.00025390250244954505,0.006716782652363983,4.4418556251689614e-05,0.0003289518984627683,0.060737001093417765,4.875293563772871e-08
10580098,6.591555413311638e-10,1.1090317477116398e-06,1.0393233490306592e-11,1.0433287928122639e-09,1.2784300227127767e-11,1.1050564859977758e-07,0.999988782261279,9.995823302172917e-06,6.523604663586296e-10
10580150,3.21717267214571e-08,0.001126780150049912,8.96082052424133e-11,1.417647472480718e-06,2.8349932359658263e-08,3.793527837253325e-06,0.9987907249829677,7.631718054532463e-05,9.05899859997375e-07
10580642,0.00011042624217578481,0.001445106838362974,6.726397309954349e-10,5.083872727327407e-07,2.56243601671929e-08,7.453377677534546e-06,0.9976138468551845,0.0008200598098720675,2.572192454444615e-06
10580740,1.4098570987719662e-06,2.0824934909040223e-07,3.169204068048379e-12,2.5818261975041316e-10,5.051963253881366e-12,1.060433815722839e-08,0.9999979530771307,3.576280000579014e-07,6.031767955566984e-08
10580745,2.2355642718022726e-08,1.2788102279489323e-07,1.0474676448826674e-12,6.020728270363447e-11,2.8400609348928416e-13,4.039876767131344e-09,0.9999995517125158,6.811289891041752e-08,2.2583650436633565e-07
10580771,0.0003519359215675755,0.08926341412931878,2.4058918790279906e-06,0.0021794079916382897,2.2963025703486207e-06,7.96452164033229e-06,0.18483578220936106,0.7225289285211198,0.0008278645109047717
10580995,3.168320120369386e-07,0.0001295437644414792,5.554175326441078e-09,5.163541255801182e-07,4.873696055322346e-10,4.8074139643545364e-08,0.999764460569762,8.263103632491186e-05,2.2477327649497742e-05
10581310,1.22589523138859e-08,4.1283284726556127e-07,1.0371289138342269e-11,2.6299096326837173e-10,5.1813664045095e-12,4.216731151510572e-09,0.9999993767111949,1.6496516329583132e-07,2.8736567488474e-08
10581368,0.020853017912604712,0.7789697153496915,2.9427946172795744e-05,0.15189381486562586,0.0044249650787294625,2.4315609180956246e-07,7.914542214019652e-06,0.04379760402554437,2.3297123325492665e-05
10582173,0.07668066182794671,0.010581025751339929,1.598419169688012e-08,5.548243865298245e-06,1.534763501679926e-05,1.6166545269646405e-05,0.9113154590744038,0.0013818723112060162,3.902626760076577e-06
10582418,0.9998068336998078,7.804129053068587e-07,3.678017607796324e-11,2.1762250114967928e-09,1.2248645124144849e-07,8.038404868942369e-10,0.00019205288704276282,2.0105868963916607e-07,6.438257458105992e-09
10583009,9.33725120545312e-11,1.0978927583551122e-07,5.164826357885153e-15,2.966315903871059e-11,2.7237253589303468e-12,2.067910926198033e-09,0.9999998763008289,1.1698207878309394e-08,1.8012095367008042e-11
10583434,4.0315676641027185e-10,0.18973648596459886,1.6035914059187835e-07,0.810028188054173,3.25035178600954e-07,7.958557652529073e-10,2.733154829808151e-06,0.0002320512387268987,5.4994339603225354e-08
10583521,2.3989404097589426e-11,3.0023836889389157e-10,7.22035688758696e-17,9.889221159527482e-13,9.021891002894108e-15,1.4822815039762763e-10,0.9999999992806412,2.344908363325054e-10,1.1413912428137415e-11
10584210,4.0094756595824976e-10,6.33165888152186e-08,1.3188530521514391e-12,1.8724897030495416e-11,9.228181754953086e-14,1.5369766445786247e-09,0.9999998466956008,2.7840793403708877e-08,6.0188956721784e-08
10584222,1.989326885536845e-08,5.366002782228702e-08,1.3342157430797047e-13,1.456459423799028e-11,7.347244025286779e-13,4.3373493656223836e-08,0.9999997791465566,1.0207825948899025e-07,1.8329608071130918e-09
10584314,5.360721769038182e-07,4.929508764627399e-07,2.937864071384409e-09,8.609050762990039e-10,1.2980739249037336e-12,1.0443539044776145e-09,0.9992594400149726,9.519835259385286e-06,0.0007300062822936085
10584430,1.1792280475541933e-07,1.0357432729509063e-09,2.1461427821913476e-14,1.9723072249304123e-12,4.063377899939783e-14,1.1673364366565275e-10,0.9999998778816492,1.7120075622934303e-09,1.329027129203352e-09
10584519,1.4308552974885695e-06,0.9752063484570862,2.9123255384741786e-07,1.2021625809639831e-05,5.8375983580309474e-05,2.442010429721999e-06,0.017725132305042416,0.006991005432894431,2.9520973058781952e-06
10584820,7.021850618429726e-07,0.9955934108883125,3.341612940023489e-09,4.665879592302621e-06,0.00024062605280547041,1.1551475622007152e-06,0.003877509144685344,0.00028163066633058234,2.9669403671534793e-07
10585136,1.773686343473445e-12,0.9977905999048381,2.867192674618469e-09,0.0021603698665052734,8.49404039846441e-08,7.473918851855786e-10,2.328944548100589e-07,4.870831443168175e-05,4.630076976109727e-10
10586849,2.2077501477638615e-06,0.0002694111262076138,6.213109677386318e-11,3.027054617656761e-06,6.792658237564333e-08,2.5836673724840583e-06,0.9996460636037697,7.660248034654089e-05,3.632882459603597e-08
10587734,1.9382915062099577e-07,1.0336987955159346e-09,1.6790890082584414e-16,3.7353166822735445e-12,3.4047250190949034e-13,2.353050995787497e-10,0.9999998002891183,4.607035605267161e-09,1.6156065742515092e-12
10587840,2.499908116611828e-07,2.3433581810883977e-05,1.2497701561725983e-11,1.7752741282587555e-09,1.1976414037291336e-10,6.911501067030796e-07,0.9999694855730576,6.1270961170717026e-06,1.0700560175759735e-08
10588529,1.7640285550212493e-18,3.2275859534756095e-25,1.0148422999852149e-28,3.9131945620916134e-26,4.568546361003915e-29,2.7035136387074844e-26,1.0,2.4631702831638544e-23,2.7367198417581148e-21
10588664,5.280279919677953e-17,4.400901452503199e-21,2.862703484998838e-24,3.224956060559199e-23,2.815524466099261e-26,1.0962367072572373e-22,1.0,6.221944064668337e-20,2.899068290803293e-17
10588792,3.4332363876892096e-19,3.4744481106137574e-22,1.9454389502293086e-25,8.444563351995073e-24,2.4752188666796066e-27,3.6353567348624654e-24,0.9999999997318549,6.76236242990914e-21,2.681450365195195e-10
10589349,4.3588754168615994e-10,8.113599492171487e-09,2.2186914417210894e-11,1.5514469691677864e-11,4.1117237344350216e-15,1.8618450769664108e-11,0.999936046350487,7.4241404954067795e-09,6.393761956133051e-05
10589410,0.6017710558793805,0.00028029778329054163,8.057632352952564e-06,0.00020324716562943694,3.8390633566750064e-08,1.8641022992731168e-07,0.3528530303543393,0.0446009617200523,0.00028312466409150005
