track_id,Clutter,Cormorants,Pigeons,Ducks,Geese,Gulls,Birds of Prey,Waders,Songbirds
6868504,0.11817327325077959,0.05300974845091459,0.11216968576649991,0.11312240065521464,0.3233806807828852,0.05572990119732374,0.017390482408716008,0.12584264051520475,0.08118118697246157
6868536,0.09856048223281302,0.0610301877805773,0.12706088092023163,0.15344318600632728,0.24275579439477868,0.06693267982771199,0.016962488844743738,0.1256145852409371,0.1076397147518793
6868565,0.09775977223364021,0.06709094709567513,0.09465986735231033,0.1208697980256951,0.3483980415555454,0.06182262999927257,0.016049798960385546,0.11680633412729796,0.07654281065017778
6868861,0.025721380244596616,0.08458722124603983,0.02789700935084074,0.06923302554125182,0.6389589119295338,0.050711362525278414,0.012942580176694696,0.06195856785710947,0.027989941128654598
6869275,0.016291502802370423,0.10791670021157232,0.02358215003287297,0.06574512874602748,0.6229455580451018,0.05830426511679587,0.011698401601474322,0.06472501101422094,0.02879128242956394
6871418,0.03396194848148308,0.1263836753919557,0.10267282720648646,0.21488768824970034,0.14990762577590097,0.14908265127072223,0.019958834590828707,0.1151872330088427,0.08795751602407978
6872996,0.27899485523932877,0.042205567288174886,0.041681952633977386,0.05000592822651256,0.09974354061637489,0.15278630147811317,0.15028464302244282,0.05166668864913998,0.13263052284593552
6873817,0.08287999600067199,0.09931357816569669,0.049674538074129956,0.05650727956595167,0.18779710437051067,0.27420501769183736,0.04256374859256529,0.1124899202064989,0.09456881733213751
6874023,0.013226528104030699,0.11946700605162017,0.029711492327730377,0.03973963182570589,0.0536698987362373,0.5783320664359538,0.038676849745279254,0.06263926569485091,0.06453726107859162
6875504,0.013805013661468453,0.08759693635491889,0.030899139912143755,0.04947496007742826,0.03901293939492338,0.491950521866506,0.05975132501340477,0.05800608683782234,0.16950307688138413
6875899,0.021625741696390192,0.037191766993164614,0.019173612308632085,0.031227224029263013,0.03308411075831421,0.33933725893640126,0.3318996503579546,0.0363883461350091,0.1500722887848709
6877293,0.023476423284550206,0.03078404550612609,0.027603110563714776,0.06300133072807373,0.02072533898603785,0.12385255915808396,0.05145973838945367,0.04963971178055916,0.6094577416034006
6880408,0.021128330809413853,0.041742176218669734,0.01883606328835369,0.06388158182003977,0.03381245076030169,0.3679213971214856,0.16935683701481774,0.05018851676339632,0.23313264620352164
6880690,0.0191615859612951,0.06785165264650522,0.07684957645857886,0.1550406581977648,0.03145458032504149,0.29528120564720645,0.044713014049161205,0.08523714181530678,0.22441058489914012
6880833,0.02405349718653419,0.02140382186752141,0.02886207858392112,0.03004570879969018,0.016772156124521424,0.13919338818611382,0.28173391372131923,0.03600216013346131,0.4219332753969173
6880956,0.011730464435065336,0.0572887876503097,0.020249847259255528,0.024461603146293302,0.02963714399929513,0.6872566136200469,0.06710815701799407,0.04123911912626334,0.06102826374547682
6881733,0.015132876821795344,0.01484192177777144,0.012746765434871288,0.014753482202134637,0.015598111066884787,0.11053940941952203,0.7477414175877279,0.018049336849986265,0.05059667883930617
6885154,0.04115476117059843,0.03858122054820087,0.02040279879651344,0.06754531739162715,0.033819575542244636,0.2561474657396966,0.13155952995814854,0.060996030772824464,0.34979330008014586
6887294,0.03376331863897224,0.042708763564517714,0.04229450285230454,0.04417970867327718,0.025521308064115372,0.4226648417317482,0.08367223818746163,0.06528021696897017,0.23991510131863297
6887586,0.036555232773338275,0.04828099737334317,0.04430502031246752,0.11406678047446908,0.0232944372001768,0.17772816101130404,0.059780538661254934,0.08152120910372926,0.4144676230899169
6887600,0.029269953216374857,0.03786366135806982,0.049954289274921806,0.11067687420083305,0.02006693018951062,0.12250838660503571,0.05073020716393807,0.07212663704198936,0.5068030609493267
6887637,0.06733910345523034,0.0489445946579318,0.027992129041442694,0.10064699842011557,0.07056534237985204,0.19769976559388996,0.1023889842061678,0.0758312266186531,0.30859185562671665
6887702,0.030620914042860548,0.02329812530158126,0.021041620774570818,0.0401286315182494,0.01672846438965853,0.17309108276786297,0.19267137783400318,0.03729183682413993,0.46512794654707346
6888243,0.04286780743541374,0.061093203196067355,0.03665962490970572,0.13017359826370187,0.06623677678177332,0.16209340696795643,0.052912164356844885,0.074181394938997,0.37378202314953973
6888737,0.021100574231113313,0.07961208725257576,0.04692203920161769,0.21416857315129417,0.03566167558294503,0.1830097802400665,0.03756396053704111,0.08786323154073941,0.29409807826260703
6889024,0.02577382973315428,0.016812000058808764,0.015275566390455141,0.022474899902537815,0.014722710544970014,0.06906330877992302,0.576942877636418,0.023675458533043606,0.23525934842068935
6890285,0.03514589715635682,0.03271312153061067,0.021269556449595682,0.036062267340146795,0.025786339479815443,0.17768953545768226,0.47573426291439913,0.03562488880321192,0.15997413086818124
6890416,0.01801558470664253,0.024235913854387073,0.01803185239637299,0.042883540643626525,0.015380571803600532,0.1816549006916609,0.13075841219294954,0.04084643113101903,0.5281927925797408
6890579,0.02076896581683078,0.0207240418806222,0.022941261310990713,0.030304551649519854,0.014956008973728011,0.09702724204522506,0.24983711633052658,0.03222215624014633,0.5112186557524105
6890917,0.02431204217146287,0.01873370588120214,0.024332384252178887,0.023880211875475794,0.015547783243405822,0.11549989048598715,0.5278114863791304,0.03207183445605935,0.21781066125509746
6891091,0.025122493638991758,0.04548093798997059,0.06904577346463112,0.3765316809852782,0.02705455697140511,0.08378339545679604,0.025235252469675208,0.0768537591084614,0.2708921499147906
6891208,0.016191883523451026,0.0208349394270888,0.021810689966584813,0.029712810977461944,0.01338751114381319,0.16368462012228766,0.1373904367740328,0.03212336834381021,0.5648637397214696
6891245,0.02613633116258146,0.026693460103055996,0.038962092806301654,0.031183876321170936,0.01998307096945713,0.17094685631659978,0.3392495646829736,0.040896786731339986,0.3059479609065195
6891309,0.015804685385869207,0.023184837571146776,0.02445479356904033,0.040202035018460425,0.01604473102278245,0.1154699431632506,0.15515085737763348,0.03725490126405531,0.5724332156277615
6891366,0.02422632510332421,0.01789979265559025,0.022747211108955494,0.02249047313405795,0.014470130599389928,0.10764507816617447,0.2323982081480614,0.03083049940722378,0.5272922816772225
6891473,0.024641916479386117,0.05192689655873911,0.05364970441679831,0.1221910744729389,0.023612734470921718,0.20131913840243698,0.0512121065129582,0.07662653509629899,0.39481989358952163
6891484,0.013979869725233202,0.017676148299247154,0.01690445111151799,0.025649982502860595,0.011092622332086804,0.08364602051567355,0.06894699787068867,0.033237281923286656,0.7288666257194053
6891531,0.027588549278641558,0.024186777739979903,0.020035190335398852,0.028360194160934826,0.019406260815069576,0.11529099485115377,0.5313675415737601,0.028407693215801492,0.20535679802926
6891557,0.018392475769650626,0.0288343853581201,0.035494248934920314,0.05484940180489209,0.017061318445628575,0.1170586935665873,0.07317574622616957,0.04472000179147883,0.6104137281025527
6891579,0.02169437357718108,0.024939529527089666,0.022437676394778863,0.030601569557712906,0.018912112740324474,0.09488481908819857,0.40833178985211943,0.03127895923202406,0.34691917003057093
6891867,0.03786667439378588,0.018056599148025227,0.017479589215636502,0.023887024160027373,0.017524877843144063,0.07424804057461977,0.6436093802026766,0.023571572757001995,0.14375624170508264
6891888,0.022294516529634205,0.02077100133706421,0.0207647353755157,0.03484652101247923,0.014528692925828788,0.0860136118325992,0.10434273533919519,0.042691415846083554,0.6537467698015998
6892297,0.024486745361583857,0.015922020822323742,0.016143865132588087,0.020215520760611234,0.014557859613622435,0.06506720375976274,0.5886888192864793,0.023262146812273107,0.23165581845075556
6892562,0.022047119701653635,0.01751176012322528,0.024031138970016606,0.024704705283575906,0.015015566765854131,0.09823789587947583,0.5235987816397861,0.030086695678726974,0.24476633595768554
6892587,0.031162994150229884,0.0196100677889346,0.019117364231408973,0.03081031078375441,0.015970135038841305,0.11450095586868506,0.45067825956295515,0.030351954666657535,0.28779795790853313
6894293,0.025882312309655736,0.1837098987972259,0.05489936434612622,0.2318361492153495,0.08937081953445325,0.1770263497782201,0.0264851656082548,0.12067252697520042,0.09011741343551408
6895609,0.018487263619498335,0.04065032835256411,0.05422012198994183,0.14122065968369232,0.01865115560767678,0.07161840325748148,0.034033958791980574,0.05668739976386053,0.564430708933304
6895723,0.03797128762129403,0.032238203902092824,0.03587842670085799,0.03059817865636858,0.01983419452810731,0.4210003604459873,0.21425108538668874,0.05437070309498026,0.15385755966362297
6895905,0.025339837810643667,0.028709286477020153,0.02736329266712017,0.028251215634009206,0.019878733179716498,0.35948956320688186,0.348942174314374,0.03842213313991372,0.12360376357032073
6895906,0.036905347022894,0.02912968365038699,0.036332747268132286,0.029242179123146007,0.018067941552495463,0.319815376920293,0.3185500229170586,0.049041185130076805,0.1629155164155169
6895927,0.041460182142153634,0.0370739028860683,0.039237754960357835,0.034312408178904664,0.02121554061150139,0.43726813336953163,0.1969539835227418,0.05816660023554954,0.13431149409319115
6895938,0.026474013378663456,0.02973945653699713,0.026803063275271752,0.027197878694726133,0.021933242551749763,0.33466224492678004,0.39500615512860815,0.03801803083198041,0.10016591467522318
6895939,0.022985533659307656,0.031123414645717794,0.026269036448393734,0.02533612241086839,0.019653017494144914,0.521024877818421,0.2006745676625145,0.041416333570032396,0.11151709629059958
6895948,0.019867966558508796,0.029410512236224463,0.027516589230909584,0.027124013469034994,0.01794097532934873,0.475091150805654,0.21652050357592223,0.043382544350676865,0.1431457444437203
6895973,0.03146299104513416,0.032597180195447634,0.03675684493031331,0.0319437018888762,0.017445365574180752,0.4056896071135335,0.1986237282414755,0.0546443699507867,0.19083621106025228
6895974,0.025415024162721067,0.026461949282481294,0.027755227468333178,0.025987452853539567,0.018819863567866003,0.30154126730093034,0.39414109548219034,0.03869080942369525,0.14118731045824293
6896754,0.019957044521567425,0.024165799926296,0.02291763467498299,0.03215951340641852,0.016040551035562577,0.15761030105227175,0.2195635131918635,0.03414692455957009,0.47343871763146717
6897915,0.020449223752619195,0.10570322344677566,0.07926102079189504,0.20846807542657114,0.040380410106446225,0.23276173555107893,0.047047846242343955,0.09566262542880233,0.17026583925346753
6897964,0.15073475367667105,0.04507661293743494,0.039610780338492475,0.11518580882141047,0.09202506264135552,0.14639687480168073,0.06504524212787882,0.08370829189648427,0.2622165727585917
6899282,0.02592056033214532,0.020256323026383874,0.022452240126137554,0.026669400521148558,0.01680269161535845,0.0944127863067076,0.42520234423431325,0.03481515692810841,0.33346849690969693
6899294,0.022309198671084447,0.01433464893073702,0.01278374560573941,0.021143557301839356,0.013877830626152481,0.050449146695314015,0.6883136152949452,0.019786174180342685,0.15700208269384544
6899376,0.017931620477988196,0.025309030844692902,0.024164720230728364,0.04155092895123163,0.01689920152090467,0.1047438866268608,0.1579922827744459,0.03956085292687959,0.5718474756462679
6899506,0.023034538810539344,0.017387998064041506,0.014451106151140432,0.02003086925343334,0.015061791940802337,0.10287301208014096,0.6385430729637727,0.022444644736990718,0.14617296599913865
6899530,0.031423078995964006,0.035451778634898526,0.03894075942810805,0.15558940639019753,0.02203055554429816,0.10996387038871852,0.050756693946835116,0.08524710800983523,0.47059674866114487
6899560,0.02252642060665724,0.02228513549582197,0.020996984412861935,0.038032704182993315,0.01636453004477049,0.12077454932771603,0.11794141513735348,0.04226574038831685,0.5988125204035086
6899670,0.03330777805294004,0.027965132393369403,0.04545165803695499,0.03468196034085064,0.02234785467182521,0.23139082407407796,0.08623273772728526,0.05785993091261094,0.46076212379008563
6899695,0.025119004417115454,0.024508250540790026,0.034663705673742835,0.03760939003105511,0.020003588662939463,0.1658843597958051,0.057679472776003826,0.046877072586481265,0.587655155516067
6899730,0.03515638362885714,0.028366496699009446,0.03510306721915281,0.03608783680397654,0.026011696750981243,0.21906701479805923,0.2037509533345836,0.04537762264572745,0.3710789281196525
6899754,0.04887113623235456,0.038043590820877285,0.0676940272423127,0.20740016289736096,0.03692338845463189,0.09912865612674299,0.034579507044193325,0.09073730162619274,0.3766222295553335
6901206,0.018686015649213124,0.030029241071626148,0.025106370662190305,0.04403585378041815,0.01895519154907401,0.15030499299662892,0.2812316219073435,0.03850970011303998,0.39314101227046583
6902131,0.014513434222021619,0.027323655597788772,0.01702323306745158,0.018594688270836584,0.021498590276104554,0.5879462168293931,0.2168367676768666,0.03325933286012366,0.06300408119941352
6902271,0.03075739339150088,0.06977741410230338,0.050094352774421244,0.1556191192035278,0.0483418560929081,0.20065814365127718,0.04013781557988961,0.10378440067610638,0.30082950452806534
6904326,0.023052841144010017,0.017250889644528568,0.015349631825312274,0.03634996104748638,0.011352545180473721,0.09562927961823339,0.12375982275542419,0.04316039793096081,0.6340946308535707
6908023,0.015608625693750395,0.13059717950023694,0.026824730083054926,0.1541204663855811,0.053436600064572695,0.4121965250307563,0.0370324995699264,0.10272246669854296,0.0674609069735783
6908625,0.020306074686844096,0.01590047807871282,0.016024879283523308,0.018227853121871872,0.013246022165853657,0.12899736630563352,0.6217645321337617,0.028322589496405648,0.13721020472739337
6909657,0.014760959014845514,0.01459888780901792,0.012179589682911988,0.022394130545445517,0.010111582959089595,0.09747647949077476,0.15618437565840754,0.02885566634229815,0.6434383284972091
6909786,0.029639094369642863,0.02044703862059937,0.01517116766719678,0.04825193286419993,0.013478138968520646,0.14054500983003654,0.18314649926752846,0.047818142347974706,0.5015029760643007
6909952,0.020672798830923853,0.01556303836356139,0.012957721708804527,0.020992652893878198,0.01302193420604066,0.06815731267208368,0.4601272549451658,0.02552210592669673,0.3629851804528453
6910003,0.018880959683391416,0.014148430932275944,0.012144622012584549,0.024212765770453788,0.011015760670027455,0.06905717739141709,0.14610462732222182,0.027674217308196563,0.6767614389094313
6910407,0.009978702355714702,0.049909638695781446,0.010846807465305535,0.023958388608022574,0.025781268779241494,0.7636007550630005,0.041573576001572646,0.03862699960001009,0.035723863431351005
6910422,0.0229704022621854,0.018173631012691403,0.016063854986323477,0.03907239084340357,0.013994204638937632,0.12916900618024085,0.32995503528114806,0.031191799880169166,0.3994096749149004
6910425,0.021204598612411477,0.015800561279492312,0.013783423458817869,0.0325006901703204,0.012570806714614543,0.07707726347132457,0.1571488295662583,0.030867335127466533,0.639046491599294
6910560,0.024664538318526746,0.028741898714616694,0.025246461510935063,0.15115092785307555,0.018034046047201723,0.11594431007697384,0.0636884487908597,0.06774266769542746,0.5047867009923831
6910590,0.01939572302076052,0.014974867328597312,0.013368398219190999,0.03200820937066707,0.01231867188514811,0.08081416591505669,0.18357673443663441,0.02911489166701675,0.6144283381569281
6912744,0.008553467776297617,0.05195805244162838,0.010298921132134533,0.024408687196785177,0.026741740586612786,0.7684867004223557,0.035517144122172564,0.03841934813180893,0.0356159381902045
6919118,0.02365571195709055,0.03231344273015087,0.034674408471587405,0.06733703029930455,0.01914300989617912,0.2555681796926117,0.2202430836694272,0.05045457157515988,0.29661056170848876
6920152,0.02342448636174305,0.029041713528177873,0.035660487046650605,0.054031349719080454,0.017116041815206887,0.24621562185546236,0.225667245243019,0.05227306174616697,0.3165699926844929
6925791,0.012684851676605498,0.029785471151570396,0.01193164504884283,0.03333877109555478,0.018280962729099327,0.6514662132684834,0.11861190347182315,0.03944135752291512,0.08445882403510553
6926246,0.048482949737052056,0.02149532606571962,0.021591176275041753,0.02558812374301787,0.019958700167305245,0.15241031641721975,0.593665338111923,0.03178936672108399,0.08501870276163671
6928841,0.033195152240957655,0.06336719730637465,0.052756219498442,0.32456804588805116,0.07412119958152967,0.1948634044095851,0.025281229360699105,0.17650503896540878,0.05534251274895188
6928933,0.03489983561866904,0.03286211545849143,0.027265551723464843,0.03658173115131508,0.030564907506917503,0.3964804298333402,0.2682009239641929,0.05641551519906957,0.11672898954453928
6937241,0.024314568877252286,0.024747909826295815,0.028096005148643254,0.0922164022341149,0.01603310689099029,0.1120434860297212,0.06586701680290649,0.0669036989524753,0.5697778052376005
6938426,0.013443183298906841,0.03081582825789224,0.012654473517001628,0.020331114044706496,0.01921865558932575,0.7154570133845358,0.11080523181431834,0.03365994998191097,0.04361455011140205
6938530,0.016165974025445368,0.03210808280185792,0.013889761598184145,0.01965133663974419,0.021195897098041785,0.604147243486826,0.21115381988883886,0.037540244019614026,0.04414764044144777
6938682,0.015061974702267798,0.013613624694602762,0.011976071161907027,0.02082549496533966,0.012325168067640783,0.08050188962116024,0.6739679473127516,0.02167694188617781,0.15005088758815233
6939166,0.01073501037993835,0.023393880043920737,0.009008198781914513,0.01576625216643296,0.015858199718194837,0.7513936434359915,0.11006116186522971,0.02663743536032047,0.03714621824805708
6939222,0.022309171065808608,0.016741693893531896,0.018068693057338207,0.019517038967555543,0.015872970894448273,0.09173079275488277,0.7158510683911485,0.029070620999619597,0.07083794997566657
6944591,0.033037373990279714,0.01961588737464739,0.027921209361270273,0.024753464521251392,0.0160017947418535,0.18525396910340752,0.5356761009768322,0.04165010241272374,0.11609009751773436
6947293,0.013967313018004263,0.041416006967519875,0.027109785075703715,0.04453805385836738,0.019395748179813068,0.6073971999018986,0.056394000526365916,0.07695628042035,0.11282561205197719
6952804,0.02102809542552903,0.03348881257133912,0.05297747039551298,0.06823864328297145,0.019026200985932024,0.45000954715875263,0.060379894302981255,0.09362957630834035,0.20122175956864113
6975207,0.016276586327777304,0.03883756395316888,0.025676787290660304,0.035485553239418,0.02315956349765566,0.6445619746788516,0.04838770124842601,0.09249556808728798,0.07511870167675433
6975472,0.012983960215019914,0.03174936813313575,0.020527348769299257,0.027125241647810466,0.01743846920781928,0.6899574866690295,0.05246888361984969,0.07205351151274902,0.07569573022528706
6975490,0.010663586157511819,0.028776155128778715,0.013837589768274714,0.02013008782209632,0.016961774202781072,0.7717761594292636,0.0360831671503435,0.057885215412244215,0.043886264928706044
6976427,0.009276459583767533,0.02893531844102125,0.01119919945005192,0.015080122152940169,0.016105071975972315,0.7945282065607473,0.04154962213070033,0.046690143648507626,0.036635856056291556
10551287,0.0451731022608033,0.04398931899756725,0.032619152607018476,0.06036710226812532,0.03369104390706795,0.37618345877232917,0.21119641270560685,0.08574403322056681,0.1110363752609149
10554874,0.3784082025285397,0.044796607730265586,0.03543385851799741,0.05878499486714056,0.07403543651573671,0.10512048146594526,0.14320574431608618,0.058769331403421776,0.1014453426548668
10555071,0.03025040787243437,0.0355206941468248,0.019560774510851087,0.0416720159108513,0.02068929446911253,0.26142389868555665,0.2501533851086216,0.05741689326706256,0.28331263602868517
10555459,0.025538814917599267,0.08378572163354212,0.04721036865022734,0.05999686177367272,0.04564189205242792,0.30906936158355386,0.11250515595157112,0.16199457655745433,0.1542572468799513
10555968,0.08886862332178197,0.0754459926704538,0.03431382829050117,0.3066090043589952,0.14789327268398642,0.08503533774551307,0.023658145390354792,0.114288478288856,0.12388731724955761
10556692,0.03922963387348133,0.046821468813813424,0.02404903854841034,0.06619433648988834,0.02839308391072022,0.20899704290798,0.18681767078434697,0.07868421598929065,0.32081350868206876
10557065,0.01329681962412781,0.06767001346075248,0.012574516284460945,0.028101042423537823,0.04047168797473394,0.6470288602902933,0.0738668319005285,0.055313285273746016,0.06167694276781928
10557235,0.018069435534698558,0.10140399518676035,0.02812806474084449,0.08369858912580037,0.0722011465500485,0.4883914901669431,0.03754375767859707,0.11206682421723826,0.05849669679906931
10557310,0.06618247591919246,0.09590636816133817,0.04032183798530893,0.19991215959453706,0.16750837354641734,0.12016745839395251,0.036163449433867775,0.10488738626017899,0.16895049070520674
10557603,0.024823077773060045,0.07146446341693094,0.022640252749646445,0.06709584384671764,0.030458740743688602,0.32661200277620045,0.12271098663311364,0.08810295494485215,0.24609167711579014
10557649,0.019474391148482373,0.07665086189548788,0.027134217204782665,0.05120022993878538,0.05980066768647069,0.5443857055831568,0.0441620105696385,0.11289134145320447,0.06430057451999124
10559369,0.06296239663672551,0.04646334828864722,0.02567447532001891,0.04994496525488801,0.043396896644530183,0.2117479424375038,0.3509604688889524,0.060337704796134525,0.14851180173259945
10559516,0.028280349344156255,0.06923136004253144,0.022124093428843226,0.034708625625662785,0.05251748504061964,0.44582016790802176,0.16331855804043188,0.07235756277683592,0.11164179779289712
10559765,0.01984523342739573,0.0674052295482308,0.017976610047808886,0.04293331802779845,0.04138582440134562,0.39942238924721407,0.20184248765255275,0.07424348492174157,0.13494542272591217
10559904,0.07036511228893634,0.050630659045930615,0.02614874233841937,0.05891640238255702,0.04418410859961424,0.20640716212480487,0.28997945162709643,0.07486457437564907,0.17850378721699203
10561136,0.0965374655223662,0.05687172953457727,0.025483040334070693,0.0787248855890532,0.06265981837924442,0.2435312527784974,0.1259990364495629,0.08872752269979062,0.2214652487128373
10561583,0.04559744478052777,0.04214987679721672,0.02609036448311569,0.03847431778477109,0.025401545828944473,0.33033792662805395,0.24761690362670874,0.0856928378254806,0.15863878224518105
10561870,0.028100819237058355,0.039142790622932896,0.018462524795520713,0.02842370857185164,0.029411887540120397,0.3227340576863082,0.4081018128724442,0.05545710283220605,0.07016529584155763
10562711,0.053274718830252865,0.11677898048453589,0.03920938865126645,0.25897899467849234,0.1109989691452628,0.1091452357519612,0.030882683221469774,0.13618487339258506,0.1445461558441736
10566953,0.017039604126192556,0.03590963135044259,0.01592035998646161,0.021207392580447352,0.025223376583386872,0.43537809294983953,0.31363270210960625,0.06294789554108343,0.07274094477253974
10567563,0.1481139451088176,0.05332290145823214,0.03171795978680943,0.08032456954877994,0.08156024038667481,0.17995944117837695,0.15710155927754754,0.0951585437353761,0.1727408395193855
10568512,0.036022832053607595,0.020390958131959486,0.015850380227612447,0.02740624277429666,0.019972939487988443,0.0925347006203281,0.6505785282010933,0.034040713431968996,0.10320270507114494
10569249,0.03018175935904137,0.03880384305115509,0.019058830625637423,0.04014754280721301,0.02266588463286509,0.3108024249033431,0.29974054001371364,0.07630898592500981,0.16229018868202144
10569900,0.05063203052672833,0.11849707091475732,0.026508516352588128,0.15279889818941583,0.3331389103800081,0.11304053743811976,0.032332875724074256,0.12245008002012073,0.050601080454187514
10569996,0.03075834317876634,0.02416979073785678,0.01490154468109308,0.031696700261035625,0.020417557583291876,0.1579976253084944,0.5553324005386935,0.04478525185168428,0.11994078585908417
10570047,0.027576133067489315,0.05342349271193857,0.01992221905568186,0.0435854303864434,0.031085356796819695,0.449177250361838,0.1870553771813337,0.09348608954658849,0.09468865089186701
10570186,0.05729296074241946,0.04018134783227724,0.02078361892045246,0.04771340874783071,0.03665534583648594,0.1933568546898647,0.3868789469977397,0.06975007824059273,0.14738743799233694
10570190,0.026127158450185956,0.04417123325649527,0.016456562463915553,0.03407285021642665,0.03346778073755999,0.3398578244962436,0.37163570884122554,0.056427785131573094,0.07778309640637436
10570281,0.031880423559009,0.03704299759688659,0.018153784896225024,0.04051877929723107,0.02539589814365391,0.220167704398726,0.41906254384276254,0.06693650146333766,0.14084136680216816
10570444,0.22503772728804344,0.04916764956320896,0.03339969323196417,0.09813613147219422,0.06376713428409667,0.1504032915688211,0.11181498281173691,0.10415817144874202,0.16411521833119253
10570516,0.06315869750460004,0.04116817665592707,0.02310148948088985,0.046669561134858525,0.034804188999352864,0.19144614545609132,0.35515838123275584,0.07232310772024435,0.17217025181528015
10570563,0.03427247994352466,0.02460449764368297,0.01557549224489068,0.032178839464662594,0.01999090073981257,0.12179750706962159,0.564114027385083,0.048487064405335914,0.138979191103386
10570908,0.03249306291329932,0.03684845388103219,0.015781281090849794,0.034093900628594444,0.027073318870615416,0.2683567482288005,0.41225669381725827,0.06316484738799504,0.10993169318155507
10570962,0.029345179153594966,0.07573121387590014,0.03514494739543337,0.051287739141930085,0.041219139492654475,0.31344244122248066,0.10192343886522715,0.24732925728917943,0.10457664356359969
10571126,0.051496025118625846,0.030517519030533173,0.02039314215875003,0.04469453448880848,0.02304504897673752,0.18132095407579465,0.33882066221959284,0.0639793784330395,0.24573273549811797
10571129,0.11798413065779378,0.05345942357388167,0.027096455130876475,0.13509536495026292,0.047512981572414584,0.17337027783240935,0.07618406355802494,0.14132389723046246,0.22797340549387374
10571130,0.0664542343589398,0.06432833305867819,0.032668737621839146,0.19721933390355179,0.04829159981883446,0.1536959343178051,0.05916109817878716,0.15028446296457648,0.22789626577698785
10571150,0.09161215101587517,0.04696105079272553,0.025845182491892705,0.06007210616803106,0.042121747310975635,0.2258741285253817,0.1624574721410259,0.09612346775725278,0.24893269379683958
10571157,0.04213470286314553,0.023773468906235478,0.017616186907288913,0.02805687508685817,0.019695281129779005,0.13432404113047414,0.5476101068313932,0.04487797961792295,0.14191135752690262
10571249,0.03987790354184351,0.036871379916644166,0.018964090267002725,0.03326655357859493,0.023628882094366414,0.2636324834370266,0.3716643783585289,0.07269042958424071,0.13940389922175206
10571563,0.05389371636407398,0.09550206046288418,0.025576377120329487,0.10562480566870583,0.09510851657218024,0.26417739248152533,0.08232222193940306,0.1311158107419456,0.1466790986489523
10571600,0.05011424791516887,0.04082900023170492,0.019113907625792088,0.044106718547336624,0.03720420183528241,0.2575016525419939,0.3391776113995838,0.06598471550885232,0.145967944394285
10573894,0.04084079281919449,0.061229058298959305,0.025153194340889085,0.08514427308532581,0.035025952637329084,0.250993088276865,0.15200552518972688,0.1367065872857047,0.21290152806600565
10574347,0.052070714507570476,0.04387435689996649,0.022767935803731508,0.06000150940582523,0.02630478614316345,0.23878668467212866,0.20329643040974424,0.09789330349516634,0.25500427866270364
10574370,0.05615788162187681,0.047310336235490205,0.02182229644055978,0.05923787991142612,0.02881677484880227,0.23168272048594774,0.22036580477919382,0.10070448703709489,0.23390181863960835
10574372,0.040828826970382856,0.030922124972531446,0.021808159815215836,0.033087256598728035,0.021806789106157742,0.1796519778636412,0.46885026570010424,0.0591894989072618,0.14385510006597677
10574408,0.09673378548369133,0.07200312340353393,0.030656868311873253,0.15675016151354224,0.06309151030232277,0.17560475812923124,0.05743112931070243,0.15295644309134981,0.19477222045375298
10574430,0.046055294581573605,0.046071457477563846,0.02244807628922508,0.0538996147117895,0.02648456710980839,0.26737749078937134,0.20674067671778323,0.09533758513088922,0.2355852371919958
10574439,0.05891383730177412,0.04929694342867494,0.023535546290177504,0.06682808797115264,0.028340202421804885,0.26478184072961686,0.19350486811452267,0.11887774735837389,0.19592092638390243
10574456,0.04896381948850827,0.05381772759641068,0.02384305641385897,0.06363671939335466,0.03135698958768464,0.28274296390533754,0.1313315391707944,0.1048858450229797,0.25942133942107115
10576038,0.16371688619732266,0.051051603834914985,0.03223721942790015,0.060953973064833966,0.06256936046873736,0.22680507791243154,0.13315295851256373,0.1149288136648513,0.15458410691644434
10576770,0.048073964975172245,0.05785055445679367,0.027635154150031267,0.11192383526273264,0.028096131961610343,0.22572478425721892,0.11697703247150323,0.12498764832701964,0.25873089413791805
10577118,0.021073121778374126,0.07810170157155506,0.021371207479122096,0.06461936076189882,0.03851747161217815,0.3709956752904527,0.14332859260558617,0.10992487946009818,0.1520679894407347
10577354,0.04172922915290567,0.026416801123202525,0.021264822944034884,0.027984328011005026,0.019937544099117088,0.17870252300774006,0.5308824128743174,0.05435786557715506,0.09872447321052238
10577622,0.02329225991746837,0.05867621146763727,0.01943800848559012,0.06190179724914614,0.030790493992073842,0.3184654193865299,0.18380987447054067,0.09843092479353499,0.20519501023747866
10577723,0.039781459440508975,0.03755809296639251,0.027429796570306243,0.05005421511278699,0.025400598367692085,0.30972746046309557,0.24031583480109586,0.09063324828673754,0.1790992939913842
10578130,0.3214316975780096,0.04193636966539689,0.027927641756857767,0.060453501595725115,0.0554036914111353,0.1344890270097474,0.15625689125377484,0.07355242292368108,0.12854875680567204
10578295,0.028621544841309784,0.028496477053036276,0.013964612578537483,0.03699530316017476,0.02288928503614913,0.2067402000987517,0.47559662844666306,0.0520489244947068,0.1346470242906711
10579132,0.02342021030301527,0.025323532277096085,0.014273907748678379,0.02533709546163152,0.022242002786747036,0.15484985042021024,0.6245352778191496,0.036784665340468904,0.07323345784300297
10579372,0.02205102893947889,0.02293309921767005,0.01656586314814174,0.023886111696249754,0.017804558706763233,0.24922266394686154,0.5113202123472651,0.050423602005877,0.08579285999169266
10579452,0.018381053765526477,0.08041631689731504,0.01892146564614792,0.08887429453204787,0.05959281188219039,0.4994566987951099,0.055560686670672,0.11302692650871077,0.06576974530227961
10579754,0.01760050269041841,0.07011368356100585,0.021020795366653425,0.04735653843649945,0.05921358366565878,0.5525462687527333,0.0497102191286282,0.1303354939051784,0.052102914493224226
10580098,0.021993621580250863,0.045326092660654065,0.014314871985610246,0.02272739263805634,0.028285338186705866,0.5501887353640218,0.18482544071771353,0.07554232690889445,0.05679617995809286
10580150,0.033286257839724186,0.0430037973827334,0.023701683909201868,0.07068759871188378,0.03221508798453874,0.4026406139753982,0.16078229979577247,0.11345343157503635,0.120229228825711
10580642,0.0620582276454912,0.04579894438140035,0.02241121937577925,0.054170811557311696,0.030274743972983437,0.27389417414983575,0.21963878495921255,0.0956557268709034,0.19609736708708228
10580740,0.04871837750930636,0.02781407771927518,0.018200025408235492,0.03415124332663768,0.022881968916893085,0.131676787796684,0.5333677271722504,0.05258989546390362,0.13059989668681427
10580745,0.037554767605719123,0.030173936494935154,0.01824836541306732,0.03642582296949708,0.02198634414945056,0.1607887314257578,0.47427593608909413,0.05929677430635011,0.16124932154612878
10580771,0.04620262377428516,0.04187675849214682,0.021287452784340608,0.07090864679213993,0.02728026787853909,0.2181025277414495,0.18187257982112667,0.11323938984135129,0.2792297528746209
10580995,0.03083542302356343,0.04212626113653528,0.022672410829072738,0.06062947194094666,0.025759891007881598,0.20204037521620927,0.2723949819834623,0.08485488155408613,0.2586863033082426
10581310,0.03375768925203232,0.030703329452674975,0.019710032338744073,0.04036261173737247,0.02283895545222001,0.20158741783784367,0.43917600947905044,0.060656561178680846,0.15120739327138133
10581368,0.10192804745901407,0.07821251079571089,0.030443105288816115,0.2014654107730955,0.08602461677214497,0.1311112362311938,0.039580600028938956,0.16149184150799523,0.16974263114309052
10582173,0.1673423057116919,0.04778438132460683,0.027120456506374763,0.06567421857638127,0.066227557574029,0.20096005697329217,0.21289912371717923,0.08248609944455912,0.1295058001718858
10582418,0.40930022671674304,0.0422709159758425,0.029527259199475235,0.06458413873269839,0.07287580130887675,0.11443384284810987,0.10349496337201096,0.06683320086276529,0.096679650983478
10583009,0.02481201904182927,0.030320955718819723,0.013601667740157138,0.021858099558024473,0.02485709958076682,0.3213091962593359,0.45222119476726097,0.05528638733913213,0.055733379994673524
10583434,0.02228632740088886,0.10491892567780456,0.02932070220631345,0.21003430852019606,0.04141861146166151,0.21659405853860092,0.07547705513713351,0.11434395356355226,0.1856060574938489
10583521,0.022823557721328568,0.02682580117813082,0.012933151752005975,0.026138023882177685,0.021746025067206385,0.1946778321001746,0.5713393302445727,0.04018573720139053,0.08333054085301271
10584210,0.025983866957806474,0.03294784814278237,0.020731386441779805,0.040261838768095554,0.02133133015938718,0.2138027048853378,0.3794255304863797,0.05970433332365899,0.20581116083477202
10584222,0.03200046137558673,0.02413188303167503,0.015088499534063392,0.028088183302066583,0.02106079117466227,0.1705253839074859,0.5656686188115327,0.044298579921887224,0.09913759894104021
10584314,0.02845013001180225,0.03096899595924514,0.021340707022917682,0.03717985333864277,0.020952273530129736,0.15762527946148572,0.3296569594638967,0.06182546231686509,0.3120003388950149
10584430,0.03266203224590135,0.017823833790499198,0.013144253483787543,0.024154480395885483,0.016382898438329133,0.09039315351774538,0.6882735624533965,0.03067046150389746,0.08649532417055797
10584519,0.03161483402662392,0.07039925436370277,0.022112485487416678,0.041007427508394215,0.038820112449805336,0.3986613383551443,0.17371955273828604,0.10640181087441647,0.11726318419621037
10584820,0.04049615773006318,0.09127006627356238,0.018047193553419702,0.05612234898705914,0.11847206679073877,0.3654408290445217,0.11814133516421024,0.09659174980794238,0.09541825264848258
10585136,0.018892532334881664,0.185991538662712,0.022329950083757266,0.09349418988109767,0.05569896694275521,0.3671780760644908,0.06780166004929733,0.10032245519498303,0.08829063078602492
10586849,0.041214384496963775,0.0490896999032467,0.02282304001798785,0.05541945432702657,0.032382126367164525,0.39790232124810937,0.20428342920460618,0.09310861194674071,0.10377693248815428
10587734,0.06206787989821266,0.03310999288025473,0.02131618670109651,0.030003839295038186,0.03158106103913505,0.16927643953668042,0.5209455049515043,0.06523917536926173,0.06645992032881638
10587840,0.04680056592949523,0.041630718638702144,0.02584470001611259,0.043541315754227206,0.028190009455653774,0.2712452508503651,0.37190850910208195,0.08126320336819454,0.08957572688516764
10588529,0.017342484253676592,0.010774724910173455,0.0081123649799045,0.013347205685606945,0.010064803578907898,0.04142689213274057,0.8171979325683205,0.017112907728360393,0.06462068416230911
10588664,0.028460023938870524,0.013717463866025927,0.011282059973026542,0.019291615016954033,0.013058683124321208,0.07075408205639425,0.7072219772540286,0.026233694259964073,0.10998040051041502
10588792,0.028998762014499968,0.021006343434010914,0.01579134047544147,0.02440178276314069,0.018272433240570658,0.06731564349162117,0.5942266223623259,0.036806139770996574,0.19318093244739254
10589349,0.025446719367506004,0.027331958224614275,0.01789805611826781,0.03291451438961095,0.02125878301191694,0.14000407181978322,0.353239982667619,0.056971242409558656,0.32493467199112314
10589410,0.07308534103888015,0.04078722229807912,0.03735936632531693,0.10837659296494745,0.029477963461168454,0.24050652781195558,0.11775334548867944,0.1438785540220924,0.2087750865888805
10589411,0.05915201573987593,0.029170653322756375,0.024859291528364337,0.036391135249161634,0.02737805422084505,0.21663162207617398,0.2952957907367567,0.06717459869381408,0.24394683843225196
10589472,0.061218796139614354,0.0277993343868403,0.028541440322069185,0.032885326070711395,0.029506285336008034,0.1291055485091169,0.3632833435440729,0.05608811246632612,0.27157181322524093
10589485,0.05343044417091053,0.03019477845605322,0.03199079220368837,0.05179278817576202,0.029694289375925755,0.18220413625728862,0.1141253312638483,0.08510192672682944,0.42146551336969373
10589763,0.019795988550142703,0.1151842883145213,0.02660796724078715,0.0794309225168661,0.04880142630881314,0.4230818484675283,0.10449099263719638,0.09615731363586892,0.08644925232827605
10590733,0.03012309084421716,0.11888507138414481,0.0267857706263126,0.14348284849062107,0.08900391600596393,0.3425174364452433,0.03414982312492948,0.1603737153918936,0.05467832768667405
10592587,0.40029440920918935,0.04589551445373716,0.02793902100393588,0.06422161167122116,0.07163407530757074,0.11689308982022195,0.08493108564016688,0.0854924694174383,0.10269872347651868
10592944,0.023272454552974033,0.07868670166488508,0.02328746409156736,0.10013348879125386,0.04736408813962738,0.4818164170229554,0.05355537394042318,0.11220295318437967,0.07968105861193409
10595034,0.1497577389224002,0.06333994696384561,0.029420568412911983,0.07370975051484843,0.06847597053477049,0.211902378706529,0.15063231078768732,0.10037441102034071,0.1523869241366662
10596119,0.046563569112154556,0.04900872545445125,0.023715355329179552,0.03653901861730492,0.032887079398845415,0.2769117502701368,0.3750987736707534,0.07008741486189868,0.08918831328527543
10599481,0.02051182643483984,0.03812241560575111,0.011610559162252133,0.024404773682957535,0.03007223569767843,0.46826698733048266,0.28846875944897366,0.05241244668684567,0.06612999595021903
10599552,0.07588069857862548,0.024221881047893017,0.018080013449707073,0.043331717303241674,0.02472042916582959,0.12954416434190685,0.44877336532474144,0.049726437566313314,0.18572129322174158
10599609,0.03307786154348349,0.019994633262603752,0.018413996601194263,0.030291682382713424,0.017148545513616345,0.08291007503988224,0.5236192420608297,0.03500550548883028,0.2395384581068466
10599643,0.021362092780467922,0.03165081287016215,0.012521324657036047,0.025048647043809238,0.0233321934820939,0.4328950817197258,0.3224468298539302,0.05046775477205196,0.08027526282072277
10599718,0.048542782837892366,0.031789701247737896,0.018092972726158812,0.08291047394083657,0.03218652295759109,0.2243666869225271,0.17724452834546375,0.08673095924112902,0.2981353717806634
10599755,0.03239702622328802,0.0311821086296033,0.016613069740702976,0.04472605086438033,0.025171507950705593,0.26875511973864696,0.3012109511742708,0.08781111413070167,0.19213305154770033
