track_id,Clutter,Cormorants,Pigeons,Ducks,Geese,Gulls,Birds of Prey,Waders,Songbirds
6868504,0.040880854852300204,0.06576740147429205,0.13058373013282965,0.18604853983623157,0.43999866915464153,0.03274257461591063,0.006695962528223728,0.05499434933498668,0.042287918070584
6868536,0.03443772194931955,0.07200836931301681,0.1825837424304748,0.2060971375939333,0.3181753932220352,0.04354881073906144,0.007297934570791596,0.06437381102330827,0.07147707915805902
6868565,0.026740216002848358,0.07816721493651987,0.11753148629965426,0.13402447394806502,0.5160330188190204,0.031936757386015945,0.006235926589911235,0.055236465706060195,0.03409444031190481
6868861,0.008591749388518583,0.11099070981593016,0.018803446071350104,0.08894087654545148,0.7102452710793056,0.009058093871886752,0.005344051948848895,0.039514614257858204,0.00851118702085033
6869275,0.0036932050957308167,0.11107146866806361,0.013622035903551754,0.06653601226292342,0.740676178002278,0.009976002625617071,0.00465660828783165,0.04256359674645787,0.007204892407545654
6871418,0.010490173467890662,0.11277653721213265,0.28408030622901354,0.1641979862158761,0.1770571208961558,0.08274608112535005,0.010579379772336783,0.1093154974278308,0.04875691765341358
6872996,0.3193897515071676,0.04055232923381934,0.016426823749339185,0.014029684055335556,0.18799798464076334,0.20491412232061415,0.11108534324219799,0.041484689500908396,0.06411927174985445
6873817,0.03886404067208019,0.09097985950449478,0.03358199662652383,0.023345601858528752,0.5189749461781438,0.0933436767027415,0.015530866453290852,0.1398435666143704,0.04553544538982591
6874023,0.00228673792951422,0.13430757988200856,0.061901094720643764,0.032465121517076055,0.10989620211721914,0.4548946153708285,0.03720609770556811,0.11967534825085108,0.04736720250629053
6875504,0.002272108479024531,0.09330810415733219,0.15847867662190498,0.0295702156925379,0.03885791363692242,0.31108478344415086,0.07544372158620473,0.08109484007755634,0.20988963630436608
6875899,0.0076371403505683085,0.05824871174519485,0.056362531053824216,0.01350121543080067,0.011901888325154068,0.3434153236518027,0.2802946962305054,0.07050251904292915,0.1581359741692206
6877293,0.04864498675820092,0.05587154753910212,0.07740303518294202,0.05481676406808459,0.021116912775756055,0.042135152587845,0.0474177467980707,0.1351942877788703,0.5173995665111284
6880408,0.007234352302646854,0.0938412471027671,0.06210678615513595,0.03782369062037048,0.02747625250994792,0.3639784737711888,0.11865488885796362,0.11310071106765218,0.17578359761232706
6880690,0.003965010277479576,0.06725479221535599,0.19169663668433326,0.07156113033424782,0.03675966689677972,0.29789954286179904,0.047330763920336937,0.09131303486543156,0.19221942194423605
6880833,0.009146709487163248,0.018517195494814714,0.11991959876796464,0.012004897173190365,0.006481914894825385,0.04770992097428259,0.4279985146105428,0.03110431944890753,0.32711692914830864
6880956,0.0015726258231092188,0.16241082225122627,0.020015245226725386,0.02129944012330971,0.05986034794192175,0.5600162439880728,0.06145461886451947,0.05982276951202132,0.053547886269094146
6881733,0.011515797040387804,0.01597945609053384,0.008744705569593237,0.00647155313287492,0.0031992764375474415,0.04562386496368432,0.8174847854389208,0.01299859855717994,0.07798196276927762
6885154,0.08929117640869842,0.07151894708241542,0.03081596581555956,0.032072242508114635,0.028600338529894808,0.27523638974109016,0.08247344673174573,0.15165110214894165,0.23834039103353968
6887294,0.014444072385321118,0.04660634885510456,0.1580388638941057,0.01667001882638651,0.024260988287340454,0.2525274512496946,0.04958024333749473,0.06631132261382759,0.37156069055072466
6887586,0.07150983539309656,0.03138970317507688,0.1421774219570345,0.04528772754111255,0.017436287732902126,0.10443753678052059,0.04673202528535462,0.08715067869810515,0.45387878343679694
6887600,0.020324168337693984,0.026939846104529045,0.19005402573451605,0.03499366760188062,0.013315971815066921,0.044595644757160186,0.03563887625321847,0.06189411478611315,0.5722436846098214
6887637,0.029689970244174007,0.14297976863525552,0.10905215854787248,0.06184726762882082,0.07938096090256365,0.09605792382392396,0.05943823583429936,0.09738070177550907,0.3241730126075812
6887702,0.08976721960112317,0.022321850731721053,0.06832146502888652,0.010622277719103186,0.005074097372394241,0.06027707590845432,0.16515329778330665,0.0633547607974292,0.5151079550575816
6888243,0.010260324057954186,0.10973482128426386,0.13592515311936867,0.03740852769949909,0.10146495881988467,0.13815452998064773,0.046200585501223614,0.07756352657979587,0.34328757295736234
6888737,0.007820508336883396,0.05655308365137581,0.25135313695606826,0.10116818117795429,0.03894453020193481,0.08698688855179942,0.033249779351531394,0.07183567963210868,0.35208821214034397
6889024,0.043221307888874495,0.013770917199086222,0.05709144318059872,0.007921681969149592,0.0033422124377125648,0.032117950572300984,0.38807673223780964,0.041484879469638344,0.4129728750448294
6890285,0.03197831097174931,0.13551854352938195,0.01899121015643353,0.01260397805177793,0.005311525128796661,0.15029357917002742,0.4924588505494616,0.04341012335019182,0.10943387909217976
6890416,0.012162953790193174,0.09209040710813327,0.08178208605057564,0.02178220786564028,0.007403962747222087,0.11745715666661023,0.14309458386976628,0.13387101581392788,0.3903556260879311
6890579,0.01601836841915202,0.024932261985454465,0.08419678464484202,0.009514783343924513,0.004525168652074466,0.03611186386655171,0.24351732189870848,0.05038476229353314,0.5307986848957592
6890917,0.010230404296788863,0.020990276260029556,0.07538396782147172,0.009209229610657843,0.0034359043717828597,0.06212586979856932,0.5279131409137899,0.038364234659618725,0.25234697226729125
6891091,0.01481399007954473,0.026614622920266298,0.2646255062540641,0.1347263800480595,0.019954672597829928,0.03277028338883737,0.02040401479121906,0.06935000359780055,0.41674052632237846
6891208,0.0071228626656054716,0.018428945918689477,0.13984060142133045,0.008398453117733453,0.004328119639883897,0.05096674685088229,0.1678018431122211,0.03228367618873451,0.5708287510849194
6891245,0.006428062314568313,0.02519745735830449,0.07706002864711957,0.008450506834328474,0.0048754403945823815,0.10599881819805719,0.37875701375641363,0.023573972254566214,0.36965870024205966
6891309,0.00376391083137595,0.04448482401372722,0.09444635172083121,0.010619134138666735,0.007152267957182371,0.07681138962362481,0.19691163300948297,0.03700576632923822,0.5288047223758704
6891366,0.0253707800927387,0.01273885219523639,0.05909997353921163,0.006323635087486284,0.0034064512691868148,0.032409689017879745,0.2751741848564085,0.02310717001536669,0.5623692639264852
6891473,0.013444884332825695,0.031143450558306054,0.21938805559285515,0.034378349534349595,0.016348576502140045,0.09632753827766855,0.04278061505530483,0.07053135866691321,0.4756571714796369
6891484,0.006611298464666317,0.021134011100365047,0.12715662781565348,0.0114925195851333,0.0059648731145588675,0.029974558771215114,0.09653239506148159,0.039937249680727614,0.6611964664061988
6891531,0.018428258545959374,0.06879934525924147,0.04094564809906106,0.01190425687993084,0.004524751495352475,0.08654120097360919,0.42439939154347256,0.04371781263628805,0.30073933456708496
6891557,0.010371893738860934,0.036153070045479685,0.22586513295590602,0.0195170228404557,0.00956172215084825,0.03390098973962317,0.0450286946856136,0.08070407653337679,0.538897397309836
6891579,0.006286349333002045,0.02560548654387759,0.08012553501097858,0.009176687573955554,0.004250430098190852,0.05769768612474866,0.2992575472459716,0.02971846364313295,0.4878818144261421
6891867,0.07891783824074276,0.021629440275426317,0.027155081133040364,0.009827526333358027,0.0033485956749373783,0.02924921135132072,0.6570353819083721,0.033557523644764865,0.13927940143803744
6891888,0.03527367263628999,0.027090703295693904,0.05167622810025176,0.0178605534366394,0.007444634088052099,0.029186981780449272,0.11086367524872746,0.09041676063695443,0.6301867907769417
6892297,0.04301139834486361,0.013002673923208294,0.03903772278740645,0.005715226566575028,0.0028630401376962844,0.03548753282861195,0.45641947600282246,0.024578370945065542,0.3798845584637503
6892562,0.007600672215048381,0.019715619116728766,0.10889158371407094,0.00861551974541355,0.004111737284523051,0.03601707017668061,0.5577653601272953,0.03432329893309803,0.22295913868714146
6892587,0.020819471850291,0.02289843685403138,0.05989590685680279,0.008255626953091677,0.003670445423295655,0.06358325743201994,0.46607892606470447,0.059015039977077056,0.295782888588686
6894293,0.00556957061653978,0.24696006620937608,0.07949440654889794,0.15854334919078109,0.16299435840408452,0.1254353196219367,0.012785403308108671,0.14491179682751454,0.06330572927276064
6895609,0.004759984560662701,0.0488485812522336,0.263319218003881,0.10350058694273785,0.014870916484111906,0.036472225746648594,0.03141717600154023,0.09980401364139212,0.397007297366792
6895723,0.01992128356756585,0.015831836599051578,0.10461125366221515,0.005802780883314326,0.006257048218974784,0.4161518320034275,0.29042081175999584,0.04399500667009678,0.0970081466353583
6895905,0.005043580032151948,0.018342275108701064,0.08360567940326012,0.005099130504365213,0.005607464962327711,0.36186886120466094,0.3341589038635424,0.03753449416949422,0.14873961075149644
6895906,0.011663861465770765,0.017100514173472095,0.1614300885698105,0.005744828618860367,0.004182457123091973,0.3502659120538523,0.2833647527894516,0.041146727973970176,0.12510085723172024
6895927,0.04054702847659308,0.027204114676516265,0.14175768040916045,0.010431072021937264,0.011570073999931893,0.39288971951721424,0.20777134116724058,0.06384362348963235,0.10398534624177395
6895938,0.005985625784946859,0.017551384563719206,0.06793188477638898,0.00477329174854891,0.005982912841502098,0.35015934004571836,0.3876254650994642,0.03643203238112879,0.12355806275858251
6895939,0.009791253568776697,0.01855937744773052,0.07199677890338071,0.00533602954423303,0.006059027016692346,0.43251954235171214,0.21956088466260734,0.052524443066019805,0.18365266343884737
6895948,0.004476657625515471,0.02121103128564052,0.10638406861844622,0.005321755894624879,0.0066222556632220585,0.3935140180868751,0.2532713481430205,0.04534186905710485,0.1638569956255503
6895973,0.013004511175234828,0.01715930360091406,0.14437285245031725,0.006162271914243306,0.00454373501271971,0.2774213395264738,0.2909993737249681,0.04818285664768902,0.19815375594744
6895974,0.006356719295861963,0.016459280008159344,0.07352217868552192,0.004330660030089038,0.004007707024989238,0.33599957613457665,0.3746148848985942,0.03624349049802098,0.1484655034241868
6896754,0.005838495336762087,0.020395241349292076,0.07991368819999228,0.007528532126630461,0.0033021898732036327,0.13201969871119704,0.35952693335570923,0.029398273089786337,0.36207694795742684
6897915,0.003891767976471471,0.11556916573680008,0.25377462751823693,0.09714247146900745,0.04368190113902984,0.13049591235543617,0.048203642886310655,0.1659942414698208,0.1412462694488866
6897964,0.08060467821269617,0.06506927274538775,0.1885362476458662,0.059813789235782365,0.1494560475181761,0.07386412399030999,0.03362237192587365,0.10975674439998524,0.2392767243259225
6899282,0.009809632673872784,0.015725479534740874,0.027908215473844377,0.006694284131200737,0.0023411312051873066,0.06633916539903284,0.5291996321470066,0.03161012328815212,0.31037233614696236
6899294,0.03057983328168004,0.016967592639203544,0.022961783832368937,0.007978544888254325,0.0027780010878217017,0.027499589782105673,0.5923771664320923,0.05611815492321077,0.24273933313326268
6899376,0.007264439028308512,0.06214620885554578,0.09625180545377808,0.013488328479217047,0.005946940425022401,0.040904068067230175,0.25957371548614405,0.05611342995820914,0.4583110642465449
6899506,0.011442522192710318,0.016616023551321257,0.02598742745656381,0.005650123360868402,0.0030810755434776496,0.17389450879411059,0.541091954065572,0.0503996775837137,0.17183668745166222
6899530,0.057826923172007993,0.02249341864623021,0.08338801565965283,0.053527262028798595,0.012994587083950434,0.06426352146139622,0.0387606180557249,0.14361587844341722,0.5231297754488216
6899560,0.043761347614716874,0.021337543714498707,0.04949141191591249,0.018663152285052803,0.006942542348160286,0.12131288725879937,0.16968930166709606,0.11400858894711095,0.45479322424865254
6899670,0.024361796177500238,0.02098100306199169,0.03750651017672801,0.013832875921949534,0.01099412123529079,0.10434211735936309,0.08537141669351406,0.06369753358992647,0.6389126257837361
6899695,0.010119240936973492,0.028130991856325515,0.06772908842686394,0.01696664910874026,0.01240957963740054,0.08786660693904347,0.04866307974370798,0.06505602447774834,0.6630587388731964
6899730,0.014792456133279916,0.02701447863503822,0.06813210192022091,0.013613782395842149,0.010894480920094651,0.1267996910470581,0.312258689172952,0.06527561063668848,0.36121870913882564
6899754,0.032760166404457884,0.024195963857305325,0.1754717470791045,0.07367664978779988,0.02160050159268877,0.07069591070844418,0.024940883850125144,0.11997518819504205,0.45668298852503236
6901206,0.005213224843662808,0.0420029982358254,0.07505480253061728,0.011480191627641493,0.005559944335793825,0.15590026101863708,0.3978027393720686,0.059846481071174205,0.2471393569645793
6902131,0.0026947781881813664,0.03406828457906394,0.02108229020802946,0.009577871081976866,0.013080228307918511,0.4473362663092096,0.34417713387893506,0.0687667528947431,0.05921639455194206
6902271,0.009911810812951963,0.06279848046793822,0.1730332622010969,0.0476631543954228,0.051240423643390105,0.12349721421444293,0.023084060516946617,0.10815707364781187,0.40061452009999865
6904326,0.043731639722154304,0.01576247023374349,0.04119445847316438,0.01525307102544896,0.003953366800079807,0.030622989350881705,0.10064607714311836,0.06369860912541303,0.685137318125996
6908023,0.00357626706990985,0.09728248220268172,0.028395211983993068,0.25015240795934285,0.0745443180843487,0.3327705278104951,0.024015871167481443,0.15710042403406196,0.03216248968768524
6908625,0.005468945196514664,0.0169566169703488,0.035022858512498256,0.004987875701954232,0.0018536786855067181,0.11840395596535401,0.6133489348549398,0.027378621229373668,0.17657851288350992
6909657,0.013126843355981103,0.014880068491667108,0.01982976628010845,0.006917955078506473,0.001978690310051038,0.05941610747715113,0.3243596308680424,0.04300189081448467,0.5164890473240077
6909786,0.04026104396989842,0.01951965381566773,0.027771510820919196,0.012550500477741852,0.003484498551231894,0.05008586849440316,0.138270138159799,0.09916704116767981,0.608889744542659
6909952,0.01940328490493069,0.012465686093057878,0.019100920431533983,0.005794355942560774,0.0013871749464655586,0.03095903571545242,0.46443387251378354,0.037145521309301655,0.40931014814291355
6910003,0.03188176184809169,0.013802572419273853,0.022045294222564488,0.00687583444207631,0.0014843554286037102,0.0264361358911499,0.21477531894665677,0.05125328837943704,0.6314454384221463
6910407,0.006067027777263214,0.07321894697722629,0.019784690523020513,0.013613495942019266,0.03245922166217901,0.6653988127584801,0.028078503343687385,0.12735935379428917,0.03401994722183512
6910422,0.04892086260499348,0.019495315743896843,0.02407576623735196,0.009525962898202267,0.0022480833330444172,0.05425793379894284,0.44681390182388286,0.08394830587744488,0.3107138676822404
6910425,0.051281634655416464,0.011283000278182081,0.012037832065888897,0.006313590628524245,0.0017600660496409556,0.03208161201998533,0.2098115274245866,0.0449537290139262,0.6304770078638492
6910560,0.02590839763421007,0.026939228671334595,0.09128618752123292,0.09467360365607798,0.010089106098614775,0.04766046061958473,0.03685404925094397,0.2270400120024465,0.43954895454555437
6910590,0.04684690539080946,0.012167621443860951,0.015507371688539264,0.0064292591595254715,0.0017897550983780293,0.03803979882097062,0.26959065230131557,0.04625228562186843,0.5633763504747322
6912744,0.004707781775978088,0.04480125607749488,0.011730426007666196,0.009904158909118695,0.020896619686914784,0.7362740449669065,0.04919164725656144,0.08413387855667533,0.038360186762684066
6919118,0.008541679414767783,0.04445324837373565,0.07848007086935253,0.019447684354030464,0.011406700098882493,0.34165899980270514,0.2558559699239205,0.04782549295478709,0.19233015420781832
6920152,0.007144796901867534,0.037275941958493056,0.11717817621146724,0.014009782089751748,0.006451117017660449,0.2750467366872286,0.286500483462154,0.06337257692269142,0.19302038874868596
6925791,0.0026802994122938247,0.045262036251496975,0.04004561359166796,0.015990039458602556,0.012547440227009495,0.5221108418514421,0.17838180508625592,0.09913629552450455,0.08384562859672652
6926246,0.03077508101381771,0.033332260229366355,0.014876231274423635,0.0064660537009985745,0.003974724573654289,0.3722128075061814,0.4562024314361812,0.03205599160919113,0.050104418656185694
6928841,0.023956287851266595,0.0881839790357178,0.08423161091496036,0.21951772364595967,0.06768659670602042,0.08146163005401995,0.016253549409934058,0.39030145490080753,0.02840716748131363
6928933,0.01447655157270753,0.07067880641692077,0.017466156653603317,0.00880406804447176,0.010560912993051718,0.542044232262671,0.23186655447101456,0.050566099221099996,0.05353661836445931
6937241,0.07367792078555,0.020722592874228715,0.060511296595062325,0.022728728751362778,0.005010763436176442,0.03401499154622991,0.049786153784120456,0.13871891706813408,0.5948286351591353
6938426,0.0029177676671002174,0.032372182572932645,0.009054563476983095,0.005485065915790774,0.0039860721283080875,0.7018372724090894,0.18374382588220506,0.030342909864360144,0.03026034008323052
6938530,0.004587348109246608,0.029224505205385207,0.007061509326156395,0.005481214568144652,0.0031044804341441652,0.5997567653453496,0.27373968367754814,0.050922569983914055,0.026121923350111237
6938682,0.0029850265678992177,0.014617808224932293,0.010071363126427507,0.0038519741873225236,0.0008554182433299615,0.09698965022597118,0.7123988075623977,0.02099299997778085,0.13723695188393875
6939166,0.0022281514312454506,0.03078698470535722,0.006298766322118541,0.004428059317621102,0.002476863826377308,0.6578145747895231,0.24012009959950634,0.027283158262415123,0.02856334174583591
6939222,0.00838397677890375,0.015601400319130298,0.011714353978155359,0.004365681468233138,0.0014903417542414595,0.1149638233216921,0.7659962527117713,0.02777868546063551,0.0497054842072372
6944591,0.024155133974337342,0.020272018789540557,0.026930573235239914,0.0052644832221415555,0.0028870784742565225,0.18250779282392768,0.6407545546079013,0.03525439726902794,0.061973967603627035
6947293,0.0031612832382790935,0.06423149518717557,0.06362016334982741,0.007929512187348558,0.00920331025573768,0.6267078568207786,0.0709585600194455,0.08371434146157648,0.07047347747983108
6952804,0.012021546961876314,0.030581415690480323,0.24373643297332134,0.014615759115651605,0.010890946245181258,0.3226844243531339,0.08449948962694322,0.1057003523356066,0.1752696326978055
6975207,0.007707710735028499,0.051514999896684066,0.038190021160227856,0.008609678346577354,0.008302274544368772,0.6912360434144791,0.05645793964800657,0.09783661376814884,0.04014471848647896
6975472,0.004917292233675371,0.040905832340013014,0.022731315788939263,0.004837307936896099,0.006199652139885446,0.723169363849835,0.08078527571369987,0.07809620133960797,0.03835775865744804
6975490,0.006827096142978784,0.03227589643374404,0.017063686114564675,0.004925759499581107,0.00562117997000416,0.7436176644698461,0.033467880557026486,0.10461240964554382,0.05158842716671087
6976427,0.004795972429563021,0.0276010078408265,0.0142996793579183,0.005016706616401892,0.00635349532614109,0.7590432523532762,0.044476056277672656,0.07563437847300751,0.06277945132519289
10551287,0.015421770366716171,0.0568690681833711,0.014789686199149258,0.041969033631318264,0.020185832054337594,0.4289177025418141,0.2340046464460704,0.04714421794935362,0.14069804262786945
10554874,0.5224345490941212,0.03601997612447477,0.01529317441909927,0.02317840517666303,0.04088356668822992,0.10352230950823844,0.1508354614525792,0.02072329131425044,0.08710926622234355
10555071,0.008540078542326596,0.025919849063947713,0.015169501074162123,0.017383726613458318,0.0059766724759348,0.2576797283799629,0.35221849744543804,0.031044354722830066,0.28606759168193946
10555459,0.005997425440662337,0.11435303962154386,0.04741387418611966,0.0599266927056318,0.03031505230763504,0.22383270835259794,0.07333505511361384,0.2173309841251967,0.2274951681469988
10555968,0.07821196560847762,0.07927286844428905,0.01992556823306081,0.3408614338038196,0.17025728928689524,0.06166218935717895,0.013053743144811654,0.09419994198012577,0.1425550001413413
10556692,0.03313429869611948,0.07127099686604013,0.021476154993094576,0.0448249924892829,0.013198456021843793,0.14950015989814563,0.11484579848483968,0.08783071566781504,0.46391842688281876
10557065,0.0031011028067669025,0.08984160274259079,0.010248680756395961,0.03742857715148348,0.028523949665883952,0.5745375653872121,0.12510315725028373,0.0473692199727391,0.08384614426664398
10557235,0.003996980430024465,0.08797742031303636,0.026882978000754218,0.15817512076843512,0.051680610209136786,0.48902611802004126,0.04364316884157601,0.07398492553098716,0.06463267788600856
10557310,0.017484074092820084,0.17251132538729164,0.02090190467717427,0.0738705396390001,0.16228341504199928,0.14107051619344077,0.015714580217455743,0.07053055967763551,0.3256330850731826
10557603,0.012767397402662502,0.11623132258762799,0.017310228831916772,0.049634909297111916,0.015346661185083925,0.3259214367414118,0.15793452003478173,0.055890594996149075,0.24896292892325425
10557649,0.006007189866597008,0.07512844326179151,0.031214537458970792,0.051246705394559555,0.06655128166717493,0.5174526097315333,0.05966881127865059,0.08998938687030938,0.10274103447041294
10559369,0.025203724871851307,0.053334987538202816,0.011533680921253559,0.014443946532470752,0.014545502127154586,0.423359004723354,0.2723918034768225,0.02338580430843812,0.16180154550045223
10559516,0.005835390904375844,0.05909652553431894,0.007193122019863013,0.01791999692907442,0.017354377639800717,0.4164963212114976,0.2065054689301565,0.03379428226052283,0.23580451457039012
10559765,0.003940843271021095,0.14372215425067073,0.0162325950883337,0.03172331738368831,0.02134866539463101,0.34120688413454986,0.20414044455097735,0.07408192473016077,0.1636031711959672
10559904,0.03410345884046866,0.07506356515273128,0.012525172234343454,0.031275530846621956,0.01560945065029083,0.2653221998490489,0.23740080281614354,0.046725750386926716,0.28197406922342466
10561136,0.04426589535956966,0.08016999719384343,0.011823899885610853,0.030942851153016194,0.02512901113536097,0.3823964655812227,0.13394710361716458,0.04499670446153822,0.24632807161267345
10561583,0.04505344889169028,0.028546280913650576,0.016068109321596535,0.021381789371584258,0.009366054362954955,0.31498203022954857,0.2362237705406204,0.05927797516124513,0.2691005412071093
10561870,0.008727387990161626,0.04291699473482313,0.006750483811749654,0.012459009072180671,0.010291050556118383,0.4077440720301777,0.397138503046921,0.024037115722656262,0.08993538303521159
10562711,0.016135904395437918,0.17912101723232154,0.03379027572412872,0.2112286675182549,0.1606442163591502,0.11644809545873876,0.022411222337428195,0.06843093368018292,0.19178966729435687
10566953,0.006596276139753331,0.05254335549747654,0.008461016846426228,0.011202603362909016,0.007330429875743301,0.3906689154058085,0.40654785451844005,0.04491921405931645,0.07173033429412656
10567563,0.09977721939959705,0.06812765234686727,0.01153981868049949,0.025082615788569063,0.04669165403332054,0.3641166421766031,0.13013717693278962,0.04917724258379871,0.2053499780579551
10568512,0.022106147805684467,0.024007762009208164,0.009771937028231658,0.01726560967347954,0.004505302688227974,0.16796038107830324,0.6366316911768067,0.025047076847822675,0.09270409169223547
10569249,0.011042902621345463,0.02033744852173599,0.007785515571623806,0.014124765494820507,0.006226491572357929,0.35080815851229,0.35836230352679693,0.030951369569585052,0.20036104460944437
10569900,0.009660125369805145,0.2318144221480453,0.020042323558935,0.17744116339299484,0.36410449578977394,0.04682511940077938,0.030753668491439776,0.06917842114965259,0.050180260698574085
10569996,0.017895645637132872,0.02618438202652873,0.010228967656834339,0.020642212517150923,0.004959038990884413,0.23417356987718763,0.5548436537836853,0.028686028837703784,0.10238650067289211
10570047,0.012652846538671552,0.05893305223192349,0.010294655372663102,0.025846939465715497,0.015319587732854417,0.4496251517503375,0.23920661401554807,0.055248547395543544,0.13287260549674282
10570186,0.0340098335231271,0.03995795639673349,0.010364627341206013,0.03142248418011868,0.01748434278016541,0.28295333660236716,0.29338593382976513,0.044807971547892705,0.2456135137986243
10570190,0.007194988897658911,0.04293187776390433,0.006434411552424704,0.022739253992339,0.009094026820744122,0.3429195162399696,0.4640847888583963,0.02897083350299624,0.07563030237156683
10570281,0.010327847829683103,0.034473009540682165,0.010476924082238196,0.021834120818723293,0.006888378504612065,0.32598647153839216,0.4141234865382515,0.03724468401850883,0.13864507712890858
10570444,0.44088436815757176,0.03197066975532007,0.012687513519822618,0.057496991778326366,0.01912094097675583,0.16021554287020395,0.09765025484730795,0.05663156284377873,0.1233421552509127
10570516,0.04619863183192333,0.0447845951647935,0.010716978849490333,0.02495527796615549,0.011653557957146744,0.31547431678666155,0.21011771012359692,0.04623999750241217,0.28985893381781996
10570563,0.04528117851515095,0.016808611462379355,0.0075365617410837055,0.011242660909508498,0.004212630288319332,0.17103497405383064,0.516324816533616,0.032729586186030155,0.19482898031008136
10570908,0.05099087277291578,0.01850008064865018,0.007820146380052219,0.023403164966960835,0.00834407959355579,0.2567528038891452,0.4469872306485967,0.04204759726463014,0.14515402383549325
10570962,0.012799669301058523,0.08765987309504886,0.026625199777879787,0.023618919983121756,0.03198085292820696,0.2152737942641351,0.0993711093061404,0.3641932542180784,0.13847732712633018
10571126,0.06860515469825874,0.019657542538147284,0.01276163008721095,0.01347593908364092,0.005653757753655122,0.2741560225046345,0.25435881874133326,0.04399334785655803,0.3073377867365612
10571129,0.2527490563670775,0.03903188699843018,0.014147722793322541,0.06560754279771354,0.024176916075977096,0.26258847246039874,0.06316454892256039,0.08531141791081838,0.19322243567370165
10571130,0.08114470585226746,0.053686122199748186,0.020482846582400658,0.10741214904691,0.037576083180103165,0.17514243031514562,0.030565811492167038,0.10885943408687863,0.38513041724437924
10571150,0.06113434860433198,0.04180435991173359,0.01070227686218706,0.02331056266477215,0.013615999759857868,0.3753989215312825,0.19745648173502528,0.04631667913027901,0.23026036980053055
10571157,0.05817150791430295,0.019831107323803127,0.012661413689106548,0.01097083263278166,0.0041871903731645664,0.1578050236957361,0.5151887896484293,0.03314202134193945,0.18804211338073631
10571249,0.03696850324541562,0.025571635183110578,0.007378214519545514,0.013385121574650804,0.007759416315576567,0.3538883294966792,0.33624960724753183,0.03414778356230581,0.18465138885518415
10571563,0.009512068374356778,0.22276386576999962,0.02212309748634171,0.05163128318944212,0.10681540058006882,0.2645364773399484,0.08455530284779979,0.08713119435683257,0.15093131005521018
10571600,0.04813368465688821,0.034949603450694235,0.008578328114901375,0.021313828473576667,0.016331053214746743,0.35766186855842835,0.2212076224412237,0.03962249607922517,0.25220151501031557
10573894,0.04736127977769689,0.04687015428191633,0.017661709229389335,0.08468950599464241,0.031397461284488774,0.33228672731162073,0.08227993015772765,0.1534422657339123,0.2040109662286056
10574347,0.09793403085808099,0.031763191231203636,0.011372127245405678,0.04271713363305909,0.010377977819242646,0.3519986023523914,0.24630765716597888,0.04318095277474568,0.16434832691989207
10574370,0.114127418268685,0.02572806211733451,0.00888752478978686,0.033191775720185786,0.0090973463002382,0.3417410133990563,0.16945554315751707,0.053966561011178686,0.24380475523601755
10574372,0.027475732723874883,0.02121707377915362,0.009660637725348796,0.010073024045736281,0.0032870135710013847,0.23588062624648964,0.5544270053148032,0.018557740038182623,0.11942114655540971
10574408,0.08962885382289555,0.06722666862051747,0.013380845763731447,0.12507303042300497,0.04388470078334191,0.2873970962474436,0.038846300098296815,0.07955469604984075,0.2550078081909275
10574430,0.039445113618222664,0.029160294842761187,0.008768290537500183,0.029320447848671716,0.011285225322200177,0.3667661956603932,0.2228937221913524,0.046759222447316624,0.24560148753158176
10574439,0.12993506911947633,0.033840001652087136,0.010435356093841863,0.041531287198503464,0.01034943820365602,0.377562129545457,0.12762223595361663,0.06720502751234421,0.20151945472101737
10574456,0.0744335989313348,0.04278503860580051,0.009820612427610445,0.02373777585525635,0.01427472882346136,0.28019015857852086,0.1081945414280821,0.043703248103302485,0.4028602972466311
10576038,0.18284584759356348,0.03523682795223724,0.013309884982856736,0.024796562184705852,0.02075017244757849,0.35032477894640973,0.20489673211653478,0.04729250569965806,0.12054668807645569
10576770,0.05214383807398982,0.04452396499677135,0.011586392597310632,0.08551313309058327,0.012146103966977647,0.3816966813909797,0.10304513694878491,0.05874040589169777,0.25060434304290496
10577118,0.005417548991942224,0.08311934634089263,0.01504367008167743,0.03923755499643914,0.018636164624405833,0.3862258311726913,0.17537035635257156,0.0931905341328169,0.183758993306563
10577354,0.024650002330052014,0.01882513544883508,0.010901525957625155,0.00829315637495094,0.0032491847045017248,0.2841727779583299,0.5315333349493683,0.024536851314442106,0.09383803096189479
10577622,0.004956558127706374,0.06014881191269587,0.016858852356739406,0.02590242806529035,0.012977979477209857,0.38281068182143746,0.2581255182103308,0.06551849993618143,0.17270067009240844
10577723,0.015220424897259874,0.023568880965797095,0.008655247623587665,0.015082082287530628,0.006903978756036763,0.46792398971991994,0.3374151280158994,0.029119073209959503,0.09611119452400897
10578130,0.405269378725204,0.03912344874150612,0.013461874041309607,0.03777835916343899,0.02702251865731436,0.16692116008633687,0.15409643859481034,0.04012501505330627,0.11620180693677344
10578295,0.01907801297414186,0.03257856877666867,0.008435038303452116,0.017501352209804512,0.005365468359504672,0.21511178445438198,0.5071784847634396,0.03511053480345556,0.15964075535515113
10579132,0.005860662580822503,0.01628402250270251,0.005753427026373668,0.007835163205990418,0.0026578578918022636,0.24622251110591145,0.6369522796121815,0.014132752133491107,0.06430132394072455
10579372,0.007586768960099674,0.030922399129232368,0.012096314684368746,0.010145056981522719,0.006118190035266097,0.36071913958336327,0.4655768557337266,0.026780087989582146,0.08005518690283842
10579452,0.00804381820404036,0.09454328822240816,0.0214707901601216,0.14138916821920985,0.10649912527314102,0.36989750292865936,0.08607232374546976,0.07932342591524827,0.09276055733170159
10579754,0.007909289816996958,0.04996721424020306,0.03246246760936374,0.048542914323695764,0.08773620407084519,0.5083094425681008,0.08004265748359844,0.11992052456288942,0.06510928532430658
10580098,0.013904018836868287,0.06106186194181218,0.01617860501888799,0.01863459069430853,0.017335664446800986,0.40219446236841366,0.2934790282356176,0.10045167354587282,0.07676009491141797
10580150,0.01632192369348805,0.047323876926421614,0.01189670633430564,0.031198108575072298,0.026323022370916188,0.452996477884476,0.22685486129058688,0.04405390868433389,0.1430311142403994
10580642,0.04590037188399405,0.03241217883411199,0.007621882583371121,0.02289933648747977,0.010750754248081083,0.43143329353005067,0.15192532786133664,0.04502385825869663,0.25203299631287807
10580740,0.039929533328794044,0.0202755111993943,0.009123053968503282,0.016144186499967475,0.0043500354020255755,0.2742761439385209,0.46719124251604455,0.030031699679766852,0.13867859346698294
10580745,0.013435722676300665,0.020467799153121143,0.008560883108898016,0.01258540122768738,0.003480866754167606,0.24194510384304457,0.5075138250113701,0.03232327760130949,0.15968712062410098
10580771,0.1215696101465117,0.02681013203203843,0.0115420618357744,0.04773105368443359,0.012376659170155672,0.2792749050781766,0.16168064945096625,0.09004878036287868,0.24896614823906463
10580995,0.015680192269380767,0.044566751201008226,0.018069981480996113,0.03428550714333257,0.00948475143012304,0.26371863370661314,0.24339035482480784,0.07892802256545048,0.29187580537828783
10581310,0.015006401249243856,0.04792224461654416,0.01119922749859431,0.023001341696858687,0.013599905007265252,0.3420537747176078,0.39949401512194266,0.04065720377101272,0.10706588632093066
10581368,0.07883400650518395,0.06433007331943727,0.019806458490922663,0.3237266204984419,0.06063104109030185,0.16742227546592084,0.023598444296891032,0.12106227163109361,0.1405888087018069
10582173,0.110126105383433,0.03286603446408245,0.01292997763084991,0.03273015316037,0.022779654433316476,0.39081202363822615,0.18241790255832457,0.049029407462284715,0.1663087412691128
10582418,0.5081003698313239,0.025428614185007647,0.011560229914936155,0.023916733987812393,0.03620356235290631,0.1770030827122949,0.1132691239808951,0.027838019695431985,0.07668026333939164
10583009,0.012953022021448856,0.028668845129026344,0.007998928680662551,0.010580061859552214,0.007087813534564635,0.3264690745440692,0.5346818646390503,0.021173077058650066,0.05038731253297585
10583434,0.005711144935631019,0.12456338120799319,0.02094335673002533,0.1778988627933978,0.026181361304259857,0.2843616062848537,0.09847870999663204,0.09364980118725615,0.168211775559951
10583521,0.006760390835086128,0.01678940594140135,0.006317605633752071,0.009741040986521515,0.004121177751409191,0.16996201732532823,0.6864818969806196,0.017569673195071245,0.08225679135081078
10584210,0.006368700408327224,0.025289941355641263,0.01088112190749554,0.009719372360357728,0.0036449939345497735,0.2503040239135526,0.5207066592654849,0.02219803451471602,0.15088715233987496
10584222,0.020488611482433663,0.02080193768315265,0.009235381589276276,0.011611631719265748,0.0041791453533595625,0.35050666917102924,0.45677018293353555,0.02920446748814642,0.09720197257980091
10584314,0.03666907570295418,0.01997387616544634,0.014505084721540143,0.012801577380834149,0.004711722809328609,0.11899510088329017,0.336731311915776,0.05441070579017259,0.4012015446306578
10584430,0.028030110118713387,0.018788181521939496,0.005849799159464738,0.015032559739035842,0.004021467740358018,0.23846448284284785,0.5651148171981638,0.022736854534940537,0.10196172714453633
10584519,0.01866738310866407,0.09336163331830168,0.01792414471147224,0.03632063868476962,0.025155137831321405,0.34404026572084373,0.2805118526644862,0.08124405760265718,0.10277488635748382
10584820,0.013419193453950129,0.1402231905298906,0.013348722455464602,0.029616033870529915,0.08077718338159968,0.3698746083884641,0.14083174772027737,0.07013341247057965,0.1417759077292439
10585136,0.0055404101146876395,0.16975856796972863,0.018452294046248627,0.14502685659330714,0.03139390417502167,0.33121058676160137,0.09143319840896091,0.130021256548257,0.07716292538218705
10586849,0.03169395791891976,0.04416722498580444,0.01213537551707706,0.06002362125446022,0.01654137309183554,0.35983083396945736,0.3117472410391531,0.045399336440939846,0.11846103578235262
10587734,0.08928931791410193,0.04027529551504983,0.01175156479075124,0.01694381577499542,0.011789491879983011,0.2554054610732539,0.4013545899308282,0.04401636462838974,0.12917409849264672
10587840,0.03245199399220267,0.0404181318042476,0.013588623775287792,0.04755206851281992,0.010515129048401616,0.41823289391841606,0.3023882141487508,0.04992546110062435,0.08492748369924924
10588529,0.04881128544591511,0.012254983077775982,0.006383503602733259,0.006607637044606855,0.0019762561369686227,0.026434603344325708,0.761151777912148,0.014647289249741319,0.12173266418578503
10588664,0.03599938884342662,0.01232331557371548,0.0074901987842275865,0.005625604051602493,0.0028687172445030877,0.08166926221434685,0.5934434644385838,0.017457811386128397,0.24312223746346584
10588792,0.05481092926194236,0.011878495333457813,0.006587400783681939,0.006146417396638005,0.0026243445547606084,0.04380812283421728,0.4457930197358759,0.01630596859167902,0.41204530150774704
10589349,0.015622825992567459,0.012949538895620715,0.01050660034720091,0.008812305453619633,0.0027469950336484936,0.11831100723529141,0.35346202360532636,0.02351644208973498,0.45407226134699
10589410,0.24559164380702267,0.021907611562714407,0.023123888527443764,0.049796861122896,0.013320320496596066,0.171784562377308,0.13088300677143677,0.09710209091610672,0.24649001441847554
10589411,0.05430140197936542,0.013506519350117577,0.008648317017871627,0.012543105717413275,0.004886036757635963,0.1572673434706339,0.2645178028412665,0.024175410270746735,0.460154062594949
10589472,0.051089873615403215,0.01466176038479902,0.010064425350824415,0.012010626487851823,0.004720904285092722,0.1010771530460587,0.31346477881419,0.02654395434966675,0.46636652366611336
10589485,0.0874240354090328,0.025434284043205167,0.016831082840556146,0.02567162863746834,0.010556307476790086,0.10988294602783388,0.0978295082586244,0.04621389682413291,0.5801563104823563
10589763,0.003341405180789851,0.17231773682828674,0.02243826277450786,0.1414681144340935,0.023902228872181495,0.3585035725236767,0.1108212324345761,0.1021793857550482,0.0650280611968395
10590733,0.021945448703503175,0.06137976283644398,0.016431007447458023,0.31579020167118094,0.05404502309826268,0.32884242287842214,0.04530791781589787,0.11906903698789346,0.03718917856093774
10592587,0.5925121784336999,0.02332131809820466,0.00921942140669378,0.025750623596252038,0.03937814006549834,0.14804620376702413,0.05320424629571064,0.03138601545766645,0.07718185287925006
10592944,0.013394680379025256,0.08923862490537933,0.03311028227602286,0.1911841964888701,0.11094234873878976,0.32210965687165993,0.07655750197187215,0.07100306386056397,0.09245964450781663
10595034,0.06558422144372841,0.06556383489509869,0.010992046954985304,0.037242788202683876,0.029813636111570185,0.41625402766646213,0.1351956136310226,0.06206387268127101,0.17728995841317774
10596119,0.014417654592476492,0.053925592483694884,0.008885838001290102,0.014664896894685803,0.013022392010436973,0.47434168649934866,0.24551067691085057,0.029560542118194467,0.14567072048902208
10599481,0.008568844634615198,0.025682091404223974,0.0034338624394654725,0.013823004817815223,0.006363426981547598,0.29135418651499645,0.586987858536014,0.02208112557814927,0.041705599093172875
10599552,0.2245056495266113,0.017879498516714904,0.01519440076752195,0.018846571371626607,0.005196301765934844,0.22390009149837556,0.2782257439787519,0.041000640417995816,0.1752511021564671
10599609,0.04985373476463337,0.011875258666773544,0.017295151172160073,0.00932762517124361,0.0019330580858941922,0.09332354540282878,0.4618715657243519,0.02946689917752886,0.3250531618345857
10599643,0.00979559713044755,0.01888973961115935,0.00932461212281648,0.01038141483895974,0.003698187798397326,0.28862520310626877,0.5538992318204704,0.020049413513080424,0.08533660005839994
10599718,0.11980083768738886,0.029302930754846607,0.021192277861381534,0.0674911701164742,0.014406551095140734,0.3071692801756689,0.11638553960502529,0.09478813352934051,0.2294632791747334
