track_id,Clutter,Cormorants,Pigeons,Ducks,Geese,Gulls,Birds of Prey,Waders,Songbirds
6868504,0.030927690807042732,0.05411002653618733,0.12126149224819964,0.18390358590521724,0.5062726067177695,0.023819208551900672,0.003681174224986724,0.04384041642297214,0.03218379858572403
6868536,0.02610222484838394,0.06216675324833429,0.18575708885997777,0.21420980403563736,0.3570387707047466,0.0344040171110997,0.00420659900615517,0.054487256941446835,0.06162748524421825
6868565,0.018338891095858793,0.06478035729713934,0.10467213719664639,0.12215888827440499,0.5966790819051015,0.022600051762905846,0.0033077537388117536,0.04305593630163171,0.024406902427499495
6868861,0.004381081331949233,0.08889582172842143,0.011009425741128249,0.06850499867109898,0.7893322462702675,0.0046621629918484455,0.0025059951270689188,0.026375476295928357,0.004332791842288809
6869275,0.0015973202973308448,0.08758903898111536,0.007417557900314952,0.04793262755836416,0.8163792400977921,0.0051416389095909065,0.0020980842749243004,0.02833832902420747,0.003506162956359873
6871418,0.006524676124566171,0.10666284840360708,0.3162565268367337,0.1659408310327315,0.1813332571132869,0.07409887651442602,0.0065900008959361945,0.10282228979445635,0.039770693284256024
6872996,0.3566616038639726,0.03146151884108288,0.01086574332288912,0.009025359147113571,0.19119244685271253,0.2115888252350149,0.10295593787186176,0.032314232787604064,0.05393433207774847
6873817,0.02851634603354837,0.07756734856559246,0.02401357885591633,0.015656348902221368,0.6016270237221482,0.07994372988195858,0.009692686152331124,0.12862421772730223,0.034358720158981414
6874023,0.0010403152345921725,0.1253733150046136,0.05040084552526415,0.02358821730911921,0.09901785937958531,0.5266369322207926,0.02769100734014335,0.10946337799942729,0.03678812998646229
6875504,0.0010677841974426209,0.08447094937299013,0.1575274214227603,0.021856077926365652,0.030139152632262394,0.34830020619303986,0.06578449389952827,0.07161921541789257,0.21923469893771816
6875899,0.0043029258393499385,0.04697093631305767,0.04518669580489377,0.008411475967530939,0.0072519067835443655,0.37873813428723246,0.29824192531046634,0.05880038506366459,0.15209561463025992
6877293,0.03743056315992802,0.04405489182404421,0.06464633260769019,0.043078059544497706,0.014023757856052648,0.031609834493344056,0.036322092482289035,0.12459065876696801,0.6042438092651863
6880408,0.004147094975341796,0.0845568555222744,0.052030850497721826,0.029032095986354055,0.019933186940635554,0.41659667496123115,0.11143499756083113,0.10532394934521128,0.17694429421039867
6880690,0.002064687678629545,0.0577165218970645,0.19790936151043892,0.06208843153305837,0.028356402399385035,0.33243590067290446,0.038176367040174,0.08270783862458775,0.1985444886437577
6880833,0.005085023150467938,0.011658911993633905,0.10498958198005778,0.007002071373742705,0.003391080948679326,0.03549987555313078,0.4690374227271969,0.02146113668023877,0.3418748955928517
6880956,0.0006395958165852026,0.1497287157908675,0.012752474184869684,0.013720429751498753,0.04627363906218055,0.6423309027854442,0.047726920246585806,0.04623946551490692,0.04058785684706127
6881733,0.005874336663134133,0.008636403789461683,0.004249258709611754,0.002981984115716281,0.001301835780312762,0.029673469496367778,0.8847576663235915,0.006773983918797856,0.05575106120300626
6885154,0.08111799756564894,0.062477010657690894,0.023203273924034006,0.02432009127309154,0.0212532913875046,0.3049934584552154,0.07388147792852437,0.151268679879534,0.25748471892875635
6887294,0.00912821808853135,0.0362177779837166,0.15234432931249248,0.010804809308160355,0.01680154963548998,0.26441777227436714,0.03895166306793036,0.05483900634782623,0.41649487398148555
6887586,0.06015922537071921,0.022836080519846026,0.1350322054905155,0.035148583267288515,0.011434826698217358,0.09393357966738704,0.036471020167681445,0.07592187687195288,0.5290626019463922
6887600,0.012873951139041618,0.017934573980395815,0.17860974020440779,0.02439672207045931,0.007828253779956232,0.03245019743214988,0.024926782884399926,0.04771951923897889,0.6532602592702106
6887637,0.02249006099406269,0.1429307671161111,0.10392627082156246,0.05332666975951098,0.07152682929979683,0.08951597674915886,0.05089146178802359,0.09096795721088215,0.3744240062608913
6887702,0.07584961785227017,0.01475398005948104,0.05501363405816304,0.006158609468275687,0.0025822700594805527,0.04747494372972615,0.1553985272595614,0.05033940540087842,0.5924290121121636
6888243,0.006341601320934542,0.10303930382907801,0.13254464151377424,0.029050347623056423,0.0939657383813439,0.13510589260048503,0.037239725170630594,0.06850530333735903,0.3942074462233382
6888737,0.004510309771502562,0.046243954722009005,0.26742720052491664,0.09166782151275288,0.029816398039575535,0.0767453433554277,0.024756053406532908,0.0612733093674489,0.39755960929983386
6889024,0.03130173230656606,0.008150311567275604,0.04342822106190981,0.0042525569233026125,0.001540737117985973,0.02207305256307206,0.4140028342457223,0.029827558083959663,0.44542299613020575
6890285,0.022585797202382445,0.12349545040849134,0.012234796209039703,0.00755321822286203,0.002732852990646502,0.13948372871920442,0.5635224456538396,0.03235898078998489,0.09603272980354918
6890416,0.007555152570978929,0.08176494781015972,0.07110707276688094,0.01499561317590357,0.004213333048255607,0.1088626833931065,0.13732638605323752,0.12697285607054284,0.4472019551109343
6890579,0.009710280184867175,0.01634115782644664,0.06840491766287055,0.005261278857994354,0.002194667895099989,0.025267547257157588,0.23862501798288896,0.03738856050919938,0.5968065718234751
6890917,0.005715074545671274,0.013311536966116805,0.05990681733732991,0.005050019801433203,0.0015832492000026203,0.04771391566349162,0.5914627529618031,0.027061739764415584,0.24819489375973602
6891091,0.009226022100499425,0.018380841667034877,0.2740994722193063,0.12387727888931672,0.01309837738415742,0.023478542582236587,0.013446063973331866,0.05671400283292963,0.46767939835118727
6891208,0.003704702269034121,0.011335858056628786,0.12299989408389247,0.004497007206135486,0.0020616628640702946,0.03751484243429833,0.15241868155452146,0.0219232221158816,0.6435441294155374
6891245,0.0033686045936514417,0.016804382370476954,0.06259888685102953,0.004647483903861053,0.002433299976343593,0.09109083387341699,0.4075051502124251,0.015537973539146422,0.39601338467964886
6891309,0.001785753747609455,0.03263409922378133,0.07913090120200159,0.006050099100446953,0.00380037809435688,0.062050691290525886,0.18781990917564734,0.026279776024189648,0.6004483921414411
6891366,0.016264610554173987,0.007231685402865192,0.0439851998311777,0.0031724889301019054,0.0015322304607068606,0.021694556589139245,0.2686661333062412,0.014571161946664291,0.6228819329789297
6891473,0.008188286881328726,0.021997882783447418,0.21869913247948208,0.024710014155382362,0.010306288920469165,0.08304297938557591,0.03195898630690399,0.057550115879304045,0.5435463132081063
6891484,0.0032980790319558748,0.012942556783556632,0.10688352061913926,0.006320699783598346,0.002922064637633044,0.019524235665699507,0.07729071320856576,0.0273647890895147,0.7434533411803369
6891531,0.011797742964145399,0.055572222202948406,0.03017928001527819,0.007055470507138213,0.0022609022983450518,0.07279133102296734,0.4725998549313767,0.03259719697387201,0.31514599908392865
6891557,0.005847143960267734,0.025405552157229578,0.2193062476024763,0.0123012790621887,0.005313596400610257,0.02355410000722311,0.032892603947504144,0.06534661515550545,0.6100328617069949
6891579,0.0032302536201557082,0.01685802319403149,0.06451709084509273,0.005040991407317441,0.002038342002636029,0.043842500024454854,0.30404544768736325,0.02008706278019195,0.5403402884387566
6891867,0.0611887406070006,0.01334572652493194,0.01744152146619827,0.005275724944383553,0.0014865730584511278,0.019034475018643304,0.7404760511976268,0.022374207483450117,0.11937697969931416
6891888,0.02421463966075663,0.017750832104974152,0.037947576212614804,0.010873399441932373,0.003883701702202662,0.019377590933070513,0.09314986638828894,0.07328534625955778,0.7195170472966022
6892297,0.030620309633086453,0.007495027594779789,0.02732003434944143,0.0028495360380413944,0.0012635446891516996,0.024421096542736127,0.4929584220404662,0.015852267078300664,0.3972197620339961
6892562,0.003990099242221006,0.01224598148944783,0.09144313816211154,0.004624005885443232,0.0019367340898043884,0.024881327897344395,0.6248944686212187,0.023510536717053648,0.21247370789535544
6892587,0.01340194236578314,0.014989891359824327,0.0464603393185425,0.004513946376374216,0.0017394098992812915,0.04984328372973583,0.5192673200188631,0.04565753376373683,0.30412633316785864
6894293,0.0031223078409225967,0.2703294669979931,0.07124075155370413,0.16048995427479418,0.16580376045640863,0.12183375584331409,0.008299566082855715,0.14438211463054157,0.054498322319466046
6895609,0.0024499287506355603,0.037918846179400945,0.2751674115657753,0.09172578080916571,0.009358178516631597,0.026888905738708366,0.022560232603039177,0.08788389426971677,0.4460468215669266
6895723,0.012923703416808215,0.009862605615171218,0.09093958548860787,0.0030281254985097352,0.003308900214212406,0.46158436824169546,0.3023138627406674,0.0328241980709106,0.08321465071341705
6895905,0.0025608570165576686,0.011696318794936399,0.0696766919328459,0.002594072136966795,0.0029009183782014785,0.3905655337201412,0.35562327642573754,0.02715844623764421,0.13722388535696872
6895906,0.006972799888170642,0.010936983915322619,0.15343603146369156,0.003030858777545482,0.002086384898540729,0.38168739203280017,0.297448162439919,0.03072674509847649,0.1136746414855332
6895927,0.030812545706237128,0.01926710573111966,0.13435145203324655,0.006237996464985365,0.007046845708312213,0.44575293138681066,0.21066016374274105,0.05256283150815774,0.0933081277183895
6895938,0.0031010953904415596,0.010994217535542172,0.054031791046485374,0.002376172526030314,0.0030994418683273533,0.37198237650247734,0.41923692205380436,0.025960190527116424,0.10921779254977536
6895939,0.005607384382787835,0.011898596769968243,0.0586330395681651,0.002745484942303878,0.0031881753503159335,0.48333854461002546,0.21769014463317884,0.040459719439138286,0.17643891030411635
6895948,0.0022474995969987716,0.014013042862456065,0.09341835774038589,0.002754570051498814,0.003562549214721734,0.43527717021678924,0.25919095135818737,0.03425266543721873,0.1552831935217434
6895973,0.00801846038530225,0.011110783001573086,0.13613297849797165,0.003330420094116552,0.0023271221522223814,0.2935447516385198,0.3105193447228522,0.03743395453499881,0.19758218497244326
6895974,0.0033441634630198116,0.0102418645179263,0.059579077294178294,0.0021290929617281333,0.001943554973687775,0.35601694474145706,0.4046267132391189,0.025923623921122647,0.13619496488776098
6896754,0.0030236446771201497,0.013171111131892125,0.06567167473274563,0.004077783184936418,0.0015465201450605575,0.11854120608378,0.38525039988025495,0.02025058968193017,0.38846707048228
6897915,0.0020605488756769226,0.11131798029579003,0.2808374296898973,0.09074460456665194,0.03543716007122518,0.1284191944783874,0.03979113763475525,0.17043804586117972,0.1409538985264363
6897964,0.07374049412457184,0.05732086748719097,0.2003846309090627,0.051913913593739425,0.15246861261167455,0.06654055209335731,0.0263610455142801,0.10603191229022718,0.26523797137589594
6899282,0.005328308222723766,0.009283427328100249,0.018230572467352466,0.0033990354001964627,0.0009875465688419702,0.05048912894287684,0.5810283527927407,0.021107677508725203,0.3101459507684424
6899294,0.020190630416077028,0.010096972926569085,0.014413260791913093,0.004155907330795934,0.0012012054355930945,0.01781985299208011,0.6598717292049273,0.04124277171550108,0.2310076691865432
6899376,0.00393328335114456,0.049144609596935465,0.08222398664370784,0.008145895283832704,0.0031082070804310073,0.030044999272483493,0.26416971915079973,0.0435814803952412,0.515647819225424
6899506,0.006505190496856712,0.010089148896834137,0.017075274624668287,0.002836052933851833,0.001389582175054932,0.1597977758758581,0.6075098557024412,0.0372217239003894,0.15757539539404544
6899530,0.045517377761095906,0.014987752286466406,0.07001723321365928,0.04156240771273152,0.007859443953757183,0.051534741155831024,0.028430071386757898,0.132729745775998,0.6073612267537027
6899560,0.03321766222183351,0.014268340354158325,0.0383918164194418,0.012188509733655862,0.003807991296011904,0.11023750127658825,0.16360517438367955,0.10247093330314305,0.5218120710114879
6899670,0.015603234411734801,0.013088251250825723,0.025922811705590684,0.008017554098802204,0.006119087343698278,0.08638738487671847,0.06822197063779892,0.04833804890514075,0.7283016567696903
6899695,0.005498800099516714,0.018308996013082574,0.05147473980483286,0.010100074311999644,0.006990592260067599,0.06991857091147236,0.03488844737604018,0.04909309172957914,0.7537266874934088
6899730,0.009259336568142132,0.01880585854075013,0.055840119375879495,0.008397588577580441,0.006461076357449071,0.11596277051236391,0.3347995467685894,0.053096145159533426,0.3973775581397121
6899754,0.023750492392336866,0.016628204487126878,0.17106307166702023,0.06162702048895631,0.01455023325454061,0.05870437836050125,0.01723209956163626,0.10937106232654127,0.5270734374613403
6901206,0.00270949107256534,0.031548200344730964,0.06245406362990038,0.006858545990409196,0.002922715434845553,0.14758862426013994,0.44428918327611755,0.047848325056719626,0.2537808509345715
6902131,0.0011965556637556797,0.02367010864561761,0.01345815637265462,0.005319481889543604,0.007675387661830956,0.4895852228803179,0.35965380555522214,0.05408253223414152,0.04535874909691593
6902271,0.005939251872652154,0.052122028505821365,0.17174364446375068,0.03768076542163626,0.041029488731870234,0.11549419691849659,0.016057714920755993,0.09880816424007616,0.4611247449249406
6904326,0.030374533626655056,0.009143898659829572,0.028312095493271253,0.008797245539862407,0.0017967014225873672,0.019973443168385018,0.08098288688280672,0.04727891339286289,0.7733402818137398
6908023,0.001785146091695009,0.08698492596363981,0.02043054009000539,0.2642390453497415,0.06359461678052745,0.36966552807597364,0.016776270193350908,0.15286842086173968,0.023655506593326627
6908625,0.002657354301413728,0.010060256113084849,0.023616298886100427,0.0023845411210261097,0.0007441530529979413,0.09898787047543049,0.6854623911250347,0.01767665366332091,0.15841048126159063
6909657,0.007515925720604996,0.008710337484963025,0.012211127472620948,0.0035376012056951055,0.0008112964331510082,0.044406432423100536,0.3270762002085537,0.030356369575003532,0.5653747094763073
6909786,0.02836254763174217,0.012101736271857849,0.018323041345792913,0.007197598318580056,0.0015938861780369694,0.036669936023860795,0.12110140920275717,0.08190542678315177,0.6927444182442204
6909952,0.01179391667530806,0.007007910651582268,0.011577995867995749,0.002845534339196736,0.0005293268317736726,0.020435169708897177,0.49438832159796314,0.025319752928468334,0.42610207139881484
6910003,0.020945947203238998,0.007822690482416118,0.013570577858622677,0.0034460011149777038,0.000567591646116699,0.01680353998195606,0.19757760711358274,0.036615420801736284,0.7026506237973528
6910407,0.0029906417930211063,0.056013261757568426,0.012014603169076526,0.007739236935292224,0.021511020193146508,0.751431071499727,0.01813783894821554,0.10742937795963518,0.02273294774431743
6910422,0.03668573627893741,0.012428598034230213,0.015931089915962895,0.005351981793565612,0.0009789354658444216,0.0414383177602785,0.4950547197506426,0.06924693719431552,0.32288368380622273
6910425,0.03666267202128513,0.006175197682221108,0.006664039292378466,0.0031189322954630894,0.0006940038582122796,0.021113993082333724,0.19233938091409342,0.031400353745548525,0.7018314271084644
6910560,0.017938381964546918,0.01878097325513988,0.07893523982887796,0.08239241143154048,0.005914461255674267,0.036746487615201155,0.027154124578436613,0.23056702991820383,0.501570890152379
6910590,0.03349859446595213,0.0068585484542030605,0.00912331788763041,0.0032381517892101294,0.0007193228895441853,0.026219440100061428,0.26252603287424764,0.032998930850367765,0.6248176606887832
6912744,0.0021503186467372514,0.03045429475458887,0.006294633115481765,0.005158272992495441,0.012416089629540186,0.8202416948564315,0.03399496791151906,0.06391839545744409,0.025371332635761964
6919118,0.004914991861231051,0.034221540021572905,0.06679104481150847,0.012939119389989888,0.006907282550240693,0.37695285378010374,0.2682412066477191,0.03729576282382369,0.19173619811381043
6920152,0.004007153114793784,0.027982177836229704,0.10766617535371437,0.008848807586831476,0.003553477922909765,0.29378657579304346,0.30823196009317455,0.05224273594608517,0.1936809363532178
6925791,0.0012076168594732483,0.03358199961041499,0.029076549197976528,0.009873648599985704,0.007423383582566506,0.5964197160595921,0.1685899984303687,0.08446818033051824,0.06935890732910398
6926246,0.02073390777092195,0.02277530349013468,0.008815805613170347,0.0033078961828769352,0.0018660603027583985,0.38933095613755675,0.49462865122255145,0.02175286523523208,0.03678855404479734
6928841,0.01675089512172546,0.07760420896096185,0.07352860954375247,0.22691417609231518,0.056849164290017726,0.07069222241135541,0.010612958888200196,0.4465782881884063,0.020469476503265586
6928933,0.008616331928238727,0.0556504144794443,0.010745897422904641,0.004799834537619998,0.005945504424848449,0.6114282301093982,0.22514749074127843,0.03752965522721305,0.04013664112905423
6937241,0.05840760325138859,0.01313287044063847,0.04633189763736593,0.014641064740641977,0.002471828036775018,0.02352702637874709,0.036829873431150226,0.12295934367675573,0.6816984924065369
6938426,0.0012187771909511732,0.02067658245002088,0.004618833744634135,0.0025611295423144343,0.0017592580546573011,0.7714704291230937,0.15943569172649233,0.019160311981562452,0.019098986186273495
6938530,0.0021284868398981104,0.018800591858510324,0.0035356240099976327,0.0026243993238934354,0.0013445395826278612,0.6576111302153772,0.2613480591452053,0.036132072299921346,0.016475096724568924
6938682,0.001248854333796122,0.008094665625314175,0.0052221942866727275,0.0016857316959439704,0.00028705109347326035,0.07500205932498069,0.7832386644435543,0.012391702175839332,0.11282907702042529
6939166,0.0008924374793064688,0.01959978351652698,0.003030621329583664,0.0020020834940782995,0.0010107537521890802,0.7188643781660369,0.2196520324392468,0.017002739674254967,0.017945170148776803
6939222,0.004135609959436808,0.008587160669927957,0.006129759383200483,0.0019192437518971346,0.0005419927254866633,0.09001551585530128,0.8381766286107438,0.016928250256904556,0.033565838787101496
6944591,0.015176510636908457,0.012348888552508416,0.017248203538455673,0.0025278762375677646,0.0012468608116007421,0.1638449509874985,0.7179467374474819,0.02367843108537992,0.04598154070259872
6947293,0.0014183702028510888,0.04903174964535899,0.048483192824469536,0.004184581447669221,0.004986167221281393,0.7151215579993752,0.055127423983616905,0.0669626279355629,0.054684328739814755
6952804,0.007417586512741714,0.022249393837668968,0.25577773105717083,0.009334673102680161,0.0066038654614329236,0.35581524885118043,0.07355431972669052,0.09571663395851912,0.17353054749191538
6975207,0.003926357904776134,0.036693393639365635,0.025802735899978273,0.004472319777478775,0.00428505668231565,0.7785475485457732,0.04086967646771509,0.07803952136657337,0.02736338971602378
6975472,0.0022713254936348724,0.02746009157877216,0.013756658967227678,0.0022279232086810418,0.002983189958032732,0.8059272615529594,0.06115110480939973,0.058763476674675394,0.025458967756617164
6975490,0.00330080014202217,0.020526554006268356,0.009697561989270862,0.002248223311369004,0.002626123087390963,0.8226660165801847,0.021421276004802182,0.08187387235823548,0.03563957252045608
6976427,0.002165756205050824,0.016973992032840564,0.007830429660540155,0.00228349563615422,0.003015081268445698,0.8377742994770396,0.029754336162008788,0.05556945199417383,0.04463315756374612
10551287,0.009713433822739584,0.045094953020828325,0.009246771205942009,0.03154249232083347,0.013332660281298694,0.4858233238065491,0.23817201202046814,0.03616655504034085,0.1309077984809999
10554874,0.602768327815288,0.025923486019971676,0.009462207896728652,0.01543286282791652,0.0300888497609917,0.08976231147925122,0.1397690750677597,0.013528225300131654,0.07326465383196087
10555071,0.004739563021429934,0.017498379685733225,0.009317058253261928,0.010936854686191858,0.003114458357344219,0.2608950378684224,0.376834289897803,0.021635877065190642,0.2950284811646227
10555459,0.0033756528806759283,0.10828614817031357,0.03843779536171467,0.05063175951057951,0.02271080067134231,0.23862775134665898,0.06420801886941449,0.23049413885321562,0.24322793433608494
10555968,0.06890406064953265,0.07000495554912807,0.013790597055472534,0.3893749002752575,0.17206590890253956,0.05209178224120137,0.008384826223868942,0.08575848348704555,0.13962448561595375
10556692,0.024104893018289292,0.05935271114662488,0.014472741081812488,0.03439601121471722,0.008162169629674596,0.1418878017675515,0.10404182173349359,0.07589024582095595,0.5376916045868804
10557065,0.0014163426315230156,0.07432293127040188,0.005780097341338115,0.02653025653499943,0.01927193770577139,0.6594334801644887,0.10972067036069044,0.0350014515952569,0.06852283239553003
10557235,0.0019831117092557237,0.07532215033975041,0.018670899585462773,0.150192599874908,0.040281600798542816,0.566692176982736,0.03301721359844771,0.06143547229533557,0.05240477481556101
10557310,0.011747772042331564,0.17360935625353704,0.014493819008333,0.06400656063609769,0.16156433998398162,0.13701607770432636,0.010361867520974406,0.060615621161079936,0.3665845856893383
10557603,0.007988976625606155,0.10739553180039489,0.01142933786095786,0.03946735661796784,0.009919841052935557,0.36124153527030733,0.15404153676474494,0.04538233777910305,0.2631335462279824
10557649,0.0031923198560063802,0.06235210815591103,0.022186530518515303,0.039755219338869024,0.054064520800045465,0.6036863655972721,0.047548521735233384,0.07710295583249897,0.09011145816564851
10559369,0.017015282326439778,0.04109946612414895,0.006783145959793064,0.008838802792467008,0.008911960708817586,0.4702218144037301,0.2798925140277963,0.01558078213497658,0.1516562315218306
10559516,0.0030454081284056974,0.04640633386967373,0.0038951562444286417,0.011399923732621447,0.010977792553693234,0.4616174598440917,0.20222536333814453,0.024045057709753192,0.23638750457918775
10559765,0.0020003969368670195,0.1376214868648098,0.010578129461243086,0.023267558153647984,0.01460120212489929,0.380578255530268,0.20796327269979825,0.0631080159894981,0.16028168223896852
10559904,0.02527224173059348,0.06393501594067379,0.007777889010086456,0.022825265580176418,0.010077131656733147,0.2823903417701919,0.2477629823071684,0.036604574485469145,0.3033545575189074
10561136,0.03417260411551364,0.06872899220768884,0.007230985260883479,0.02242468747147747,0.017554610102711244,0.4318944509094151,0.12571888351784422,0.03483730030505709,0.2574374861094091
10561583,0.03459983790103592,0.020226599690367077,0.010287118746285738,0.014396912457050737,0.005451543896544335,0.3409348527835462,0.24302842369999153,0.04778246562623271,0.2832922451989458
10561870,0.004735655344083879,0.030845922069161442,0.0035006244236938755,0.007198823418607548,0.005748922755395909,0.4360152723840172,0.4227038639434681,0.015596418365133726,0.07365449729643825
10562711,0.010931864711041453,0.18557590346461356,0.026081913637472025,0.22530161462725462,0.1632662227447183,0.11181625130789664,0.01608955131601323,0.059824832023047496,0.20111184616794262
10566953,0.003422349142633637,0.039317141192269686,0.004586999613671509,0.006381697773692689,0.0038747410562910904,0.41651460025666714,0.4365022477441611,0.03269498642495808,0.05670523679565512
10567563,0.09050512153548641,0.057772691278766226,0.00715348016556108,0.01783168912320593,0.03704097463232233,0.41504545693894196,0.12370935696779661,0.03937153119824128,0.211569698159678
10568512,0.01371341823195496,0.015111542235437137,0.005248663962179599,0.010253538797173547,0.0021108271337857564,0.14902394395364169,0.714591264459543,0.015884083702704,0.07406271752358015
10569249,0.006343778475594644,0.013012584625110835,0.004204986817694781,0.008474427456674156,0.0032329222381137176,0.3710144995054649,0.38043138203928095,0.021327123201902807,0.19195829564016337
10569900,0.005713812675085061,0.2402375700098659,0.013484236419570798,0.17541594718524864,0.4086296309114632,0.036592496018697386,0.02231463166712312,0.05791540477238921,0.039696270340556686
10569996,0.010935262470191632,0.01711172795170646,0.005662995188796001,0.012935428726679762,0.002416147856384445,0.22526846207308623,0.6215052500231212,0.019050885356455497,0.08511384035357877
10570047,0.007603532289708865,0.0464620709553359,0.005965287252861408,0.017618995378961545,0.009522076667686681,0.5073691414002443,0.24147936956186422,0.04306382465170535,0.1209157018416317
10570186,0.02490430563639902,0.03010411905920815,0.006153976484771482,0.022690612241000694,0.01138484574521046,0.30113217382299357,0.3142364313417805,0.03444749974296021,0.2549460359256759
10570190,0.0037718063210433104,0.030845808341736634,0.003307238463788806,0.014604475148675121,0.004968521251700791,0.35551481771157367,0.5075186184309494,0.0194192633408148,0.060049450989717514
10570281,0.005886099005488686,0.024303783029231533,0.005986181443125429,0.014201316174062749,0.003655062641556626,0.341649041006214,0.45274235857108025,0.02661863341700054,0.12495752471224031
10570444,0.5092811893185656,0.02324253840650661,0.007835693148188442,0.0463615697486584,0.012695369720447495,0.15479522882203284,0.0864529091904171,0.04554169799420728,0.11379380365097629
10570516,0.03567758634763924,0.03439636668174274,0.006395258801612738,0.01728736322540819,0.007057735511217083,0.34195261545312416,0.21199093169977226,0.03571517197431028,0.3095269703051733
10570563,0.033076662918099145,0.010308259770463266,0.0040119151028737325,0.006422436129481959,0.0020237265705262816,0.15795810978197908,0.5795051614484314,0.02257699566424386,0.1841167326139012
10570908,0.038896957994183856,0.011800312053136513,0.004284913253386058,0.01556009639311514,0.004624615486663037,0.26051021358653204,0.5001442161833041,0.031001645210339494,0.13317702983933985
10570962,0.008022863108472493,0.07715972347985102,0.018991434305456377,0.01649463308608889,0.02356142165679367,0.22204352186301404,0.08942530452576888,0.41216799178374675,0.13213310619080793
10571126,0.05626393465746428,0.0129303262766793,0.007778152568192437,0.008292841861266866,0.0029847844982523295,0.28710654399123636,0.26287410534362804,0.033358528278049644,0.3284107825252307
10571129,0.2730814082444984,0.030328913011869366,0.009190675376046863,0.05587161530050797,0.017263507112075346,0.2856309136331907,0.05343213809212638,0.07609772678530785,0.19910310244437712
10571130,0.07113425482456676,0.043754440400377716,0.014083236067365423,0.09893840899069221,0.028755928566086737,0.17586292573760173,0.022554163057229556,0.10050863002624208,0.44440801232983773
10571150,0.04957202440737492,0.03169888991998471,0.0063807686592644245,0.015944472138889887,0.008470332790915613,0.4193144881619431,0.19691515055414935,0.0357614915737104,0.23594238179376784
10571157,0.044691864772117756,0.012600542187998122,0.00743252821927031,0.006279281714967513,0.002021959528560926,0.14458498210023957,0.5816308006311448,0.023055781816264824,0.17770225902943615
10571249,0.02666994565410833,0.017286239340287578,0.004005282950552539,0.008071459556555477,0.004249831991988605,0.38034719422208435,0.3581437103955803,0.024292373913956583,0.17693396197488637
10571563,0.005829317005340387,0.2381640687175506,0.015735394580431664,0.04264789701588801,0.10030764592504446,0.2915338383666996,0.07619570302232376,0.07893383568758502,0.1506522996791365
10571600,0.03717981147483634,0.02551348035026248,0.0048873794687636285,0.01425891328893447,0.010423913848376192,0.3935870052263195,0.2236369856193048,0.029572419418242346,0.2609400913049604
10573894,0.03806728313050372,0.03760329879624406,0.01192786801803062,0.07542239480475149,0.023470259282485126,0.3766616206451721,0.07290418394318386,0.15176285852211865,0.21218023285751034
10574347,0.08712452421795758,0.023165150417747485,0.00691882393067218,0.03282622760360897,0.006212870644322357,0.39246061243123054,0.25785109978949494,0.033245951078437384,0.16019473988652866
10574370,0.10427013041006722,0.01807188870492663,0.005175041499807675,0.024386458421766496,0.005319074513283975,0.3788970487535987,0.16600442548062389,0.043201111194118826,0.25467482102180666
10574372,0.018011684108121206,0.013288601164317234,0.005266270476949657,0.005531728993661572,0.0014814076176165381,0.22598285197413243,0.6176252165793293,0.011351552632668826,0.10146068645320319
10574408,0.08107269718799995,0.0577997672772412,0.008652705884577557,0.1199854374534115,0.034995344041763236,0.3193076816837413,0.030317981957486514,0.07046193994785098,0.27740644456592767
10574430,0.02934478606389399,0.020567261813878572,0.0050026896308537835,0.02070021869748536,0.006731924093678329,0.4044086761486365,0.22509192676988937,0.035846075693892525,0.25230644108779154
10574439,0.12206837387263915,0.02507241069286863,0.006282175872623125,0.03190342345986632,0.006221369210854607,0.4281710796177813,0.11951616530706057,0.05620185714941928,0.20456314481688698
10574456,0.06191003882232362,0.03227355845776565,0.005713493372161819,0.016137810581071527,0.00887145830989492,0.29446671031626614,0.09613081936393514,0.03308994267573613,0.45140616810084516
10576038,0.18277797552614694,0.026341682717038302,0.008379252451249665,0.017422393957195803,0.014128126615904188,0.39277369791944267,0.2089778471491385,0.03723841466801916,0.1119606089958646
10576770,0.04150982081575325,0.034469437611546215,0.0070731986218744375,0.07428340939026691,0.007476877583679573,0.4317454680806678,0.09250808475161983,0.04775450279541915,0.26317920034917297
10577118,0.0028862321822859184,0.07169797317053868,0.009597451265989366,0.029646761057839092,0.01234726874971414,0.4368944447832974,0.17257673554965322,0.08202416130897061,0.18232897193171155
10577354,0.015843571315604224,0.011537540901775665,0.006067288498514723,0.004398131877909022,0.0014605246443058857,0.2811829448124318,0.5873917438893358,0.015758045053784326,0.07636020900633858
10577622,0.0025565333542177126,0.048194857232238195,0.010792435639148454,0.017887345743116328,0.007933188832096687,0.42520382435739523,0.2674487458900092,0.05329557590649911,0.1666874930452791
10577723,0.00908826680186149,0.015202225483816606,0.004678132350443181,0.008991161707439894,0.003585638992418531,0.5114150001035893,0.3480983609626312,0.019496316401166496,0.07944489719663325
10578130,0.46438122195795417,0.029675375760104154,0.008458633676566235,0.028478747557857977,0.019201011273935413,0.16355358427828434,0.148872481534376,0.030571138458368008,0.10680780550255357
10578295,0.012000595956866459,0.022522325933350094,0.004594173842827589,0.01084252469490884,0.0026980821262303596,0.20749329373014647,0.5691613241150564,0.024595459313963106,0.14609222028665067
10579132,0.0028049358354377803,0.00933379367293739,0.002744653398271448,0.00394709369495229,0.0011063825800224974,0.22792028305953707,0.6972772461669531,0.007900673880563192,0.046964937711325296
10579372,0.00397731529608853,0.020772634357965055,0.006885548027484617,0.00559832133604408,0.0030879324363041498,0.3738207006363258,0.5047105721300913,0.01753912136507756,0.06360785441461891
10579452,0.004727741665243727,0.08583718190848094,0.015006660864174997,0.13781782012494956,0.09874543442032013,0.42724429317457463,0.0768624225910987,0.06982227446750729,0.08393617078365011
10579754,0.004423325774628929,0.038687412870622724,0.02329230681876214,0.037393322178390545,0.0750255761234961,0.5926479604172852,0.0673470146456293,0.10836116542830664,0.05282191574287852
10580098,0.008558344583595527,0.04880054861172694,0.010228274761979848,0.012078492166713426,0.011094195659781307,0.4482922452854886,0.3094215955537297,0.08765213694086395,0.06387416643612082
10580150,0.010292213568111858,0.03600822377975448,0.007094583506663908,0.022055501282680638,0.01805935406180205,0.5134952321814013,0.2276078913942233,0.03309926299516593,0.1322877372301966
10580642,0.03466519945334065,0.023020757598736934,0.004193108642170228,0.015297042089878699,0.006284538425151875,0.483853888183832,0.14172274642450486,0.0338877341959491,0.25707498498643566
10580740,0.02873782240873773,0.012947686758084076,0.00506005275031937,0.009903159550180767,0.0021171239081824197,0.27735423301975554,0.5189915403760837,0.02055453211229593,0.12433384911636051
10580745,0.007858222749552378,0.012894219511911055,0.004624226344095589,0.007276452017992413,0.0016041231604015031,0.23568457868300335,0.5634278002190819,0.02207287366138263,0.14455750365257916
10580771,0.11470414237321754,0.01937293801381269,0.007187683616505031,0.038185968090261875,0.007802963608750821,0.30516054590472075,0.16042239995281404,0.08058040911760687,0.26658294932231036
10580995,0.010060153066774104,0.03438125745361031,0.011887283398992,0.025253483144341882,0.005568665631049248,0.2784260103965519,0.25335213315931776,0.06735123679406861,0.3137197769552942
10581310,0.009210160225153717,0.036100643774974336,0.006527566689476148,0.015222113922262514,0.008203213840584074,0.3645020120042263,0.43753494177231766,0.029751945103032345,0.0929474026679729
10581368,0.06999667430754701,0.05510558025278858,0.013781761652874081,0.36880832662977703,0.051397016317850965,0.16978546707548786,0.016935832622276582,0.11594399307477657,0.1382453480666213
10582173,0.10023512369087165,0.024165994189732583,0.008064141832758588,0.024048493747802137,0.015700386493086728,0.4448054406147363,0.18149950013480623,0.038687315409611844,0.16279360388659392
10582418,0.5832597157406694,0.01720730210667099,0.006806765030487752,0.016010104719952626,0.026074562793334557,0.16868454673182878,0.09976857809003824,0.019141082005961027,0.06304734278105671
10583009,0.007339287346671716,0.018688835361786445,0.00416267386579921,0.005784452351832977,0.00361064417432647,0.3269213153718478,0.5841253684958944,0.013083618167051309,0.0362838048647898
10583434,0.0031803470876459812,0.11950253430248671,0.014668444390750126,0.1817500369549173,0.01907383838868459,0.3155868968248106,0.09064014693924888,0.08543420601206339,0.17016354909939235
10583521,0.0033021929550461245,0.009629041639158236,0.003049239343650728,0.0050749313485943,0.0018446736962647223,0.1466588970793517,0.7578368562573999,0.0101576417727747,0.06244652590775953
10584210,0.003237912767413782,0.016400226772873085,0.0060804972013896305,0.005324150484345028,0.001679356037544452,0.24324832815065395,0.575857361947719,0.014067678729579362,0.13410448790848176
10584222,0.012881458349040574,0.013113525396239072,0.005044734887669881,0.006604268343464534,0.0019847246703257495,0.36372190372740715,0.49666698422007277,0.019546414744834848,0.08043598566094536
10584314,0.026274771130830384,0.0128570624509537,0.008824304361191176,0.007618140330884215,0.002350510526464873,0.10495060910683612,0.35682950103899685,0.04179916857294761,0.43849593248089497
10584430,0.01838800097934562,0.011485091295842844,0.0029104844618107533,0.008834686578865365,0.0018727819147299136,0.22825251789055315,0.6298750263677235,0.014374736936942512,0.08400667357418633
10584519,0.012445564675114503,0.08269277145693704,0.01186467328604313,0.02723309503689447,0.01767740215869569,0.38359110532383833,0.3016927895779905,0.07021598239362106,0.09258661609086533
10584820,0.008547186921494556,0.13513151619880434,0.0084944048158826,0.02169173847602477,0.0706244875958887,0.4229868384561626,0.13582173272601,0.05980846835293489,0.13689362645679748
10585136,0.0030425290514764793,0.17053399131664937,0.012529985288671672,0.14169680307591567,0.023413915430276495,0.37437602077213367,0.08234943321834841,0.12461067763481719,0.06744664421171107
10586849,0.022839398127691965,0.03374752086389711,0.007382215269218739,0.04841430845516915,0.010627804895858645,0.3981113281779198,0.33629112802114663,0.0348578006938811,0.10772849549521686
10587734,0.0769192312986579,0.030147934240522076,0.0070780367086465895,0.010886098202217476,0.007104919307201115,0.2648574531665315,0.45076593325841013,0.03346882178934321,0.1187715720284701
10587840,0.023095535616725695,0.029901066877662637,0.008293629157250732,0.03620240992103322,0.006133831294281346,0.4673243295776637,0.3190866212258993,0.0383374283259088,0.07162514800357474
10588529,0.03291021020603121,0.006474468935635507,0.003005831369784957,0.003130375683730858,0.0007566361922496341,0.015994870152726274,0.8333020416709314,0.00798574388170753,0.09643982190720243
10588664,0.024304527599932606,0.006885898955592745,0.0038332525932256835,0.0027371821223862707,0.001239389775791653,0.06371364971448298,0.6569782266412019,0.010373282534428237,0.22993459006295816
10588792,0.040215220080065554,0.006654104033023387,0.003325503557722154,0.003065173198303916,0.0011262377581587944,0.03089620449672667,0.47346921074015724,0.009659496566870701,0.4315888495689715
10589349,0.009309499764915352,0.007465136744714302,0.00583745494994854,0.004746498428747399,0.001204499636073159,0.10077583640075975,0.36521919673348097,0.015061966016013588,0.490379911325347
10589410,0.26459908027292517,0.015407883024180623,0.01641911850984709,0.040483732353759114,0.008580859425355669,0.17376625618019179,0.12618950739415952,0.08881541006886176,0.2657381527707192
10589411,0.04128074326763074,0.008032383815871569,0.00475407262941179,0.007362657772047067,0.0024284584080820092,0.144236105840347,0.26591344075540757,0.01593279583904598,0.5100593416721563
10589472,0.03809287774285407,0.00877044784399642,0.005633649804763863,0.0069361000823785655,0.0023121122809705063,0.08500674713135827,0.3219072438938385,0.01763160205037507,0.5137092191694647
10589485,0.07200727744877898,0.016847657670369432,0.010365483796372553,0.01703277068937612,0.005987377008554957,0.09423218637365402,0.08219285440625572,0.03401424160610276,0.6673201510005357
10589763,0.0016636466239153566,0.17204826884127442,0.01563410237153813,0.13641445889802037,0.016840930886870865,0.4073430527622468,0.10235584604476658,0.09303163776863248,0.05466805580273504
10590733,0.014999653722979858,0.050302316721704946,0.010671416955764613,0.3455396763644043,0.04330769275937758,0.3624024169400929,0.03519403356360499,0.10968448618018434,0.027898306791886388
10592587,0.6790547985122217,0.015101820590975082,0.005068197273749141,0.01696908073702051,0.027969122680121764,0.1328362419608036,0.039850435720484995,0.021417763576773007,0.061732538947850156
10592944,0.008710759118652383,0.08110008612506614,0.025260669745477096,0.1987533230046504,0.10477317940100685,0.36715198031391955,0.06771882516291682,0.06197639058631523,0.08455478654199566
10595034,0.054566001176287286,0.054546046916151246,0.006672820325184818,0.02804116376527303,0.02158325425920044,0.479854180378465,0.12779855186718372,0.0511367719295545,0.17580120938269997
10596119,0.008714960075345939,0.04114013997026642,0.004931462384438287,0.008891047447403442,0.007731448546685781,0.5311322452596244,0.24474142287228373,0.02028195646357184,0.1324353169803801
10599481,0.00445036183648648,0.016189312402373198,0.0015176531525239215,0.00781132952305212,0.0031358740609434754,0.2819413958431065,0.6427623649784393,0.013553177728100826,0.028638530474974215
10599552,0.2311819907872434,0.01178049341580295,0.009727925547355624,0.012533651703887051,0.002752945630516868,0.2304485583456761,0.29755401102229767,0.031275554499521685,0.17274486904769853
10599609,0.03695047704738543,0.006833050237254044,0.010634332673240576,0.005143228260042939,0.0008073974067768057,0.07726189927882209,0.5070601658000502,0.01990478032463086,0.335404668971797
10599643,0.005280787881911446,0.011434635322305174,0.004983358004360025,0.005654262090445771,0.0016788129350500639,0.2826772667490998,0.6086191351622038,0.01226490872537858,0.06740683312924527
