track_id,Clutter,Cormorants,Pigeons,Ducks,Geese,Gulls,Birds of Prey,Waders,Songbirds
6868504,0.06959029244146066,0.04642289939572175,0.10822166272897187,0.23437031022507954,0.36720691056619825,0.035181343522495294,0.004640602308572332,0.059339650210088794,0.07502632860141148
6868536,0.06168017909795602,0.051062926521957756,0.13087791803269544,0.22480774917410662,0.2739465919884446,0.05256849617963449,0.005116297310202124,0.06612602891066294,0.13381381278434004
6868565,0.03969661263806279,0.051809107379089815,0.09351253217796916,0.16497866718307075,0.48177395436793974,0.03736137873789833,0.004088919938068037,0.06379279499178803,0.06298603258611336
6868861,0.002661410761251054,0.08733062556601162,0.006273776648649377,0.0871769392490784,0.7670002475727709,0.012534736531588965,0.0016800960218675165,0.02721089812260919,0.00813126952617319
6869275,0.0009375352806873473,0.08192591374145862,0.0028288453489281693,0.05571609435928422,0.81764778854995,0.010875214497442472,0.0012491948840789068,0.02417709627840116,0.004642317059769002
6871418,0.009954381647734495,0.0840702475855337,0.24058889138865394,0.25025720751500713,0.15153626066125342,0.08192045473837262,0.00900705049218556,0.10967845241284424,0.06298705355841491
6872996,0.37762749930780726,0.04044866099713135,0.014953011401962528,0.010530580389743903,0.06283131540794186,0.2711698413693759,0.10058597986330876,0.030843389402587754,0.09100972186014074
6873817,0.041803231322713595,0.06910115345687448,0.026077160883464106,0.01975328084003872,0.5452466709185801,0.1199260787503851,0.015398467516702864,0.10540959371804148,0.057284362593199536
6874023,0.001710372109456438,0.12645982368763525,0.0319651884240618,0.041074026143492995,0.06021266543081863,0.551268925169306,0.035786288572887764,0.10705877129078968,0.04446393917155142
6875504,0.002107535707009505,0.07125396871274474,0.06971656916887059,0.023286520044279613,0.017986419497592627,0.3587072238690634,0.08355474997617725,0.09269635955346729,0.2806906534707949
6875899,0.008655400594119662,0.03691918518290367,0.03147900306149462,0.01143603306653028,0.007467208303296149,0.321653075475136,0.3057762904697842,0.050660439990202574,0.2259533638565328
6877293,0.028669314685193785,0.028767730717575733,0.04925334071178786,0.03827733749440115,0.014613293090054253,0.061767741096423294,0.04279808780893745,0.11108610885898078,0.6247670455366456
6880408,0.006447229556102479,0.052871979570205965,0.03406768353608688,0.028446221234599948,0.013331977864227885,0.4040864877874292,0.12007459382449653,0.09258206414911008,0.24809176247774098
6880690,0.004222550966598174,0.04915320388498002,0.10707265889663148,0.06465963169047208,0.022728661034096605,0.3796633828927185,0.05073334263702055,0.09540839342655622,0.22635817457092633
6880833,0.005561649803607181,0.006136241505333583,0.020199448889295403,0.003146109569417453,0.002139825565025117,0.056032551539452406,0.5241662216694531,0.01572475072544902,0.3668932007329666
6880956,0.0016470602811080228,0.08538952478597246,0.013667411333931198,0.014292999176471075,0.01620206891547406,0.7263196998248894,0.0502104631574311,0.044391435347084174,0.04787933717763847
6881733,0.0028164873852466275,0.004670661814511857,0.004837645684439027,0.0014429126682721236,0.001896753295073052,0.04927093636943225,0.8487752870394675,0.007701887115878857,0.07858742862767858
6885154,0.057988068142500813,0.06302369615598578,0.028781830749827337,0.020854772847797177,0.0252998000623324,0.29595276284709193,0.10542803924591569,0.09646900317751043,0.3062020267710384
6887294,0.016173769793246924,0.020817607032706582,0.04439114677476619,0.008602451213471488,0.012270575458408404,0.3152822436881464,0.05986191357773227,0.04934856424903798,0.47325172821248374
6887586,0.05711922769990562,0.011177151709246503,0.04192365293356372,0.025639997129146604,0.010745502453159165,0.1372349901527936,0.03674548480639491,0.07449649355356705,0.6049174995622227
6887600,0.013690854750090041,0.005174191276336126,0.04322692642560085,0.0136670105003436,0.0037584860530786445,0.05533427986263032,0.027433711889526428,0.047688906698945925,0.790025632543448
6887637,0.034231695048120146,0.10235264480479238,0.07313641549132571,0.04775508566343765,0.05289252782021554,0.13210940363185325,0.06325287188989769,0.08736035926658951,0.4069089963837681
6887702,0.03464462547969617,0.008570156717046123,0.04151066997449533,0.007033028227411228,0.003651674331805213,0.08567238450189743,0.1482249333927291,0.0484328650057777,0.6222596623691417
6888243,0.008660338279846459,0.09307354891866164,0.0558328367594107,0.027871538673050075,0.04748965146985475,0.21776431817757902,0.060780054481872174,0.08520449333151689,0.4033232199082083
6888737,0.006023769670942426,0.043748590585653745,0.1473775704491313,0.09236250134683775,0.027551479031197545,0.11793270047267182,0.03045335010343898,0.07894218594491195,0.4556078523952144
6889024,0.0203199413338445,0.005472543792459814,0.04922805552117269,0.005479066055940494,0.0029534045710098485,0.0397476382941398,0.41543397022109696,0.04152250199007213,0.4198428782202638
6890285,0.011908616330796092,0.04416425803486139,0.017718933531025723,0.008687340783543432,0.005748301502970722,0.14270448616788398,0.6213814339217894,0.032935614276833725,0.1147510154502956
6890416,0.009519978585090672,0.025559635529550265,0.07239863178685636,0.010739540644353592,0.0050203813759121035,0.1462590878448249,0.17782166694545498,0.11664637533244145,0.4360347019555157
6890579,0.012265911154496541,0.008702739086017933,0.059585831768740286,0.005642049546039427,0.002736736292462809,0.03585308719039946,0.2834272868525234,0.037536274895379924,0.5542500832139403
6890917,0.008676075724217807,0.010243560333160073,0.022916747196901885,0.0043193077381747476,0.003009979871251621,0.06750580853007225,0.608572211432256,0.024238143922062787,0.2505181652519028
6891091,0.011013092910088883,0.008022424160870704,0.1464260331807603,0.08351660643023631,0.0072533768624788815,0.03643161438482925,0.012231217660978226,0.06859410574799953,0.626511528661758
6891208,0.004611543753322695,0.00445801675755848,0.027346542483382585,0.0028923022417930914,0.0017837301001428442,0.053235536822743026,0.1748165791692296,0.018169943054153394,0.7126858056176745
6891245,0.006134311557312397,0.013094808919574688,0.02236220885684134,0.004481528828250659,0.0038535113712644207,0.11668847275694358,0.3767051605144699,0.016788974009303285,0.43989102318603973
6891309,0.0026872649825532306,0.016939065828036823,0.02935080028028765,0.004214215026890063,0.003113160361493012,0.07484111259169637,0.24195193663020303,0.019934746194944192,0.6069676981038955
6891366,0.009794069511428815,0.003951925107407453,0.009986445337942613,0.0029802539889197707,0.002090242054024559,0.033344635804928385,0.21195022056016757,0.011700828154652744,0.7142013794805282
6891473,0.011630163328082288,0.009416038492877019,0.07331538680812964,0.019693627174177518,0.007176054159421699,0.11121207661464563,0.030113449171412475,0.05930406749338985,0.6781391367578639
6891484,0.0034861352743045726,0.003954988147979736,0.020282962964343204,0.003277089022340376,0.00155257225133426,0.028816829778447333,0.07530724441083389,0.018624538784721135,0.8446976393656955
6891531,0.01193725086828855,0.025080937654534344,0.03686517213665959,0.008823368097852337,0.0049641760993537135,0.09506490763547625,0.48320476313701677,0.034018365502695366,0.30004105886812305
6891557,0.009488856315182294,0.011283787231189293,0.15745552324010026,0.009576048067587757,0.0037270862209771885,0.039435304664616186,0.0403404996342823,0.0726388754810243,0.6560540191450404
6891579,0.006095914522770435,0.012185514042277135,0.03202365148689281,0.007950044519675032,0.0040484647357873944,0.04795382868468069,0.27890688351455817,0.023243887657903917,0.5875918108354544
6891867,0.019375427488225173,0.009268751884434255,0.02726013513403338,0.005605736421250116,0.0034561976112641077,0.04055663976084946,0.7087088387936736,0.028490069536846414,0.15727820336942347
6891888,0.01367557791772739,0.009074455641077332,0.03891087663072051,0.009145068269710059,0.00429690288173199,0.0309987240291229,0.1016321459088423,0.06804818173605562,0.7242180669850119
6892297,0.017107588557256196,0.004679797472268365,0.01543413779760573,0.0027541850462796205,0.0024149529258796227,0.04690588105330323,0.5026003848503064,0.01817270355901274,0.38993036873808795
6892562,0.00513851652871029,0.0081265069921665,0.01765408800776548,0.003521533539644365,0.0021264535525966793,0.03697816046393154,0.6985694205687509,0.01902804983955796,0.2088572705068762
6892587,0.013023816432826121,0.007750842528179812,0.028425043900535765,0.0049538578522324945,0.002701037212276841,0.08169792447597679,0.5065727918488326,0.036691346746894324,0.31818333900224527
6894293,0.0061249241813203775,0.19077203344034616,0.04234107411296862,0.1592147710446566,0.13754514545503665,0.16874006091292074,0.010950168559846818,0.18993920653882404,0.09437261575407999
6895609,0.00514217075444013,0.03820773472293153,0.1351061265207101,0.084959168612705,0.009692866873961052,0.0395431683376771,0.02343043916771537,0.08545395288418516,0.5784643721256746
6895723,0.019425353597097773,0.007153390393140154,0.02646192667315171,0.0036089978840737236,0.00455764430643607,0.4657015953014055,0.33863266884191134,0.027812968957540502,0.10664545404524317
6895905,0.0070609053605672194,0.0076551148688348974,0.03014056355150464,0.0033660504648125146,0.004399670652764325,0.40376380631039277,0.33741494949971856,0.028799046867255245,0.17739989242414986
6895906,0.012190295970482403,0.00760554408007178,0.03502458872105907,0.004050678313612574,0.0038113453106496144,0.3991822482934636,0.35671183724814637,0.0315611917728608,0.14986227028965377
6895927,0.04551740383267366,0.01603501056270934,0.034175633372493824,0.007860186454475733,0.012217831700469778,0.5071396942919046,0.21331582367076526,0.04889867518871738,0.11483974092579038
6895938,0.007736986421613718,0.007200285726288236,0.0280761102816063,0.003117212537701711,0.004664834151046517,0.3507925350838821,0.4203117085301571,0.0289714717280035,0.14912885553970087
6895939,0.013647002895621171,0.007922340410322304,0.030388991844444914,0.0035041674092563565,0.004910951320170416,0.4417967473376897,0.239253065261923,0.03898342485511054,0.21959330866546153
6895948,0.005628589267983348,0.008300958275448743,0.03075917893467499,0.0033968979587298306,0.004644542158627197,0.4073987035539075,0.3029907689978913,0.035309453972356956,0.20157090688038007
6895973,0.01466687016828503,0.006458135085891322,0.03468101023339258,0.0037696269487206566,0.00402682068162295,0.2897443927477364,0.35102000910531594,0.03617670406283055,0.25945643096620463
6895974,0.008028347349496825,0.0059530227667548225,0.02494040223345697,0.0026037142639404607,0.0030977630348426924,0.33509826224649464,0.42692011982963446,0.02591035557020396,0.16744801270517504
6896754,0.0044000019630547555,0.00721527578151979,0.024222940383199953,0.004902524756116896,0.0023906135749179316,0.12366302451833563,0.41748154970531876,0.024288430049980773,0.39143563926755554
6897915,0.003802014056479427,0.13453616694131754,0.14375401125659754,0.10222975145463174,0.050833108161753855,0.15249253371645213,0.04287924960787389,0.21842998529011695,0.15104317951477692
6897964,0.13453670706148196,0.05464378314764442,0.1032798347913037,0.04856618943868619,0.12559775160660147,0.10749867889992501,0.03133063237218158,0.09669576661068563,0.2978506560714901
6899282,0.0038053490463196634,0.005229289633768088,0.007328041974612764,0.002928904596312695,0.0019152769815640343,0.06329801155110466,0.6345567324078221,0.01506026743542641,0.26587812637306957
6899294,0.011881883110470027,0.005783116654433214,0.02071316060014117,0.004430775480302444,0.0024061124006052956,0.03299111010026244,0.6942794536586478,0.039927216565208014,0.1875871714299295
6899376,0.004993294534149978,0.02141934888939521,0.056548734798074776,0.007520379024576129,0.003179748624185171,0.04414860784039999,0.3204485762619918,0.03420685740494389,0.507534452622283
6899506,0.008647490055702983,0.004086399358765561,0.010117677711004643,0.002940862159193156,0.0019186481206953357,0.12065360373181629,0.6581345982025966,0.032488303666336114,0.16101241699388932
6899530,0.016793216498231685,0.006132725350709659,0.03200112989702332,0.030811562379928614,0.005424106922930073,0.07910892982941195,0.032371485843827305,0.10429596652204559,0.6930608767558919
6899560,0.011183381185581761,0.007961377896246187,0.02524011831589693,0.015455327960843371,0.004342362064366579,0.1170011710896057,0.1666812953998181,0.08440289202735171,0.5677320740602898
6899670,0.008882908928730636,0.005585484975062543,0.009358536626505275,0.003982216140974333,0.003485518119621901,0.14657649042385948,0.11079229964916312,0.03379667430565354,0.6775398708304291
6899695,0.0050548541451475755,0.00753992964144857,0.012501986304506253,0.00589131215212677,0.0038413833540265853,0.10811493910518061,0.05585126303140618,0.03287714336681386,0.7683271888993436
6899730,0.0065260087122938105,0.011058429185328901,0.014281455209732612,0.0046201552474080705,0.004286032726422523,0.16171096024810533,0.422694703410572,0.03928781470129712,0.33553444055883963
6899754,0.018196263371538964,0.009236344326669695,0.044951440900048406,0.05997060486492517,0.01248193557863392,0.09716106819077415,0.022324439555804456,0.10829015356434632,0.627387749647259
6901206,0.005867746348730289,0.021988986395305693,0.04842981516686296,0.009928922143836017,0.00442510171449307,0.1394423838132698,0.41621272216279326,0.05897945974324051,0.29472486251146834
6902131,0.0021035490846239256,0.01533095920798678,0.00859436078729259,0.004314064879551333,0.005671103659359782,0.5098150770924736,0.36447640431047007,0.03691592354105083,0.052778557437191044
6902271,0.009160410281427904,0.030998485407571417,0.06291843933276214,0.038244046780354986,0.03587605729337288,0.15617985204044682,0.018015397694449067,0.10259189439793806,0.5460154167716768
6904326,0.0080132857683644,0.0026183559221388806,0.009834686760925106,0.003750706742554732,0.0015237245841623593,0.034037651601227556,0.07882031729097982,0.03167141671604341,0.8297298546136036
6908023,0.0017396873055372539,0.11438473787757975,0.020244448659478696,0.15559608498977529,0.060484343987412086,0.4060347384711864,0.021640168444178716,0.18697905092101097,0.03289673934384083
6908625,0.0050485159762823995,0.007652448370884212,0.013150364105448686,0.002767306295788744,0.001964935912634647,0.0995329596481099,0.6901059939515082,0.01807832080739427,0.1616991549319489
6909657,0.0060593365680262565,0.004288938536014084,0.015140932197058388,0.0029902621594951268,0.0013891123180426786,0.03496446517291663,0.3855993368495407,0.022319115738222692,0.5272485004606835
6909786,0.010651672604456286,0.004039895333056562,0.016010893494339408,0.004187776773801803,0.0020532811060336963,0.060196395689160395,0.14282316930920716,0.05888608333368163,0.7011508323562631
6909952,0.008711123460134758,0.003578888106095406,0.013905915617364175,0.003501280781801389,0.001483676189908631,0.026403312334640577,0.5007267943582121,0.022983001094973515,0.41870600805686936
6910003,0.009050461952684333,0.0028764440082768355,0.010465495150783615,0.003084194599561527,0.0012481802403446446,0.021632152288840016,0.15359796947331497,0.019153056189557566,0.7788920460966365
6910407,0.0025248793602036333,0.032306778256163494,0.007997073901836889,0.009799942450606638,0.01306840160481458,0.7995012815048369,0.024674373307537807,0.08592699514624048,0.024200274467759773
6910422,0.017630208183381,0.007049358709668464,0.030889800168655262,0.006862206194368142,0.0024800555839548408,0.07039974920193848,0.5137244372368444,0.07063878214034536,0.2803254025808441
6910425,0.010851787980977102,0.002653411499091412,0.009884688845597057,0.0037323624635839004,0.0014483461163191697,0.03032561388235633,0.2056928022161968,0.02389452975207434,0.7115164572438039
6910560,0.011052870974680887,0.009176274793394647,0.05458535632916992,0.04945265819541477,0.004857696722898165,0.05405556767876159,0.027146131256507312,0.2430621931920445,0.5466112508571281
6910590,0.01077828250413617,0.0028219880434094792,0.01123917800226687,0.00335092821036659,0.0013479160851922667,0.0348808329892373,0.28437820777758255,0.024358015366736343,0.6268446510210726
6912744,0.0011397059965457354,0.02368878337625854,0.005131510074623537,0.006164933251836927,0.00905291384364455,0.8304982253465476,0.03963433535201117,0.062179694419059656,0.022509898339472433
6919118,0.005825004097422055,0.02119169386209827,0.03202264752866768,0.013282262372736534,0.00458576260427981,0.3597442606698589,0.31844933889391813,0.03835399954932746,0.2065450304216912
6920152,0.004187280356511586,0.018136832060279676,0.0464881062819925,0.008912569106401522,0.003286123836348153,0.27999273652143936,0.3534284809068138,0.048067239921855624,0.23750063100835783
6925791,0.0017203074129260307,0.01863615006674095,0.016323318135966887,0.0070607540530455695,0.003950656650319789,0.5946745431325241,0.19696142641352615,0.0602997569750009,0.10037308715994962
6926246,0.018885690888342275,0.007278564515899386,0.00990405218894041,0.003458024266689221,0.002445116136300699,0.29045396146084,0.5962819175310498,0.022574650111509824,0.04871802290042839
6928841,0.012308692653000877,0.07305946575028256,0.052936416281789404,0.2747082425276225,0.0782279727641839,0.10818516198989722,0.012028190231962383,0.3598179949462756,0.028727862854985527
6928933,0.013136222033295767,0.03215139562494361,0.016454406017480883,0.005035295454823568,0.007905181243271253,0.4973489793286104,0.3274343055541091,0.040261845989139185,0.060272368754326316
6937241,0.014093241213381628,0.005928141698088918,0.05182988138891586,0.01123078757486715,0.0023698745897672087,0.037643243949584654,0.03056061287972143,0.1015407356258364,0.7448034810798368
6938426,0.0015735450840368348,0.009390737757302032,0.005472224815481753,0.0027882855463566337,0.002481119063967268,0.8076069352847102,0.13911374091048564,0.017659366038437325,0.013914045499222323
6938530,0.0031896268960518626,0.010953005771950413,0.006516567527999563,0.003103800512842762,0.002673288031423152,0.6497328054123476,0.26834878951261976,0.03670738007796112,0.01877473625680379
6938682,0.0019077138342070664,0.0033480904941782063,0.00691894982151152,0.001615600404814426,0.000867358175845624,0.04467953977467404,0.8061485449839161,0.010737098699802852,0.12377710381105012
6939166,0.0012639059858803022,0.007986536796668954,0.0037891129982501885,0.0024377040271152946,0.002161165667948009,0.7166444623561765,0.2304632154860713,0.018775897296522213,0.016477999385367353
6939222,0.005566006948031607,0.00391961704578261,0.008585232697302493,0.0020675195954846194,0.0016109606785229456,0.07839324128851521,0.8285769568637358,0.017919196415691303,0.05336126846693344
6944591,0.01077437433129711,0.00741351030174825,0.018093665793578153,0.001984780771768009,0.0017891239471802517,0.16372144058262755,0.7326383699509789,0.018964369961672,0.044620364359149775
6947293,0.0018400908309334429,0.018274327108896704,0.0361968331786019,0.003572085782254861,0.004957014957112448,0.7411306607140594,0.0788771742344253,0.05977865706003301,0.05537315613368294
6952804,0.00720221349183231,0.010345942560594434,0.211478459344776,0.011050653425946992,0.005358435857962198,0.359580112939224,0.09697465328933627,0.07793847253681269,0.22007105655351517
6975207,0.004325608664934147,0.031280618565437214,0.03545204406129841,0.004782722481649005,0.0043847230778375525,0.7684451142467629,0.05014990359425118,0.06224814445666045,0.03893112085116903
6975472,0.0016630825674539078,0.014147150966590112,0.011915996340968482,0.0015926195288759536,0.00228679823412664,0.8225021642066245,0.08311798968712429,0.038169936795761576,0.024604261672474585
6975490,0.0026714441450958982,0.01305688232145342,0.00878605159420141,0.0020417648923543507,0.0020913609638331045,0.8374891061299337,0.028269963820019117,0.059190888959778455,0.046402537173330614
6976427,0.0017648158841163347,0.0098530151599597,0.006509601155276014,0.0014791585984283674,0.0017245612318168384,0.8438727394250216,0.03780078514719258,0.050323464662891594,0.04667185873529696
10551287,0.012725175898393256,0.04901623114533055,0.013694749783568825,0.01434169485233328,0.018863551048018668,0.4357098106167538,0.2808551546949251,0.040968974059695705,0.1338246579009808
10554874,0.3610280740643004,0.044754245650216164,0.02275657962380125,0.02805581295730936,0.038473257174091044,0.14398455244922645,0.15022970856583925,0.029845358674581417,0.18087241084063466
10555071,0.004758617238973535,0.012249731458604009,0.012196117956858802,0.009243753545223044,0.004868391529930198,0.20301082647664645,0.45074355829780416,0.027277320179764176,0.27565168331619555
10555459,0.00613211269810509,0.08569319067994621,0.04108684404034664,0.03255613386016552,0.019556620449918204,0.2379433102148816,0.07827949543611395,0.23445791603044877,0.264294376590074
10555968,0.04497175790937033,0.07761863519247235,0.016534527186667747,0.3204838488767207,0.1926524675077705,0.07357256993171082,0.007427593268356867,0.10856232652978696,0.15817627359714376
10556692,0.02085694084865721,0.04026544701820894,0.020332181010781686,0.02189004647088723,0.010113589152342761,0.18900277372873092,0.14009919959006703,0.07851570936571177,0.47892411281461245
10557065,0.0016136771718834085,0.07006966199900384,0.004871013670704815,0.012078243654954931,0.017649581911489125,0.6805613835105333,0.11302956359968978,0.0324387727748769,0.06768810170686379
10557235,0.002696615929804953,0.07064012928085468,0.021118169833579524,0.09804299679952141,0.03800766663640541,0.5908314313663788,0.036494457244333735,0.07642183073939032,0.06574670216973112
10557310,0.015237036369864159,0.22470785935390522,0.01799815043287538,0.06141731391615587,0.15524341652945994,0.12157249640360866,0.012637287618609248,0.07417742864317424,0.31700901073234733
10557603,0.008143671357853068,0.09164621510034832,0.012710680573633264,0.031425325442154296,0.01384681303704607,0.36768119757213935,0.1546443674482411,0.05110570464570223,0.2687960248228823
10557649,0.003873823452143095,0.07888896122944093,0.0271056697037522,0.025339971598975768,0.05855235684862595,0.579846517063608,0.051123507310856735,0.08503866419458982,0.09023052859800758
10559369,0.015582172582117521,0.040117192725672976,0.010480336299920975,0.008875850109266212,0.012012461194181421,0.38931478358189403,0.38378667977002595,0.020791957961417456,0.11903856577550342
10559516,0.004078517787360081,0.05120654063024216,0.006777046374103642,0.006766968153482546,0.010120034692880189,0.38677229211311953,0.2715576570873987,0.02600262653455281,0.23671831662686038
10559765,0.003148568250738507,0.11873105952566006,0.014810328662463549,0.016313575829065938,0.018091295996506575,0.31786046666955237,0.24369719831590708,0.06692423568704466,0.20042327106306126
10559904,0.02872262613639443,0.04871183261078897,0.01533877475648576,0.027390754604919153,0.01795765907123,0.299648351879084,0.25031043474132436,0.053377058593777886,0.2585425076059955
10561136,0.03264134755592897,0.05590756582773252,0.011572340031572507,0.026160353242675433,0.024927585016908862,0.4028218271817397,0.1293810608437908,0.04292869286362927,0.2736592274360219
10561583,0.02421662970691984,0.03239419663599971,0.01973940256049512,0.012678789340783784,0.01182350606510993,0.3233544510445745,0.21246073958491374,0.06492245157165623,0.2984098334895471
10561870,0.005164645924461707,0.03372068113915684,0.005147677502051273,0.005043212347955221,0.010553734742797269,0.4327224364805821,0.41722723673548856,0.015767752449688616,0.0746526226778185
10562711,0.010108916923590127,0.2776309102280125,0.01979075143794927,0.14923148089878913,0.152616806412111,0.09770812401241592,0.014047508106157144,0.07023446225301033,0.20863103972796454
10566953,0.0036601677989425195,0.0476561685490906,0.007023001558801176,0.005892006254168574,0.005731343023895007,0.283640677738556,0.524805572470597,0.04644456463025098,0.07514649797569821
10567563,0.10167792874952365,0.08370062254810923,0.014346348235396884,0.017726536524729032,0.03601889249680463,0.31446438712239355,0.16586913649254445,0.04832115219666056,0.217874995633838
10568512,0.01128320661626152,0.011704119158482306,0.007316954049328186,0.0077992898865264036,0.003969872294312991,0.11113573219408227,0.7465427042766829,0.016218011197873913,0.08403011032644951
10569249,0.005780834980117842,0.01430342684677173,0.007890424455866992,0.005934243966804587,0.007754405697322409,0.3187891472191313,0.3817768986402798,0.025966742316462336,0.2318038758772429
10569900,0.008550930853222937,0.2269684574908563,0.019328350653774837,0.16343272250299556,0.3693929948213333,0.053084623912883384,0.025905772049639272,0.08076699376394768,0.052569153951346766
10569996,0.01228961995691504,0.014952131595495554,0.01119067955162461,0.013633768761897067,0.005917430245073947,0.1955747628865855,0.609546887905444,0.026372661231559246,0.11052205786540512
10570047,0.006883182434165678,0.06444148855418881,0.010612752493578853,0.010602204706225794,0.01617818921325931,0.4912695592598031,0.2475898925608896,0.041718271371877794,0.11070445940601115
10570186,0.019258624902112297,0.03159267173936136,0.012418327914319433,0.028611785532768705,0.01878794556811506,0.268539927121567,0.30304432275415716,0.045152319360295415,0.27259407510730355
10570190,0.004280419099972546,0.03350772545232445,0.008025169593493562,0.019093874880224185,0.013146377304716331,0.33441775305169485,0.46531027720017976,0.02901802506838773,0.09320037834900666
10570281,0.006466278459763764,0.028314032255416788,0.012393016541454057,0.01887332278376369,0.00882838609560971,0.32926721083653687,0.39852152377231376,0.03571156024153288,0.16162466901360859
10570444,0.37870473349805917,0.02357515996264052,0.016006383254625896,0.07439149590841687,0.0303031238092059,0.16792710893428886,0.06879660988928266,0.07679184547622687,0.16350353926725322
10570516,0.035994994043900934,0.0353639572094404,0.014453919720987047,0.02359771610927301,0.014781840874532194,0.3254888223508727,0.2224648236665691,0.043903841446072775,0.28395008457835186
10570563,0.012775830510495615,0.01068919197511464,0.010025317915556107,0.008433197429665383,0.0051878898187771635,0.20810443996061598,0.47350636417270847,0.03024170783614119,0.24103606038092545
10570908,0.01602478470930907,0.017950249420272787,0.011113574404044514,0.022340341607859106,0.012445531199255672,0.2702757692634318,0.40100556594367937,0.0430482055485002,0.2057959779036475
10570962,0.009255007417504194,0.11873643510806814,0.03376263015158461,0.01418915830306712,0.027510591875036457,0.17596054476463924,0.07777140005198953,0.42586101470089494,0.11695321762721576
10571126,0.044633863634744406,0.012785403341433313,0.015277539999475277,0.010065214908479225,0.007415923793786493,0.2808293845354296,0.2953222209506975,0.047694115897004945,0.2859763329389492
10571129,0.17122480750582986,0.03594496073140943,0.019218913570026124,0.06207192827974813,0.035521337869457194,0.29012571932637327,0.0527278032824206,0.11516803551624381,0.21799649391849155
10571130,0.06292213747168103,0.05353322062531175,0.01841012582730092,0.08055658340485315,0.03534694461426225,0.2011794437149311,0.0252048937208102,0.10366010037033302,0.41918655025051654
10571150,0.047686602143133,0.03133264814297483,0.011236611468315316,0.01663768420111283,0.016824687722450393,0.369511223435693,0.21559985456657824,0.04450983515748627,0.24666085316225608
10571157,0.01822436770924974,0.009413749901157143,0.0144344453836846,0.006802710891778137,0.005199476739410187,0.1628891471552552,0.5631943375829472,0.031787745422977604,0.1880540192135402
10571249,0.02064614245235966,0.02389441108653753,0.009434548660145712,0.009322620610742377,0.009066648506246751,0.3797209247251985,0.28542933070680593,0.028464969344405008,0.23402040390755852
10571563,0.007081278835886854,0.2635880915403089,0.0205294825193615,0.037558168064762795,0.1046450635976775,0.2339005453398113,0.11039423690287473,0.07817881705001872,0.14412431614929777
10571600,0.02793534216360614,0.03306897829022584,0.01232692435125323,0.015088792216386043,0.018096580891660878,0.37512503548963755,0.21042210252838678,0.033441450233003774,0.2744947938358398
10573894,0.031615442396507466,0.053269788145715466,0.020615959014715173,0.06525251969539224,0.04692580145230806,0.3001444123866429,0.07636546598595495,0.14877637265877555,0.2570342382639881
10574347,0.035161730621789,0.0292941165642687,0.012261800229466158,0.028894463416219575,0.013804439992025392,0.42909440157613565,0.22430549019228774,0.04413283005384393,0.18305072735396385
10574370,0.06798765162887016,0.02110925352183466,0.011309531917595561,0.023833662643191592,0.012600353157561988,0.3901665605152762,0.14891665903997145,0.05108913144645443,0.27298719612924394
10574372,0.008878604752242704,0.013431489794993267,0.008437374985338305,0.004581380718856292,0.0040608164937484,0.22501041121863233,0.6050389614154756,0.01592917508915066,0.1146317855315624
10574408,0.10986941684189613,0.07117317895933,0.013850538562316316,0.07615087305477232,0.058413605142318886,0.24270184510442797,0.02867242184932158,0.08081718846948042,0.3183509320161364
10574430,0.022842211057485354,0.027318677127812767,0.010903425372008509,0.01778949072682912,0.013854567414687857,0.4140485887305272,0.20259090039585162,0.042063982891657206,0.2485881562831404
10574439,0.06336989618234623,0.030660518954058847,0.012473715488516437,0.0279219145717053,0.013720713575834155,0.4348197264417911,0.12257980774428505,0.056947923666383814,0.23750578337507905
10574456,0.03525345409213001,0.037467507079955,0.00902477065869067,0.014197844597569849,0.012908767541924625,0.33037762768327056,0.10274810759999249,0.03576422601597238,0.4222576947304945
10576038,0.15784761472646705,0.04247985817517549,0.014615399313713895,0.023005219948406548,0.03562259862051814,0.3509539541454586,0.19108291404739566,0.05898511600339523,0.12540732501946938
10576770,0.03238798495028383,0.029454951772375643,0.013587224782827582,0.04869181790924282,0.011223619588526036,0.45110010629098046,0.08445149259671883,0.05958195476757572,0.269520847341469
10577118,0.0036939448875892584,0.084197338934303,0.013099437461243897,0.017627180154898798,0.013667986305182013,0.3871399158690932,0.17031455860014783,0.06924463128729719,0.24101500650024482
10577354,0.010530320728580992,0.011201378571008013,0.009685325238474356,0.0041661739586943795,0.00404338745303531,0.23148836245784438,0.6336272876581558,0.019434602629260646,0.0758231613049461
10577622,0.0032799486908228082,0.062203199872235104,0.01692194768251851,0.014185215802733268,0.008911817733614123,0.3571604257691783,0.257033627105837,0.053251156070120216,0.22705266127294063
10577723,0.00816765615716409,0.01599924862015505,0.0071347910529035085,0.008192193288489072,0.007009821479692418,0.5141980521366316,0.32364339496413586,0.020824963761422767,0.09482987853940562
10578130,0.24658949402943076,0.034319225114355145,0.01936326190371949,0.03965772309218973,0.030081902378651246,0.18333370083969547,0.17856493745648902,0.05478513689994882,0.2133046182855204
10578295,0.012075552128908429,0.016206040852519348,0.01070944776250679,0.014237468611039559,0.005653208493242818,0.19444793399445098,0.5239224780232049,0.02910880606980816,0.19363906406431908
10579132,0.002399277237517704,0.005308739332534145,0.004057327881529953,0.0027786156183819345,0.0017727587533198463,0.1359307416761678,0.7768669779301265,0.01016970431137935,0.060715857259042785
10579372,0.0034586466116497947,0.023131144970654313,0.009048604455177276,0.004696512357748222,0.006126229171612422,0.2585299940744603,0.6041419033905349,0.022025323035273024,0.0688416419328898
10579452,0.004194656024670889,0.1131644182580335,0.02052965977105214,0.0761568380695194,0.14407446591942732,0.3674936335570983,0.08986336999529847,0.08637443098953697,0.09814852741536301
10579754,0.0044060568243569865,0.045502401978663204,0.028957530463289794,0.02963338747464146,0.09150294948936454,0.5067996882536345,0.07399938006921462,0.15037401965042718,0.0688245857964077
10580098,0.006928462630566178,0.06989017254681246,0.013353561596719537,0.009347464198407682,0.015210532935737289,0.3779781205570521,0.3335446120965472,0.09555916698256564,0.07818790645559187
10580150,0.00796853736502498,0.035762988086416286,0.012565767861879625,0.013238251454744507,0.024445044490433332,0.4998973374264808,0.27789867223181075,0.03310664595039981,0.09511675513280991
10580642,0.030749785098247714,0.02846662376726425,0.009402324391989236,0.014716442189603104,0.012289464665225786,0.4529937494525833,0.15177704173576054,0.03797603741151434,0.2616285312878117
10580740,0.013896665595845533,0.013983951634466939,0.0098696150224866,0.01054990135387437,0.006425303071074152,0.30465418931287463,0.4793071595981709,0.030281229273679135,0.1310319851375278
10580745,0.0077548048214314816,0.008588970185048258,0.008248746488756526,0.006509862501515843,0.0037822975304550458,0.23003516935482132,0.5409888993425733,0.02516253347977269,0.1689287162956255
10580771,0.0447875666814656,0.024063381470010324,0.014913339247837184,0.0370854258234701,0.014313084398634717,0.32137537630587937,0.15368358537553165,0.07723751332269611,0.312540727374475
10580995,0.010323626354152302,0.03465447384636001,0.018634623077101592,0.018385813911336292,0.007123971309242152,0.24645724997980079,0.27026969045832616,0.05794602470102024,0.3362045263626605
10581310,0.008625355530833906,0.046764618727193466,0.01103588983244292,0.01421558992118073,0.01524220608256373,0.28278256732974405,0.46984384365656157,0.032581823703363204,0.1189081052161165
10581368,0.044666184009716184,0.056487298926034525,0.01955927189353248,0.2847050504708996,0.06758884671697171,0.1532650894338845,0.020212569089144535,0.18629656505004574,0.16721912440977071
10582173,0.09210904243469646,0.028191837574504712,0.01845130860000968,0.0289341614164434,0.03160444765391321,0.3816042461094048,0.19939253845494412,0.05549268350577036,0.16421973425031322
10582418,0.3500857458942715,0.02793210862435317,0.017331607418925338,0.023527550546308295,0.050309974908688514,0.23635934035043363,0.12323302897958101,0.039536642972553604,0.13168400030488495
10583009,0.004998125913266391,0.018284714663590072,0.006874227950536932,0.005743145792461233,0.009606896110789305,0.3111168165722456,0.5770414284328346,0.01814944922677024,0.04818519533750581
10583434,0.004758273658173104,0.17346650508963946,0.02716028837398224,0.14036967057682823,0.032218490885558095,0.25490439914693624,0.060172566730701586,0.09579360384050853,0.2111562016976725
10583521,0.0027837780400556244,0.008038873773514903,0.006075468794964718,0.005750062012355766,0.00409700607690537,0.1444418393040538,0.722693331551323,0.013410738341873658,0.0927089021049533
10584210,0.0029066432780001984,0.01603132753813154,0.0088166232646004,0.004239571964784093,0.003008752256442227,0.1959009751567481,0.6021110853904235,0.016170885766060877,0.15081413538480917
10584222,0.014184877317119501,0.013745909635910967,0.011442672375887185,0.00801854233459644,0.006098986246176827,0.3286973420373488,0.47343303689371535,0.031534144718127446,0.11284448844111744
10584314,0.016675177647389454,0.01021934678258932,0.017106714754627245,0.006349519788018897,0.00389843426969498,0.11507771715034679,0.41653042603946194,0.04362227855362711,0.3705203850142443
10584430,0.017791488824233228,0.008615776477723696,0.006099831175814636,0.006782122641578745,0.003994553839093035,0.20468405385795752,0.6349280744578977,0.018578573654171864,0.09852552507152969
10584519,0.012153412321332931,0.11471349040158328,0.01622205565564416,0.01894718001786186,0.029729135563175982,0.3131099000333776,0.31140162126094134,0.0891649463612264,0.09455825838485651
10584820,0.009770126875713287,0.1287790770042292,0.013252333322918756,0.020604103505625578,0.10172912044357592,0.32403635177703866,0.2002669989881637,0.07281564812163613,0.12874623996109877
10585136,0.005229645704057159,0.2555034038078836,0.02283275615472267,0.09222732683746872,0.03959747209052476,0.2755996609826463,0.0632185497103764,0.15730223155946085,0.08848895315285947
10586849,0.013656516576828684,0.034462998742798824,0.015648054179760222,0.025836874914202997,0.023353496283613703,0.3533665640782844,0.4025003242319185,0.04196756616422069,0.08920760482837203
10587734,0.06364240655480313,0.03865659436231283,0.014328127128323856,0.010184905530760468,0.014614597200322819,0.29848700106789205,0.4105561131598098,0.041476463478318196,0.10805379151745685
10587840,0.015792263475055045,0.04069098698635467,0.0177843448602142,0.020951533320362137,0.01286876359226192,0.47898629591603054,0.2930716829877791,0.04782313394545973,0.07203099491648281
10588529,0.008576662910722876,0.0027475178856329304,0.006574636671209415,0.0021400838092038377,0.0021159423982230093,0.03772668243473695,0.7849685489477246,0.011660041049665244,0.1434898838928811
10588664,0.011755555176604666,0.003071850250341699,0.0066172674897383744,0.0022300871030855127,0.0025752653188532504,0.08243981222071434,0.6411868583711219,0.012961087921188682,0.2371622161483516
10588792,0.015189720313630126,0.00518004637102981,0.007234910308075981,0.003863331765031723,0.0033550744868983285,0.05264374812043168,0.37523090252545865,0.01463512071145766,0.522667145397986
10589349,0.006584588063899075,0.004203389046403244,0.009863572109474418,0.00474657692495819,0.0027572835497985883,0.08583151866011847,0.3275588549043464,0.018296167790595112,0.5401580489504065
10589410,0.11895152395613436,0.013533170001476838,0.024591257602965086,0.03560439910806483,0.014816683745456688,0.2224806274692266,0.14698095547225618,0.1310045877600831,0.2920367948843363
10589411,0.025993870956926103,0.008376187047845809,0.01032802234394687,0.006554765218625783,0.006282101794129004,0.16000782658086474,0.3410701347010851,0.02230814096439358,0.41907895039218307
10589472,0.018103420861106737,0.008540128568913794,0.011814951953766556,0.006358570610682818,0.006062803708055295,0.10882018426107781,0.4020388212332439,0.026982002373766138,0.4112791164293869
10589485,0.04536420659693603,0.012922022392039116,0.014532515162550214,0.013244279526583119,0.009295537176109384,0.13361156413928305,0.10573758264577117,0.048214476920194094,0.6170778154405339
10589763,0.0029625378625289826,0.22316062517539464,0.02360349060734768,0.06647568692453364,0.02210465678082875,0.4025929817254726,0.07604493904831199,0.11217844773357921,0.07087663414200242
10590733,0.013017095222702463,0.06977672177375373,0.021305714084908157,0.2123451816436408,0.07892668018720672,0.3628050956912282,0.03334628983398962,0.16164177454578607,0.046835447016784285
10592587,0.41875355318816065,0.021927668031078866,0.013742181333659119,0.02592835891610872,0.044138231482520184,0.21361959186280816,0.04919993557104022,0.04065230225573102,0.1720381773588931
10592944,0.007099484360225931,0.09722072276125901,0.03498396565795381,0.10762514353021284,0.1718528509045784,0.3173837770452923,0.08529282863498595,0.08200454193515237,0.09653668517033938
10595034,0.04367554629771907,0.04730905826362596,0.01125267090508751,0.035775414129315716,0.033947317775600665,0.43954531011469394,0.10224176517412134,0.07302281196588183,0.21323010537395393
10596119,0.00857164484792878,0.06138208662181865,0.00983496222060443,0.008457599340734168,0.01602449290833083,0.4987280911284044,0.25198471771924563,0.026175073445102875,0.11884133176783031
10599481,0.0032908754556307336,0.011747279456106206,0.0026537371106399297,0.00570234776959318,0.005940725991251183,0.29249070942934113,0.6243679532704753,0.01645944885691513,0.037346922660047174
10599552,0.14668183234639257,0.009183499428007601,0.017001409010849743,0.017405206293526,0.004801477050871512,0.24019184841813074,0.3033270066692631,0.040060540691600754,0.22134718009135793
10599609,0.01924783800940706,0.0035086880780395235,0.01865480054900275,0.007519390322073337,0.0020249914365507663,0.08501930132080222,0.3925690344688432,0.02445159320375394,0.44700436261152715
10599643,0.005552775402034688,0.008924342334636329,0.008468445490259626,0.007208758481988436,0.0037082693224360177,0.2348654440081146,0.6143572582288838,0.015672578967218933,0.10124212776442763
