track_id,Clutter,Cormorants,Pigeons,Ducks,Geese,Gulls,Birds of Prey,Waders,Songbirds
6868504,0.07906100918457784,0.07634350030522498,0.20487779748910873,0.1251102928586683,0.2073471141458516,0.11691680883310086,0.005123613339241273,0.07838142715048146,0.10683843680672603
6868536,0.06952158302562478,0.09156704858069971,0.22545205854280853,0.13499712969556063,0.15599194038682473,0.11743468179547986,0.005774187386314423,0.08145071449237139,0.11781065624294919
6868565,0.049525118413709435,0.10898254580485792,0.1655940919327727,0.13524409672703866,0.25199465689117323,0.10970618962142983,0.008725000576081552,0.08370959396503821,0.08651870664084015
6868861,0.026164037210053566,0.13260454793685464,0.04615779730306476,0.13131468158221618,0.39801383683253744,0.10085114323262996,0.013202250905723195,0.08332870462342973,0.06836300049088347
6869275,0.014699275047416572,0.1339083968169441,0.04740673547856367,0.10906545133845279,0.4034615655351149,0.11257999798222963,0.018980458710069148,0.08452668485440365,0.07537143386774153
6871418,0.027451842212393288,0.11712182126297689,0.23860036981975716,0.143491807395696,0.13887892225778026,0.12952178567121495,0.020367282028194957,0.09843791376547004,0.08612825593502034
6872996,0.25760850038312955,0.05984351158996247,0.03135580427447991,0.0310011906783792,0.09372765568306854,0.22713628833868457,0.10988361051754443,0.05059340235939288,0.13885003635239698
6873817,0.052821712437916675,0.13127329346642755,0.04214921519553839,0.06757205389509463,0.2961821297715058,0.1940062634126014,0.02463892629401386,0.09998523571073116,0.09137116979109747
6874023,0.0033250099262785333,0.12880608480252237,0.06735801078730325,0.07754151627493057,0.07215580169545384,0.3549414333891241,0.08025897154026398,0.10412892014502201,0.11148425135254644
6875504,0.0035435032980397456,0.1104120656428732,0.08725248601186124,0.06333124671775023,0.04235636152621831,0.29651227076191217,0.10290065366935522,0.0826353408230392,0.2110560718524163
6875899,0.011560187972240024,0.0978102520107291,0.05786308437548633,0.05318617274149981,0.03871760712501306,0.3446540219424866,0.16852547863107373,0.07318662307833465,0.1544965719794874
6877293,0.08288733996360029,0.10770212154166588,0.08006980420256318,0.08806441661313275,0.01187244952591161,0.1261551237038934,0.0645285980532835,0.07801939515345566,0.3607007510554797
6880408,0.017560295051815868,0.10789850812088032,0.05428233019435526,0.08423949243934642,0.033005301072992675,0.33786316902220703,0.13202138493403356,0.07193498090475658,0.16119453911378787
6880690,0.010785639144763139,0.10137616540844589,0.09005521726172643,0.10900043702590619,0.03506674556101607,0.25539365436154127,0.06955864712898129,0.08944685233220295,0.2393166426991505
6880833,0.0458999407099949,0.07009080215983021,0.08277857704196105,0.0635706036575531,0.0070406517464329035,0.13913844517228496,0.19982877898061405,0.06738814096571395,0.3242640595519433
6880956,0.0022786751821511084,0.11654373324436385,0.05432467057619853,0.05292757953838041,0.0543506754103435,0.40784031307900487,0.12175003682946947,0.08691653304921906,0.10306778318477994
6881733,0.048631415252052126,0.09145822180111952,0.05269313746968194,0.04835982066161226,0.023365414745749824,0.1493086402754763,0.3890906508604878,0.06808901255808807,0.1290036859160394
6885154,0.07451563419131063,0.11025851397637626,0.03213185949414019,0.06735308230648315,0.05847545516141237,0.3276764477278862,0.08492815815069758,0.07837829988043113,0.16628254975631981
6887294,0.034609010307520977,0.10133003892629869,0.06611871651010082,0.05834129272699968,0.0656535978797044,0.20700562614026438,0.08125444501230983,0.07966201223686206,0.30602526054403983
6887586,0.08882366889271093,0.09635285242061216,0.08630873782579208,0.08051281561514295,0.015071028911898984,0.15127607098427964,0.05874224521896488,0.0779434808419646,0.34496909892677846
6887600,0.057363001770580846,0.08667693835534417,0.1122800448178652,0.09610004957278533,0.009022629709166962,0.13341507003521658,0.058208895704707005,0.08299035212554493,0.3639430177678863
6887637,0.03482731917096533,0.12376176568578766,0.0561658523282228,0.07283064550365002,0.08188878177887797,0.16352786520847779,0.06936173310496613,0.06894552634052407,0.32869051080288736
6887702,0.1035321735078768,0.07745989460397797,0.07703169115627484,0.05945403305686964,0.006553258716337765,0.1461880430145398,0.11868713982354817,0.060884565467657685,0.3502092012215989
6888243,0.018634372031625004,0.12071489609440181,0.07386372058963277,0.07726678946857951,0.0695288641418275,0.16229887969010298,0.05900110248899052,0.07572013779799691,0.34297123743034635
6888737,0.014597385873744415,0.11753922507377003,0.09760227973550806,0.1290458873918365,0.04770861607145313,0.132253117116403,0.04554448265696006,0.08441047521789288,0.33129853031616385
6889024,0.08731340942352682,0.07719352123200515,0.07291200912461716,0.04256247177627607,0.005267523105445721,0.1380244104189455,0.16599105154440152,0.061267727016354974,0.34946787597708684
6890285,0.03547552506152106,0.12121029680310459,0.04727393483090929,0.0645798389399417,0.023691675094997817,0.21937333445082424,0.27685761007575216,0.06555102539142388,0.145986759722388
6890416,0.03661332145127203,0.0903761528564947,0.08219219371133496,0.07942882641793537,0.010208672863296726,0.17319732709941016,0.1324463133820695,0.08456070657283186,0.3109764859304848
6890579,0.05581496812087762,0.08697650476492466,0.09127536540827691,0.05263561104927146,0.004437306186771496,0.13591482577730785,0.1479312762466143,0.06401213800737174,0.36100200539524135
6890917,0.051902351272669005,0.06966448098092554,0.07888880172547351,0.04968613130424818,0.006403598214937752,0.15040388026919416,0.23541280116714644,0.07842747201796828,0.2792104825750747
6891091,0.05482625876118136,0.08908413532452276,0.12293958117553327,0.14553692722419104,0.026135200658275647,0.10992690874664127,0.03673783665989626,0.09062986503157484,0.32418328730247437
6891208,0.033145264125578014,0.08560990830774468,0.09036152996808898,0.06458974378532756,0.009886485612435499,0.14629698487934584,0.13941526078450128,0.06778327113032225,0.362911552284462
6891245,0.026651846041416176,0.08003537677349182,0.09050172173967198,0.05164719978361908,0.013657534526955293,0.14229423361521784,0.20389416772918068,0.0688128257027749,0.32250509445714354
6891309,0.009709270278575592,0.08864681836973452,0.08243660694572114,0.06202422330136053,0.021080354680042625,0.15128048895919174,0.14509395012734927,0.06834207325884913,0.3713862137844582
6891366,0.07430058770800858,0.06713055881779006,0.07248831525410113,0.04714773385946707,0.003952354380047132,0.1341843795780206,0.15599945694321413,0.06858847944302028,0.3762081349763927
6891473,0.04932622816074186,0.08738060405774364,0.10697206714530662,0.0935974399718095,0.015973870741538478,0.14642190582260753,0.0694947830708612,0.08285077826497438,0.347982323161946
6891484,0.034202225638608634,0.08776519896282856,0.09436915500166396,0.0726206414298582,0.008464739020927287,0.13898844578262273,0.11257533748368975,0.07422563937520922,0.3767886174330546
6891531,0.04100635082504771,0.09843354188689442,0.06424645726093611,0.06065316058191461,0.01169517892364435,0.1642862742699487,0.2148200910212078,0.06655227675959359,0.27830666843617907
6891557,0.05935221506597535,0.08979476974475192,0.13727427124485433,0.06223230332030227,0.007447647436883576,0.12345228650016163,0.09798482267911643,0.06908208585939808,0.3533795977472964
6891579,0.02812273743856508,0.09097681182444174,0.07826806039556711,0.060093874659101404,0.011034874901105907,0.1385339633473061,0.16597425965836723,0.06610674240412003,0.36088867595074803
6891867,0.11092293494223623,0.07790989991488706,0.0568703064457457,0.04494465741517491,0.00664538325037935,0.13324453440243944,0.3452043292152991,0.05976666408929668,0.16449129000408647
6891888,0.0871732118621543,0.07215110536443704,0.08272791942233955,0.06301340965854896,0.004315168713336212,0.13700405726757509,0.11143305326519522,0.07649725404169659,0.36568481982681317
6892297,0.09990365013809235,0.060793705882808545,0.06936502049669466,0.040846990506371125,0.0037655609817022354,0.13150005343513932,0.22734739975667878,0.0644539646070884,0.30202365438561807
6892562,0.04051206180278879,0.07427765971196147,0.0806296588099883,0.059772840354804894,0.0062026071581003485,0.14104782826839699,0.22823430078980966,0.0735979270690851,0.2957251159769768
6892587,0.06599363570662216,0.08192929820932872,0.06289766624933804,0.05305052299425078,0.007186431422528994,0.15580197802631293,0.17974755623386038,0.066692500217637,0.32670041111231374
6894293,0.013703064637299906,0.23886031346252254,0.07422466706089312,0.15481014805823712,0.14800108916596721,0.13961022457736652,0.02200555931827141,0.09679431428298295,0.11199061972729377
6895609,0.017685565629966298,0.08948206966093966,0.14165046300721634,0.12275294899600316,0.019251378900114097,0.10357474262335184,0.06491434838194031,0.08846901482069727,0.3522194684310987
6895723,0.04225552862492332,0.09141219890861033,0.06562137967572618,0.051774119424400945,0.02298020716037691,0.3668789074754698,0.14661477927202105,0.07987919588384926,0.1325836838730205
6895905,0.01381157122809197,0.0908451389118209,0.06814328567264683,0.053317459074132184,0.02929215670976887,0.34668152118386997,0.16605952639783492,0.07610419040675476,0.155745150330824
6895906,0.04191830310077752,0.09364693532779264,0.08165005780959947,0.05631114777843876,0.01263615392503815,0.3484901319350075,0.1447991883882224,0.07559820726456935,0.1449498746860335
6895927,0.04242929247169848,0.10222764112284816,0.07633561701063889,0.05718328151790312,0.02764825717915269,0.3624617121865443,0.12430018878250701,0.07703745250902225,0.1303765575074346
6895938,0.013955120714263893,0.09366037230658167,0.06475958098553372,0.050079775418937406,0.0329965794716553,0.34931480390092257,0.1799697440113704,0.07612363250948911,0.1391403898648762
6895939,0.018355923950317845,0.08874065790090967,0.06404096035093317,0.04927169106806386,0.03753196854397222,0.3596454145184238,0.15077289396781046,0.08037831731112316,0.1512621731898125
6895948,0.012586752215724015,0.09724585414785,0.0662109409399103,0.05576957818994424,0.028584353116413427,0.35695146550877693,0.1503074769729829,0.07665290444662376,0.15569067495155725
6895973,0.03519811591754013,0.09328938409142082,0.0815946724414291,0.05905431882256042,0.015380019919467759,0.3377038153130052,0.1385174421801278,0.07855260956127597,0.16070962181643
6895974,0.01631808717739536,0.08895068073792405,0.07008488634800354,0.05251206288913836,0.025898339725478045,0.340442643231324,0.17211351068006245,0.0762070382323172,0.15747275124017504
6896754,0.02876980900405228,0.0905540125779951,0.07243909760706792,0.059615887206036756,0.011685088564931194,0.17805805245260495,0.16956684492843238,0.06613891419217514,0.32317229347991
6897915,0.00548312725195906,0.1282009335514706,0.12870095901259188,0.15080701359637483,0.051904008133799015,0.15782659876502222,0.06695692031794656,0.10541996495596034,0.20470047440190967
6897964,0.06790015208974663,0.10002707020933352,0.07798189497049952,0.07863364272671164,0.09823913115698918,0.15675922530661696,0.04739899907608634,0.07533244939290326,0.29772743673614305
6899282,0.0463553335407773,0.07426695108293233,0.07116664833419897,0.05560100270464919,0.0047463920065245,0.1640132111083165,0.24553151764150843,0.06952595026163967,0.26879299350029884
6899294,0.07505736924566976,0.07576214883328788,0.06079986876026959,0.050381970938784215,0.0040244552773098545,0.13651369274511457,0.32807807796981003,0.061222715901021324,0.20815970086545826
6899376,0.02244219986801793,0.09356591129317149,0.0874249166380194,0.06208512921515004,0.011697412310938085,0.1346835728929021,0.1590008472265918,0.06615687554531104,0.36294313553109675
6899506,0.05156742218443307,0.08605911723389402,0.047152927309208226,0.05632759214712561,0.012620715722799986,0.276251527809027,0.23524752723866066,0.0688717169295038,0.16590145310788018
6899530,0.07237196495734805,0.08713418756434577,0.09150423948240737,0.09871097692079579,0.008063052344690434,0.13896820486829722,0.049980924429177946,0.08494735382028132,0.36831909509120647
6899560,0.07240270851005044,0.06676609169985143,0.06460759602585847,0.07364598202188664,0.003598137151394404,0.17160524475788877,0.13137415509221265,0.07131436895772146,0.3446857153010744
6899670,0.04888196271632869,0.06645599765295451,0.0784883133802669,0.04469503366765683,0.03178579167789462,0.153438757237353,0.10354536900210268,0.08765012186057287,0.38505865360011376
6899695,0.03223193742258296,0.09683006215461723,0.07535667865352438,0.06528519317018372,0.03624006092690234,0.15507018396067077,0.06866474934523674,0.081811204838637,0.38850992918481625
6899730,0.04853810597233723,0.07589558012599268,0.06570016207133111,0.0490944334683677,0.025966375408804598,0.17240679720225024,0.14528222409011526,0.07439069836336198,0.3427256227375688
6899754,0.07440053401322938,0.08165449474890539,0.09577813235643926,0.11019082437581693,0.03754042018478376,0.13046293911156143,0.020560884329951123,0.09507395431393179,0.3543378169377499
6901206,0.011936638910619482,0.08893428433528719,0.0784763915394643,0.058465917150973296,0.020811894243465162,0.1938072727448122,0.21306420669734294,0.07172559949105561,0.26277779577015004
6902131,0.006641256634305811,0.10239817329032348,0.05701184552058655,0.05056289933529409,0.041785696478100424,0.3739008203467744,0.1745118395652956,0.08318097257063548,0.1100064963954612
6902271,0.02173336826397591,0.11054050881838051,0.07063034240737551,0.09435769450200386,0.08960478320946945,0.15678830507118327,0.03910394827863814,0.08187150391477258,0.33536954668283436
6904326,0.0921320424920414,0.05991996190911862,0.07785532476046046,0.0600852679728443,0.003739698122376862,0.12678166076791303,0.12173010157447657,0.06870418993505388,0.3890517518006823
6908023,0.004975822934384396,0.1313749126192005,0.058695544574836986,0.1775552993774681,0.08235776261067149,0.28671474908359684,0.06643661631418936,0.11403526489395052,0.07785402684459544
6908625,0.020009816025902488,0.08164067647963286,0.07350763268905762,0.05671630394164417,0.0195633401990193,0.22609371038492326,0.2385030419224299,0.0760982397215819,0.20786723774850907
6909657,0.051288729084084494,0.07801862605163741,0.06722821474234116,0.05406384189339213,0.0033233715201785212,0.13251606950422107,0.1742989058790511,0.06714117431588233,0.3721210667049594
6909786,0.08241443744182361,0.06088518963098296,0.06823649106436967,0.0617547200002025,0.004200174068478383,0.1365830974471755,0.14690894669253798,0.07038272088943076,0.36863422276621366
6909952,0.06335853486796164,0.08191437000557164,0.06532805541062096,0.050479058399236394,0.0036618501313186755,0.12873104316928427,0.19250615280730374,0.059772069101657416,0.3542488655339763
6910003,0.08690502278199336,0.060701775602206846,0.068276703608265,0.05503779362185309,0.004054781787755545,0.12830673065098308,0.1525924035162806,0.05987990766502344,0.38424488037142623
6910407,0.009678032139781122,0.11310213016314541,0.035247647946759546,0.06592190917584018,0.0615400171508546,0.3982238212996855,0.12105949644605273,0.09089484826613749,0.10433209689608858
6910422,0.07960897545288306,0.06390118128617578,0.060736148781327264,0.0643518305870095,0.0035694232444163235,0.14218320927217065,0.18029314833589694,0.06120883764003766,0.34414724579236605
6910425,0.09718139232842836,0.053061486449973314,0.07017355678788054,0.052562644946658486,0.0031190415784478807,0.1290573960926369,0.1450248071039308,0.060392303715033895,0.3894273702306422
6910560,0.05220129435675858,0.06651198985418136,0.10015834603337956,0.13512450449619398,0.010445690825477617,0.1145689126785897,0.06536962208327267,0.09497865199639359,0.36064098847139703
6910590,0.08141763133736243,0.055203599668685,0.06913078365157974,0.06185707933732355,0.0030954563780257204,0.12614361758062947,0.16040369812206928,0.06037984585576219,0.3823682880681383
6912744,0.004500422228502238,0.10698125141614277,0.04175927191806594,0.0701339764352802,0.06279234258745205,0.4134155621770691,0.10239479166190896,0.10128709565722288,0.09673528589726696
6919118,0.015686531660534384,0.07709507448332349,0.08429885313160483,0.06793241878442516,0.022668941761414887,0.2619650090977437,0.17042572795212266,0.06742011897797169,0.23250732392072432
6920152,0.01946488196558022,0.07827445443414892,0.10637622039281044,0.06231196161588073,0.014938334856109068,0.2195654762785388,0.2238518986823785,0.06688500620364059,0.20833176613615276
6925791,0.01184150514863246,0.09224905131085097,0.05598060381016268,0.07889444557001059,0.02405110650164761,0.3657264257648636,0.13798303335860515,0.08695839339087882,0.14631543475210762
6926246,0.06371275675211298,0.07582335357225625,0.04744615448438346,0.054511088604492615,0.03255777734294267,0.32535554941495703,0.19891772550438502,0.0685528215338433,0.13312277168835726
6928841,0.029881108799237815,0.09581773807896775,0.11494435986877569,0.218921691470033,0.08764736983869903,0.1478136613302932,0.026986094557504187,0.18225744632613716,0.09573052959292384
6928933,0.013936697456195812,0.07879341843747824,0.04333245837951533,0.04621635903654209,0.08171152074683102,0.381578177764868,0.1464335526171156,0.08153051579627613,0.12646729856650918
6937241,0.09081413917895315,0.05826115970743046,0.11036218079113563,0.08802931314850822,0.007541755309615335,0.11682244877773339,0.061348195831401914,0.09318473184579396,0.37363607566870805
6938426,0.0057520483197577655,0.0949434442013731,0.05340682443289365,0.0563696456851431,0.044271853393061764,0.3996423117242365,0.15447557892699773,0.0814388231112168,0.10969946995340041
6938530,0.009165439913265915,0.09272436295693715,0.04726806923026442,0.05115401157276004,0.05125212687382009,0.38747929400969616,0.16336551611438316,0.08612165395378225,0.11146952541380972
6938682,0.02053954917785219,0.07709476215951683,0.07211118836467059,0.05746320010824118,0.014758045152608605,0.16990703802311297,0.3399123682055092,0.07520202530927421,0.1730118232348432
6939166,0.007376830912286216,0.09545113141344268,0.040131468358279694,0.05671793250960695,0.0510021319255388,0.39620765313663475,0.15684250279519635,0.0855381329500751,0.11073221757977258
6939222,0.027003241904410738,0.075186866605891,0.06722788495806405,0.04625967959443954,0.01726968264636969,0.16963699498103013,0.37073574828808303,0.08909091862735925,0.1375889820135266
6944591,0.07184037643346099,0.06387598638417673,0.0875011532774204,0.04199230315810314,0.006790367918666026,0.2373377753285118,0.28076899642310843,0.07982713234919596,0.13006590866873496
6947293,0.007617879402126011,0.09644390142160719,0.07903694270111207,0.06839383750869887,0.03889539541993629,0.38177170529966387,0.0894519865960294,0.1043338297842152,0.13405452192764425
6952804,0.021288629575142513,0.07286670654855171,0.14851415547112903,0.09115083411370521,0.02824953879336752,0.2315860894333283,0.07879103717529365,0.09412689745671257,0.23342611145257458
6975207,0.014183586080491499,0.06552064817002942,0.08473984645610946,0.06523331381085869,0.037441090413283196,0.3907274275359926,0.09667635562668636,0.11716969344665953,0.12830803930001042
6975472,0.006935976937381281,0.08510482686945678,0.06941713361575541,0.05972315036885345,0.03329822370519807,0.3943863974765084,0.11725354155289087,0.1089919133698426,0.12488883610103986
6975490,0.012209338248819623,0.0735080331934441,0.07092285822458567,0.05863260137052695,0.0395749113281171,0.3941204708640843,0.10027636575267286,0.11607846588650117,0.13467695565087973
6976427,0.00721744238667752,0.08817975371891242,0.06155148594347078,0.052633754399819696,0.042259956242012064,0.3997784050587217,0.10554454691685154,0.11600336905684827,0.12683128455070447
10551287,0.008758689919961723,0.0843540799251799,0.044968474740824396,0.07949064269430389,0.034721348764604545,0.40729170132360437,0.12529095550592326,0.09296536677589366,0.12215874130449177
10554874,0.29327923347414786,0.05124784492649719,0.03595340812458456,0.029733831931085385,0.0759278770018628,0.19775808117267274,0.14019955670909426,0.05615464346526684,0.11974552395145155
10555071,0.019970832480556578,0.07830810043034234,0.06019429988590752,0.05877638468034555,0.015208005563737604,0.34327775496080604,0.1480022381111643,0.08744739269505596,0.18881499053966344
10555459,0.002534137554490198,0.08917341883760364,0.0897158180159287,0.049050424128026134,0.031142779095173937,0.2957072772362619,0.10485378324432962,0.1566192363401619,0.18120312457898283
10555968,0.046050547317221996,0.09326335448180163,0.04511748510860117,0.14239797513367336,0.11878689628703919,0.2047439651236732,0.01640247255841655,0.11488608009786544,0.21835122355634395
10556692,0.05160405630609374,0.060543518512332556,0.06444591328268238,0.0768256488226203,0.006255082636069101,0.2047596130950513,0.1295781228916887,0.09554168385250256,0.3104463605873678
10557065,0.002992510260615962,0.10221955627252474,0.035062463233563414,0.06507680094456597,0.05811469729139037,0.4158672739198096,0.11583150072464847,0.09878095130741282,0.10605424556487976
10557235,0.0025038225892233283,0.09244479832710399,0.057154848480152357,0.1149439901086435,0.049832845120650414,0.4026708349342706,0.06558828813793166,0.11325918668151792,0.10160138652205548
10557310,0.01621452427722269,0.10119167784030159,0.05780823232417797,0.051427565063241164,0.10608569232335571,0.2776078654052283,0.05423810049766798,0.09433924908478113,0.24108709382049506
10557603,0.006444327633187098,0.08942816785563422,0.048170170004882856,0.07129245593020785,0.03521419411391787,0.3991620179249288,0.1183527970186569,0.09535855609560472,0.13657731399061346
10557649,0.001807259253207366,0.10246037681068838,0.06289811947397304,0.08007985538838866,0.03974118084471623,0.39949735201469083,0.0719102872121084,0.12368169296451478,0.11792387594915654
10559369,0.023645802041358223,0.08523592710108814,0.04336340580174559,0.058165290552392085,0.04489051561723101,0.3994741285085306,0.1266631666243797,0.08969972285925111,0.128862039892015
10559516,0.009633643172579922,0.10291222013257338,0.033256655772342505,0.058143438116831245,0.07426009142072924,0.4043433380653473,0.10704330246461329,0.09828198723955267,0.11212532352646554
10559765,0.0032923247432145187,0.09263043801939229,0.0564192690876211,0.05596631883819181,0.0336754085430591,0.38660302851126155,0.1430736658336808,0.09180567927760995,0.1365338671484608
10559904,0.03440245364389674,0.08447153267836582,0.03199808853192488,0.06393582603715031,0.043890520762927696,0.38912783176159815,0.12100471375069234,0.09004697711284185,0.14112205718158544
10561136,0.025965653616254063,0.10190412104046577,0.03855849687276343,0.06172121900969113,0.051091066514295534,0.4049533839392378,0.08211631965842092,0.0920273951759684,0.14166234428000507
10561583,0.04745308786632584,0.06940884143795426,0.06058869785129069,0.05974968346642415,0.008607002986535273,0.3809881147098876,0.12206832187567264,0.10927993509356344,0.1418563139660148
10561870,0.006105695969167907,0.08304239677503997,0.03487686666794548,0.06493898456873164,0.04487943100624402,0.3975259527283873,0.16252721949749044,0.09362961482819121,0.11247383820671933
10562711,0.006456776003796823,0.12065984717004086,0.05397873527758862,0.1343234629789494,0.13637251502243466,0.25697271465685395,0.02481034494374206,0.10520288719598861,0.16122271580019026
10566953,0.007143298144002894,0.08695483265981425,0.05398630924534682,0.05233576492874682,0.031946072405707814,0.3643023786544098,0.18995151447083586,0.10301611650394958,0.1103637134071544
10567563,0.065334410289935,0.09365761423899857,0.031747369920548,0.029733199508138023,0.05855999925643844,0.3752839999122329,0.10947837621398383,0.08462759893940462,0.15157743198439416
10568512,0.04005829551968437,0.06455665720152289,0.05369696591068393,0.059589512056143004,0.013318456977484378,0.2713196821491356,0.2754911234629916,0.08416626919415221,0.13780303783603315
10569249,0.014663365730966767,0.09109564860247779,0.0456756470472503,0.06347262501860859,0.020218598120546664,0.39120613563152035,0.15180821641266576,0.08617877852669514,0.13568098411437024
10569900,0.005582682851890124,0.13428645673881745,0.053293898974566496,0.0931918009471775,0.3074143467856232,0.14024962462848461,0.04610085793451146,0.09414443318935806,0.12573589844737754
10569996,0.019683208721092794,0.07877005387613567,0.04724397541387426,0.06313372934362765,0.020624902288801986,0.3762529674102744,0.17464606554970602,0.08994572904964071,0.12969936898522447
10570047,0.006370897520032257,0.10195203288046224,0.04481838277112137,0.0723787736043203,0.03259996771253339,0.41807957494407355,0.12410244009896561,0.09506045202727641,0.10463747777123011
10570186,0.01905007731635661,0.10012753983346685,0.024751865542759956,0.06661023659795424,0.05511420885362991,0.390061235679352,0.12619608507075838,0.0858002931152308,0.1322884569235302
10570190,0.007035837882882338,0.10209594968606722,0.032744668068868645,0.06455159304407966,0.04520036000001027,0.39560159152887187,0.16600050532127297,0.08698051558684033,0.0997889802636768
10570281,0.013532124672338625,0.09103656824182843,0.0421385482437458,0.06860635052856272,0.025647084416631685,0.3983712542333809,0.15244810759848562,0.08673235549946427,0.12148760590344977
10570444,0.17469235331882532,0.05580099509680581,0.02354334344055411,0.07070584643968987,0.05299716324880829,0.3150100610178813,0.0861813034056458,0.08433997491513806,0.13672895852863765
10570516,0.027912775573252988,0.08880349184318345,0.04076767698019222,0.05930512261948595,0.04139177646919522,0.4004102480084064,0.11653900649104153,0.09034480467411062,0.13452509686228628
10570563,0.036985336541556404,0.0758684721431498,0.0475186184456758,0.06264478673764005,0.009289857545130594,0.3436035784620738,0.1786857914332178,0.09211509483676915,0.15328846347578917
10570908,0.025086625446781242,0.08383705041714945,0.03791371977071168,0.06699148160178678,0.024553834298406015,0.3679444783187932,0.17505901713683453,0.0910984112571994,0.12751538273825902
10570962,0.010139182599620268,0.08217046633500986,0.07509734207455163,0.04897632243868407,0.029232643481144526,0.2687370428259284,0.13238194966833008,0.20771029894922116,0.14555475206205917
10571126,0.07081312949449575,0.05222834379980033,0.053197935045291925,0.057985996539476684,0.0034537738288890805,0.347584702124544,0.14125619683143648,0.08966811892907757,0.18381180311452375
10571129,0.10032977667992928,0.0687271147722279,0.03869811072427773,0.08812227209895776,0.03723307286048764,0.3911434802624781,0.036897386773839795,0.1078785786631977,0.13097020739981396
10571130,0.057908619903139634,0.08736879288914555,0.04972146569722556,0.122737459467405,0.049985816676655984,0.2943075201583947,0.026340847316094426,0.11657731319106941,0.19505216529377298
10571150,0.0559174394676306,0.08009679861786069,0.03492182658170936,0.0643763731121247,0.040250030894861885,0.3942591280089469,0.0939980573365524,0.09552892873289899,0.14065141712501106
10571157,0.06349310735081574,0.056748054166381214,0.05748753701744014,0.05003618988369142,0.004181189678148302,0.27440827526978523,0.23249296589137258,0.09381618661632814,0.16733649414782137
10571249,0.03095617918806383,0.08208813856027507,0.04688303650356204,0.05404097841637444,0.01813979979148414,0.39931537023681507,0.14299139978601444,0.09579131350090861,0.12979378352175902
10571563,0.004486573370757893,0.1228143198943522,0.041544694195882956,0.0557352179393743,0.07412523131914021,0.36344047919671885,0.08607148257198523,0.10402128663615079,0.14776071433686744
10571600,0.02230281263890128,0.09726231686349322,0.02756502775688116,0.05989078671651879,0.05100625747929338,0.4067295853371436,0.11487980173547631,0.09095063289702017,0.12941277934322765
10573894,0.026592592782981213,0.09104769831901341,0.049247942016059136,0.07541865893421357,0.019384696159810744,0.3867861333463122,0.10783033645857702,0.11242099848325038,0.13127094262166153
10574347,0.0541762663834129,0.08225023425576959,0.05098269988255458,0.06762206815162056,0.012653519569501765,0.40515887959316055,0.10768022996841445,0.09093703022351707,0.12853907097183717
10574370,0.04139265621708429,0.07554886890187831,0.05200723746574123,0.07122152361775873,0.01089470969935289,0.40449298992582006,0.12139460281247086,0.08924239270846236,0.13380501857579769
10574372,0.037220232131653805,0.07079711931995512,0.05748733909401001,0.05602727278937584,0.008223069346558509,0.36494636699436794,0.17746034392551613,0.09159729029855006,0.13624096579447323
10574408,0.05155346573461684,0.09812032341515754,0.03794847232085311,0.10260858136212159,0.06737827071264585,0.3768512836682063,0.025134313796710665,0.10886576222136493,0.13153952762570012
10574430,0.02945044930460123,0.07549068723180022,0.05062397822027277,0.06872602423250952,0.02045621650102613,0.40813186630930004,0.11303462423607251,0.0959356727366775,0.13815048161392243
10574439,0.054622637658603465,0.06786799301932339,0.055779817021482866,0.07367809960712109,0.010828492648201573,0.4055168399443968,0.10195531036143962,0.10593144405187768,0.12381936588906114
10574456,0.04308767488633557,0.0894420462867307,0.0372334311923406,0.0643491829298435,0.035740064951306424,0.37131921528901635,0.0830575665100504,0.10037089900520836,0.17539991894422044
10576038,0.09513812264562094,0.04765878494909563,0.03315320878120657,0.047636867583328614,0.04702432801835526,0.3859142560640424,0.12195472154576849,0.1002171535424192,0.12130255697872011
10576770,0.0468750514832535,0.0786583891923724,0.04317267349572755,0.09274549675187654,0.009860932283200827,0.4058355712440087,0.08094392360305924,0.0982978918674863,0.1436100695772649
10577118,0.0060573078658383165,0.09317249930351242,0.055915118511824666,0.06073050819797254,0.025778264566997666,0.38150814722010623,0.14285073630803405,0.10305145506062337,0.1309359639696312
10577354,0.03783870798336373,0.0573724698686108,0.06640525007871871,0.05942145701206415,0.008618329722842807,0.35488615475489804,0.19887088412967538,0.09084832523632877,0.12573842035689728
10577622,0.006011446462231712,0.09572584479254516,0.0589018312218892,0.05725862049412008,0.02356859360147722,0.39356046386590876,0.1365753835099433,0.09676866755315436,0.13162914760201924
10577723,0.018769313908334955,0.0634222725291442,0.06311594500081061,0.0659016443546424,0.01729704301208043,0.41067721203365193,0.14242749679199979,0.08887296694831183,0.1295161053433494
10578130,0.10165074702856658,0.07470274400473241,0.024320781604402163,0.057963536286723474,0.044582366247363836,0.34975408177733636,0.1078644214202781,0.08256727365083995,0.1565940484680611
10578295,0.04255186210620136,0.08719611715300161,0.03792121154746493,0.0691068713523794,0.010995204821692183,0.3361306987882485,0.19971646873018603,0.07835907596097273,0.13802248973263698
10579132,0.014162541381808403,0.07425271205959688,0.054606174600875225,0.06260347867427801,0.022916399884556234,0.33931127799985034,0.2191133028072488,0.08814470007393511,0.1248894122155058
10579372,0.005458366760363444,0.07467068076894902,0.05966037503808039,0.05341406358169267,0.031952747383388755,0.36338416806189766,0.195299056939279,0.09384267342679135,0.1223178681379213
10579452,0.00280673738002828,0.09649949980193995,0.04077494565400388,0.10933714686541443,0.061504806598521373,0.3805763787332266,0.09153766921667658,0.10551266601666767,0.11145014909370259
10579754,0.0022080642747945847,0.09386378324204402,0.05057338241955899,0.08039370749805305,0.06299208692709246,0.3832703439403027,0.0890468604222158,0.13461403714441833,0.10303773487061917
10580098,0.011333397743571042,0.09810593560357755,0.04902900356945257,0.05605476468039375,0.02940858377076512,0.392483267493956,0.1484826829829012,0.11161062588317083,0.10349173950854258
10580150,0.007543383446325077,0.07002535765396793,0.0452666421965943,0.08528071820652655,0.03397473235631431,0.4150598151257032,0.12587334566509872,0.09612624811207604,0.12084975677861554
10580642,0.03425281737795014,0.08566419404934487,0.03492002707606745,0.07120022391719501,0.04151561795072823,0.4098430415472647,0.0930027562564943,0.10206247692302364,0.127538844523509
10580740,0.03850126428061858,0.06904254937302072,0.045020467800571104,0.06611180115992618,0.011774118366893778,0.36362682437637306,0.1827470140280831,0.09139277178816269,0.1317831891843351
10580745,0.03257139998833309,0.07580641356515411,0.04780134250675708,0.06449824462540933,0.008774239266471112,0.3692377012256498,0.1714995926198316,0.08938089187042948,0.14043017456788728
10580771,0.04416830483508475,0.06189171115209134,0.05220265959319013,0.07633785213526825,0.010077389113729995,0.38923840169400936,0.11638222363878355,0.10461353514850698,0.1450879220845434
10580995,0.02758751811360051,0.07332948200862358,0.06753557851929679,0.05749042443454877,0.01291701751067218,0.31982162674673537,0.14753695699958044,0.09309852172266218,0.2006828750967482
10581310,0.016124851528299632,0.07164473951683369,0.06116181436806921,0.05864978066371264,0.0197456727772162,0.36194506866693255,0.18138319137486308,0.09211385074134606,0.13723103054642302
10581368,0.04905271025605464,0.10866778305536273,0.04224312192278691,0.1326754062774933,0.06935487778401843,0.2914259020640876,0.02123174094877993,0.10862200867715703,0.1767264491838475
10582173,0.04705752864096317,0.08868435566267154,0.027319621987774104,0.053381022700799516,0.049744925076552086,0.4013603195416349,0.11107983026571135,0.09184803222100982,0.12952436476080623
10582418,0.12389852299942694,0.0689191366867591,0.025564071528407943,0.03628376990753508,0.08425738114215665,0.3426400574944499,0.10178541694013434,0.07331725977581115,0.14333438331233692
10583009,0.01575467591408727,0.0827389758634006,0.03269809981941608,0.05702555491789064,0.04491971258859037,0.3764528466495993,0.18643932139000854,0.09610576773404425,0.10786504416792068
10583434,0.009740415947345812,0.10482616226294907,0.06267843355761248,0.07477980566674328,0.02460427086358296,0.37921387988336797,0.11731976488617953,0.09861839576764182,0.1282188712138061
10583521,0.013760481726133518,0.08634650376460816,0.04129449701733736,0.06359710392918785,0.028711683125488583,0.30037364112180687,0.2555142808397448,0.08649906943232667,0.12390273958823707
10584210,0.017904574136578928,0.07439069534996542,0.06730279138389533,0.056640972253127905,0.01614686863482155,0.35941982629340785,0.18195234471649419,0.0874862744933098,0.13875565375287846
10584222,0.03039520790296737,0.07022701626025515,0.04858781497158789,0.06247913288473175,0.014113871144869155,0.3967036399128717,0.16218126429500235,0.09768459070153543,0.11762746165646304
10584314,0.0550454782504413,0.06123755650773067,0.0760197014440687,0.043505894084500986,0.0036696682929516214,0.1821266419099033,0.1669228422598683,0.08257766895268474,0.32889454875158625
10584430,0.05653430542546862,0.06264363845821522,0.04892960633828369,0.05836442203852462,0.005927487375538056,0.3113240812383516,0.2353238715725119,0.08469446076811131,0.1362581263828164
10584519,0.01138403450698045,0.10668571623423873,0.0567878612922758,0.0517541040527795,0.03318305242546102,0.389689277601543,0.1317851786921408,0.09620267624102294,0.122528100373068
10584820,0.013564014995717808,0.11705281618923553,0.03350419302389768,0.04374816415163829,0.08517233918738004,0.3814958600745433,0.10630887575543761,0.09027080810323244,0.1288829292731721
10585136,0.0032270938970567487,0.11480616462785632,0.05353326915920401,0.06931712696976686,0.03755842770127273,0.3916448743282389,0.11668332860953598,0.10621865522684264,0.10701105821425282
10586849,0.018406298170125034,0.09503245939481982,0.038258332571740286,0.07714869678293587,0.029523845054956536,0.4109463079678648,0.12941829586556075,0.08887212729310687,0.1123936366262126
10587734,0.05092612868797919,0.0863062427414603,0.02770367818181684,0.05184069016121892,0.05754793654138307,0.36450647518603124,0.15626333700596307,0.10616478325660847,0.09874072738729954
10587840,0.013995647740056094,0.08640628418797067,0.04538253972733797,0.07716024934560423,0.024786548905593172,0.4093161046639242,0.13720956806460147,0.10067261798273298,0.10507043960760296
10588529,0.10928071273621083,0.052794107980398644,0.05870642055790236,0.03462701918244407,0.003549422585261706,0.1361164446216103,0.39101261086305283,0.07403252064062957,0.13988074075607745
10588664,0.09693225003611669,0.05137581546376294,0.0522384455312171,0.03910240358110219,0.0026852408624764065,0.15590134861844773,0.35529098440777124,0.08028203337353375,0.16619147752328997
10588792,0.08243684812464312,0.0516804524738925,0.05722783520030154,0.04074655495306619,0.003546641826363869,0.13634254596188236,0.20427087808510092,0.08557836173396324,0.33816988187338226
10589349,0.043517837000622984,0.05817906875022177,0.058674962628940536,0.061617749830735674,0.006500588040077947,0.16163259430039337,0.17567431608150522,0.08484490095779887,0.3493579820679027
10589410,0.1088512866756491,0.044810124224656876,0.05375478859838516,0.08212876334529921,0.005918604416286102,0.23779233412662582,0.11456002453329958,0.10018065613039202,0.25200341727680203
10589411,0.05952674215574783,0.05501477082781855,0.0445985396557814,0.04841637471870764,0.029398222952936114,0.1914505688861117,0.1391504282857174,0.09826057265568124,0.3341837801642471
10589472,0.0870602926132934,0.0437394243803592,0.05166849638891317,0.046142688915390695,0.01892403345352344,0.16943037230985344,0.16704155247780247,0.0917685381506846,0.32422460089570104
10589485,0.07633903306874582,0.044688827152355254,0.06164753160729506,0.06127813884908645,0.022559280627734192,0.16657202317897515,0.08903885861166257,0.10426256774331898,0.3736137393979645
10589763,0.0029847360310969904,0.10181459641003619,0.053541418253043184,0.067495446978544,0.035427750042390405,0.38880095122783054,0.133467473733991,0.11043059732195466,0.10603703084570616
10590733,0.015344807574567281,0.10985136540725138,0.03706120012756794,0.13346495697569266,0.05171712881739826,0.3785043672459848,0.06846782495569786,0.12570868782342726,0.07987966103492672
10592587,0.1505748976306171,0.06928587523994645,0.02474378023675018,0.04163848526870337,0.09623898517271624,0.34251200464494763,0.06828947097390012,0.080820516029464,0.1258959848214649
10592944,0.007453075680878108,0.10535911168778983,0.047271865160260315,0.10818621392506984,0.06260749198802149,0.3738987828543011,0.07120876008374433,0.1044697068768491,0.11954499207996265
10595034,0.02844767058494394,0.09852145798204866,0.021854290800784364,0.06089467164365359,0.0628679717848259,0.40932058985767084,0.10079544434617276,0.08928479951059555,0.12801310411799802
10596119,0.01032297658355146,0.10865288714204237,0.03579314412809142,0.05593454366747953,0.05172473035704337,0.41499584427227665,0.1262779768276204,0.08923317089617,0.10706472533743122
10599481,0.014125583196661202,0.09085189759734123,0.03673413720016758,0.05557945604594901,0.04413724636602352,0.39124530972130045,0.17231263665094754,0.08340744157230157,0.11160629164024838
10599552,0.11738930817035514,0.054880904116181475,0.03992228637580361,0.04650757142252094,0.020495605381190055,0.32283349882800816,0.14712598266762336,0.07571361776310473,0.17513122575669895
10599609,0.0949639380253463,0.05339651638679609,0.0610088847339326,0.04842468950378066,0.0025319670358391606,0.165200791576183,0.20832844266741435,0.07317742500310635,0.2929673452101811
10599643,0.01789886454792233,0.08313593831430045,0.054254068269003634,0.06062068750250127,0.024168997995133445,0.37054553686564073,0.173720030581176,0.07443893053739278,0.1412169453108992
10599718,0.07763001997684377,0.06472515655970044,0.031825579110694856,0.06241267070397054,0.03027794246716734,0.34733247542543166,0.11323235328125125,0.09577137280866048,0.1767924297749242
10599755,0.053520004547328394,0.061643492310461324,0.046915904434033665,0.0630933012757188,0.007048769150229609,0.36500042708860964,0.14761991977891376,0.09735297466835555,0.1578052065749714
10599776,0.056358586701211966,0.05822926856193827,0.04546846431899413,0.0702568703765914,0.004823928471585564,0.3731737138666709,0.1397729656162958,0.09274378273213632,0.15917241948706343
10599823,0.03376230377909413,0.08382945852639616,0.031344547640470184,0.06363984948839388,0.03082811327228242,0.39396509867984597,0.1507395936394288,0.08478084542197203,0.12711018908696078
