track_id,Clutter,Cormorants,Pigeons,Ducks,Geese,Gulls,Birds of Prey,Waders,Songbirds
6868504,0.06682809302655009,0.07475787595825366,0.11719743626274105,0.15228617693194688,0.3055631355683587,0.10641454110661094,0.007413281051569941,0.08329672077872874,0.08624273931523994
6868536,0.06503871161390931,0.0868648568758309,0.17213540257608734,0.16522775123330488,0.18464318006286198,0.12497410832979994,0.00803945732631752,0.08690099763220947,0.10617553434967858
6868565,0.04471652917566073,0.09692092434972978,0.07057291436085071,0.1357951858863444,0.41532900793477284,0.08798995921247629,0.006944131043130083,0.07805150767955137,0.06367984035748364
6868861,0.02120236124727312,0.10605423011117396,0.03379230521845625,0.10490064481384705,0.5410742782910377,0.07244783985814911,0.00951047546813986,0.06225922095460863,0.04875864403731425
6869275,0.0120446514309806,0.10650147060776718,0.03412307015955645,0.08323923129276332,0.5524249503647829,0.0806753149979243,0.013593063615746418,0.06358543033033126,0.05381281720014761
6871418,0.03611041780741357,0.11500748464429848,0.18797872694791498,0.17444183102923372,0.15689355262693197,0.14371413095457083,0.01574367503936942,0.10753992611268609,0.06257025483758082
6872996,0.22264962410588893,0.04451244468927522,0.028710615049014763,0.025607063040065978,0.07309073884958076,0.33097357532484306,0.11408127189863589,0.03988960771596359,0.12048505932673184
6873817,0.043086315923285455,0.1061493155344501,0.03582010116661963,0.05218148238029367,0.34252830137845314,0.2544594470643389,0.018305359093739,0.08350951431326109,0.06396016314555893
6874023,0.009896069711607145,0.10171490971803687,0.05499810191690723,0.06064085138000643,0.05889358655066376,0.4738269032910012,0.061274340848378364,0.08951309995090011,0.08924213663249884
6875504,0.012761997291354516,0.09305196771639593,0.07385692581415125,0.052066594256427325,0.03631694343051624,0.3136421394187493,0.0833183600364729,0.07039571481324942,0.26458935722268306
6875899,0.01537822875887749,0.07613886074368255,0.04296770475005411,0.04078368534331507,0.03188235440571376,0.4413705979999728,0.16673799790304922,0.05294618662881036,0.13179438346652478
6877293,0.06674746469870704,0.08127891930519611,0.06803028475290893,0.07129792100989167,0.02275365664655239,0.0931791812330072,0.04741474155354961,0.0619364476429145,0.4873613831572724
6880408,0.025810767289460926,0.08519219524920989,0.040955205886238785,0.06571163139548437,0.029668687839994767,0.4524850509172818,0.11098204221555795,0.05620823834887843,0.13298618085789302
6880690,0.019887836581397016,0.07740627621835146,0.07610364633756249,0.08640636414768137,0.027602917260188292,0.3611088760763153,0.05443541939415482,0.07497601507956277,0.22207264890478662
6880833,0.04374018296665368,0.051978378069571715,0.06968224841883364,0.04922399267633203,0.01137797289314991,0.10243616063197547,0.2159225687449934,0.050942984379849954,0.40469551121864017
6880956,0.004943147245081547,0.08470946546164405,0.0421260671420611,0.03927013727630722,0.040108194329990944,0.5424537222283109,0.09294205736437129,0.06458076158338116,0.08886644736885156
6881733,0.031782944500974734,0.06610251320722932,0.037580289562248924,0.03552342490184391,0.017522457453498303,0.10580589479579094,0.5715367676285932,0.04854396051232826,0.08560174743749262
6885154,0.06414015698013721,0.08462971747209169,0.02469341395179569,0.05374609756016659,0.047957479880571,0.45024417809100736,0.0699817410788249,0.06634501514129085,0.13826219984411464
6887294,0.030783056644615454,0.07292425495741689,0.04794928187502689,0.04272536130692165,0.05054229872401008,0.30764020272181414,0.0610303047114629,0.058599468049552836,0.3278057710091791
6887586,0.0605260461816554,0.07080362578803596,0.06711494471408003,0.06433584290094854,0.016568505803226528,0.14064400083461506,0.046213608392458236,0.062172049668554254,0.4716213757164261
6887600,0.04739360171038187,0.06121668562211939,0.08954789787252726,0.07201479201321424,0.014612620492931296,0.09949866778862147,0.04413553642864203,0.06129765522420554,0.510282542847357
6887637,0.04718465978714609,0.0987541411562439,0.04885436504685096,0.06327723997791825,0.06712754510409207,0.19530062157689793,0.05475183000912508,0.05687605857918642,0.3678735387625393
6887702,0.07499158112112657,0.056794614929969726,0.05843947216850693,0.045543457038161414,0.010034443823814188,0.11414825783260524,0.09409227746660949,0.047654131548289416,0.4983017640709169
6888243,0.032262767034390724,0.09310700201632303,0.05996816816931774,0.06314030610716045,0.055792949151791664,0.15701583722197118,0.045879536295646284,0.05829073517951697,0.4345426988238818
6888737,0.023548160904924367,0.092877738305968,0.09169715315599188,0.11327346145209023,0.04245134747573492,0.11581309861150908,0.03506691159791618,0.06710183605448972,0.4181702924413756
6889024,0.06707446507193635,0.056468815033718124,0.05354940174686549,0.0324283557070481,0.007402734037312218,0.10555499118507308,0.1606670737913025,0.0444223865465797,0.4724317768801645
6890285,0.04820073528527266,0.07872159758711347,0.03457227792627794,0.050798370243815213,0.02405347732113573,0.29166251345560723,0.3186983605681163,0.04657293207030711,0.10671973554235432
6890416,0.04705853560531643,0.07045274279113435,0.07001949654064925,0.06326432242536223,0.01802889656931682,0.17203225395542374,0.10052725526737444,0.06740940395854542,0.3912070928868773
6890579,0.048315887467585056,0.06417531179865665,0.07545664769936442,0.04284421372845942,0.010334843803784128,0.09756053017006473,0.12171858854680398,0.04630476177104145,0.49328921501424017
6890917,0.04962468283380535,0.05197413038660386,0.06377253453102755,0.0384165868020428,0.009513191599953308,0.12348708754184406,0.31584105238418275,0.0612852574700025,0.2860854764505378
6891091,0.05132495639526496,0.06567919829367583,0.13141672296082563,0.12968345852142651,0.0318894661506154,0.08263588236699809,0.030460034063924713,0.068981095291801,0.4079291859554679
6891208,0.028201663418927873,0.06170039971496639,0.06476576541227275,0.04725334422341675,0.00814020115405855,0.11752876047697319,0.1120877162409715,0.049559408343421416,0.5107627410149916
6891245,0.031245672929862862,0.05939555065386189,0.07270814254147134,0.03988066926127903,0.012786655524490787,0.11488868378635526,0.21781256922820422,0.05199496006688527,0.39928709600758927
6891309,0.017373496231272118,0.06371705081512595,0.06111634598531215,0.04641821011048258,0.01600703054678443,0.11241804537415165,0.12088802173844812,0.04940656280143646,0.5126552363969867
6891366,0.05916035725640519,0.04782157098208539,0.0539568324141639,0.03440857172194439,0.0059302662627919965,0.09811251916993215,0.1434674464571994,0.04888747506216416,0.5082549606733134
6891473,0.038599946283478744,0.0646896523950805,0.08852384116391303,0.07204554017479135,0.01589910230485749,0.1313344670765323,0.05678315008247596,0.06327812642334046,0.4688461740955302
6891484,0.02544268195993041,0.06307279275236369,0.06920339031635582,0.05271685029989208,0.007145138069163561,0.1032843141621849,0.08248258185092613,0.053858467776439115,0.5427937828127443
6891531,0.04769800942706139,0.07254096980798577,0.052488944302784106,0.046913047830242735,0.01483298123422618,0.15404405988203176,0.21941851981954422,0.04972750500724027,0.3423359626888835
6891557,0.05453932760639018,0.06616254893140656,0.12108174306343182,0.05136681897404906,0.016564311978196522,0.08835474674860619,0.07354368367281415,0.053481722779879844,0.47490509624522576
6891579,0.028891429006057005,0.06639390380747687,0.06117714947735507,0.045569360476399916,0.012001568111078668,0.10261332832798375,0.14877825868699604,0.04879803245542991,0.4857769696512227
6891867,0.08139991885278818,0.056529302693362996,0.04438386954574218,0.03797456515867481,0.011515495553165778,0.11207469758994285,0.42976474112668656,0.04433244157239976,0.18202496790723685
6891888,0.06915861288037486,0.0521227882879603,0.06576195341216233,0.05281734102398757,0.015090439045809097,0.10303335006419691,0.0903211468082971,0.0591307980553054,0.4925635704219065
6892297,0.07529606522371599,0.044828568169314964,0.054681652629701996,0.031153879323571016,0.006450219349983972,0.09665900266851186,0.2615921709672251,0.04797625913082315,0.38136218253715193
6892562,0.037133783391343045,0.05369049034255712,0.05877763593537436,0.04353181870398221,0.009205961344941439,0.1074652353567294,0.3195832433545514,0.05455558553527687,0.31605624603524407
6892587,0.05932125350831997,0.06028806158295667,0.04839790330785152,0.042070898063747454,0.010131643959121465,0.13186714750610976,0.18719584515373391,0.050814657102055835,0.4099125898161035
6894293,0.02376139049300434,0.26408605742513874,0.06248872704304735,0.15972452581862318,0.14722580106623578,0.16896432811228915,0.01567366391488261,0.08104776798314492,0.07702773814363403
6895609,0.02694601510723709,0.06831714471297162,0.14623390382818643,0.09586286501215195,0.020795344252782923,0.07525632729697072,0.04886231287448544,0.0710908780023542,0.44663520891285957
6895723,0.03158524872124831,0.06652693269642085,0.048328870909544595,0.03788085518326174,0.01736793654519543,0.5178470876425306,0.11451521596849563,0.058736596584607635,0.10721125574869497
6895905,0.01184826111702102,0.06820354914747133,0.05128147875230692,0.04020317029376718,0.022391564830928315,0.46682700786614895,0.15414177874042362,0.056752829400326166,0.12835035985160656
6895906,0.040454795524075327,0.06774656873243957,0.0631846860772091,0.041627541850264814,0.012035564243017077,0.47453076919931303,0.12082766884688438,0.05547999782328032,0.12411240770351638
6895927,0.03337741915740233,0.07418019158282864,0.05481651054068002,0.04213153465224144,0.02176316880009307,0.516216178473362,0.09894409390628482,0.05798176446796103,0.1005891384191466
6895938,0.011769465646334723,0.07026271413231581,0.04787447347733538,0.03767733964668267,0.024779972580616334,0.4413661971791808,0.20110453848373208,0.056735691724918394,0.10842960712888376
6895939,0.014013141955426831,0.06544758053235357,0.046569611939051195,0.036557214178497444,0.029019325287995484,0.49917507535637623,0.1282400307250086,0.059196118467187114,0.1217819015581035
6895948,0.01000542105109974,0.07188518686484646,0.04755053037058463,0.041422309472755645,0.022067497716410346,0.5051259972075834,0.12336589305647586,0.056493629996073665,0.12208353426417012
6895973,0.024685494037312846,0.06954307203804312,0.062213434583314506,0.044445859559790364,0.012203183791574234,0.46848816847706737,0.12273186826010538,0.05928144027388638,0.13640747897890593
6895974,0.015663477538480845,0.0661999465158624,0.052270142959750576,0.03950071743239103,0.02010799362943216,0.4576327692066757,0.16472935299740962,0.056466861524318304,0.12742873819567935
6896754,0.030033842113469232,0.06719364047581416,0.05352104271220725,0.04500118661269109,0.009976860724959662,0.20011062156112058,0.15683702467539068,0.04968420099224901,0.3876415801320983
6897915,0.018693497145279396,0.11508741316305111,0.135503424075084,0.13335627547574758,0.063333456350437,0.15794696694659996,0.053907958109005595,0.1283147089443068,0.19385629979048855
6897964,0.05859873485417706,0.08017297945857806,0.07535779093973284,0.06649691821590092,0.07834551974882929,0.17647697257751638,0.03888886374037322,0.06585948791484805,0.3598027325500441
6899282,0.04791616314772875,0.05576063739278207,0.05660756483947836,0.042768482873272666,0.007341903592280145,0.14622483649520585,0.3100304422618677,0.0524869619544359,0.28086300744294834
6899294,0.062166190576684745,0.05542835313710694,0.04498107262507514,0.03977101681129168,0.009259042475890523,0.10440290066033088,0.4201133399926537,0.045444494172877485,0.21843358954808878
6899376,0.0315416014289339,0.07036148075416566,0.07327063514663781,0.04823345567560295,0.012847785081581088,0.0989794699271033,0.1329482111555116,0.050239136930232825,0.48157822390023103
6899506,0.042709371026486254,0.06221549090448613,0.03396713163820138,0.04099673189967756,0.009672640490710933,0.29149114972813045,0.34015302922483576,0.049073421787243686,0.12972103330022788
6899530,0.06177129755535165,0.06376150082691896,0.07262848000365918,0.0793576435104776,0.013482329314447443,0.12413296292921129,0.038847646912731876,0.06906285436641978,0.4769552845807823
6899560,0.05975373057418164,0.051331096895757405,0.04978057516126066,0.05867518093528282,0.0055635497086238715,0.18297974084302182,0.13483835262248106,0.05672190341947484,0.4003558698399157
6899670,0.04820205475472349,0.04724225541948953,0.05661963930773806,0.0327418504877596,0.024477073069617016,0.15222723612115507,0.08583242253276915,0.06438766331110857,0.48826980499563954
6899695,0.038025370802370534,0.06957343359316505,0.05466624254627615,0.04969458804733286,0.028956226356805823,0.14186640169606993,0.05666778574611483,0.05960632296762101,0.5009436282442439
6899730,0.04573389954656281,0.05794412444073274,0.05121049897608038,0.04051892870692022,0.024595453990609903,0.17891588042371842,0.14898825871007362,0.05558005841094673,0.3965128967943552
6899754,0.06699608578003174,0.06287437378955466,0.08941319591506562,0.09397139735189458,0.03813990341540453,0.1093997874514949,0.017746170313739536,0.082119528462593,0.4393395575202215
6901206,0.02383661869996672,0.06950106014301607,0.06640378757957804,0.04992050746061316,0.020443598176522398,0.2387463665043452,0.25090600457391427,0.059150149251622645,0.22109190761042138
6902131,0.008707537019913432,0.07429072619111053,0.04153562045792223,0.03705229754609745,0.030896982024823577,0.48740312400743924,0.17528698636636192,0.06047063535588999,0.0843560910304416
6902271,0.027389261517261256,0.08860198631293291,0.061418423154036464,0.08042264617712641,0.07742074589983503,0.17333056655285514,0.028795204480364867,0.06923700375038813,0.3933841621551999
6904326,0.07597567974314133,0.04306137734242204,0.06052953898773956,0.04704833511349156,0.006200686505481003,0.09612004659902021,0.09884995123540577,0.05115332331439491,0.5210610611589037
6908023,0.009671896297593255,0.10887816403831235,0.04467968936884004,0.18610695430509727,0.10243860023417412,0.35506790685567485,0.04560571093247728,0.09419035121879746,0.053360726749033444
6908625,0.021545967904975313,0.06364177373376027,0.055439099682873076,0.0443730981236653,0.016523439123612354,0.27005688057754934,0.2727954645297113,0.059124594481220816,0.19649968184263228
6909657,0.044558111999582074,0.05728422081074313,0.049360531345000194,0.040980998206047524,0.009561740139894113,0.10342350976341261,0.1560651897665553,0.049294953892829334,0.48947074407593566
6909786,0.07172428868444175,0.044450541576434896,0.05291354462244361,0.04896021512851272,0.010333641021211547,0.10939936846400393,0.13036227338737716,0.053806934698512464,0.47804919241706195
6909952,0.0566415085267336,0.060915564637045685,0.047916256435078054,0.037556291175017256,0.004140813851949873,0.09714797243395917,0.19770410262666263,0.044929760416832366,0.45304772989672143
6910003,0.07026230637059806,0.04363559246853447,0.050364757859162036,0.040788565695941095,0.0058837391990369595,0.0956789063695287,0.12215233802897957,0.044377725879929095,0.5268560681282899
6910407,0.007240865011855062,0.08092571629359505,0.024318632945527434,0.04735698115344848,0.04458493375747486,0.5734245973238821,0.08509884949778765,0.06543711869666949,0.07161230531976005
6910422,0.06637568587354092,0.048108771755462625,0.047972233540558094,0.0499726172052769,0.00848608902930916,0.12077912695615345,0.2165000072080309,0.04640390668749326,0.39540156174417446
6910425,0.0772264193020831,0.03809131263397616,0.05132391716689225,0.03898614512018627,0.005126416639054769,0.09604975166081203,0.13280127032282693,0.04403165736624886,0.5163631097879198
6910560,0.05125874516616981,0.05104149264837042,0.09352546298522649,0.11736752750139584,0.021984740959391284,0.08934407601174064,0.04977005171647452,0.09332528785387502,0.43238261515735615
6910590,0.06386579728885723,0.03990987289508805,0.04980693643053088,0.044932479937470945,0.004379156725938312,0.09464626926208458,0.16819165597290034,0.04425648001892428,0.49001135146820546
6912744,0.005397217494400961,0.07805995360235275,0.030239756823067752,0.051315272415116124,0.04624335102367909,0.5698574335702008,0.07276712029481026,0.07529081524557907,0.0708290795307932
6919118,0.02813939062227386,0.05828849946249521,0.06717973956693395,0.05260284131290216,0.018543879234014706,0.34712777862471544,0.16363967459001014,0.05243439696372911,0.21204379962292536
6920152,0.02793013283382348,0.05864255654907127,0.07934164548301297,0.04961104819745662,0.015683615857542188,0.36178188071977446,0.14338738449629415,0.052136671078904795,0.21148506478412016
6925791,0.012116759423931145,0.06698775470972056,0.039314867359528285,0.05864356278625605,0.019037598819047184,0.5244644645279142,0.10753850787363733,0.06558945329191365,0.10630703120805146
6926246,0.0569854557367285,0.0557171696708357,0.036136132286525784,0.040792970028942714,0.02571405053309528,0.34226321524113557,0.29479927456786414,0.05038812835264045,0.097203603582232
6928841,0.02902681357660394,0.07990964611537718,0.07880438663333814,0.26539810593031227,0.107247028297631,0.09724642841562152,0.01977217251286964,0.2602358132451261,0.06235960527312015
6928933,0.019683679178686415,0.059994282547221015,0.033701573106189986,0.03630526985800312,0.0628297571165861,0.5024533291451094,0.12199937553154792,0.06229955105999251,0.10073318245666348
6937241,0.07635356157787614,0.04376833460792535,0.10242286494812125,0.07842898932871631,0.014793535273945956,0.08520351093227908,0.047445265282523706,0.07555853150405076,0.4760254065445614
6938426,0.008160127463240682,0.06923559009002242,0.03898468607675227,0.04127173058292548,0.032536059160086575,0.5487492173187786,0.11667797651297426,0.06051838059226801,0.08386623220295171
6938530,0.011089129131429959,0.06929921770154478,0.03452563612306414,0.037890461263766266,0.037700472696269395,0.517090442905972,0.1441849431811437,0.06314661754355658,0.0850730794532531
6938682,0.018111202617633052,0.055755201751022124,0.05195195317122321,0.04211415023456304,0.01111726199286967,0.20696648165882395,0.4025050927612554,0.05456871340954418,0.15690994240306508
6939166,0.00868324921609326,0.06925541311038397,0.028958145403142534,0.04139626541106324,0.03723075462863484,0.5515259689803874,0.12062117030530946,0.06224211943090725,0.08008691351407816
6939222,0.027521344650906134,0.05555337211893358,0.049583927733132235,0.03473460923446222,0.013395941733489238,0.15081030190730718,0.4945277047730293,0.06563956594980477,0.1082332318989354
6944591,0.057104730770935364,0.05001790512822352,0.07051582256777253,0.03286080835159436,0.00999012385045093,0.319399506587946,0.2807486084636139,0.06015015565075982,0.11921233862870366
6947293,0.01040321552456985,0.07348936876790982,0.054446521009138445,0.050437881472124295,0.03215839896212103,0.5416947124239957,0.0634167833848301,0.07943477132754873,0.0945183471277619
6952804,0.024217471198190364,0.05730261842942764,0.14886238777539282,0.07340403072439318,0.026324440969034826,0.31966856067600363,0.0646520803578718,0.07754956317468537,0.20801884669500031
6975207,0.013624013152321245,0.04730026311364869,0.05972155539840317,0.04752320784855032,0.02865214727953582,0.5578513385598264,0.06809529279387488,0.08583781456975889,0.09139436728408067
6975472,0.007113000523742931,0.060719894006797594,0.04850023632590888,0.043171668671511655,0.024540543033471456,0.5699940005683044,0.08179202474643878,0.07706074616155868,0.08710788596226547
6975490,0.009884490009661623,0.05273533596449119,0.049715268152182183,0.042525982509726834,0.029042923115437814,0.5711493691243035,0.07000821303732156,0.08317226132112648,0.0917661567657488
6976427,0.0070439892331526826,0.06332421895980583,0.04391274255530804,0.038223582986545546,0.03083996941725347,0.5724020583601167,0.07486675255898281,0.08351067074115814,0.0858760151876767
10551287,0.01218031953355652,0.06079909269366735,0.033877681072621776,0.060126181328944935,0.027940180445973503,0.5524297277873694,0.09506966333579348,0.06775966200453738,0.0898174917975356
10554874,0.4085247811973968,0.044032438928508576,0.03550145911800105,0.029904991304145315,0.058533478540772475,0.16563166135741988,0.1099535554765893,0.0427277878400763,0.10518984623709028
10555071,0.03269034784673256,0.058075497272023525,0.04602509768499193,0.04595245587026305,0.018267050064139766,0.4441077764711005,0.1391363225972143,0.06493547681978849,0.15080997537374569
10555459,0.02323801030242796,0.07158522576502781,0.07623644870771862,0.046989945178958596,0.03532349703742668,0.31703999043121334,0.08252699840917352,0.1546269244660762,0.19243295970197732
10555968,0.061333119296123256,0.0787033933705345,0.03892864321867304,0.13833588512777076,0.0975534167890635,0.3265151799247589,0.014907464339365297,0.10279136669931754,0.14093153123439311
10556692,0.0550976902354411,0.049634161039971474,0.054363737020748044,0.06526416393876655,0.01854260464113495,0.2185364616675196,0.12826209877897213,0.07616882145865937,0.33413026121878675
10557065,0.006770865099402116,0.07425028956458492,0.025000904130368325,0.04853638269656134,0.04340236337579673,0.5667529545684923,0.08663971878067352,0.07064214675019412,0.07800437503392654
10557235,0.010122260516496189,0.07138623165736788,0.04367902915389016,0.08803307519258698,0.04499025654580628,0.5160725776337438,0.048579881700969794,0.09567266563621596,0.0814640219629229
10557310,0.03189027043541233,0.07964241616712338,0.06074269951228316,0.05060452223076849,0.08326606331154518,0.3896270093575627,0.04226496344349847,0.07083652814585643,0.19112552739594993
10557603,0.02383203863619091,0.0640988825019029,0.036587737268175366,0.055537135992715383,0.02992386877545971,0.5190381758264737,0.08812581778168646,0.07160308162429632,0.11125326159309927
10557649,0.0057450662411020524,0.07237983487878037,0.04518187534034681,0.058793151935659156,0.03224947737181554,0.5599889279101684,0.052822186505949595,0.0875502764492896,0.08528920336688847
10559369,0.028486456819308996,0.06302552728744142,0.03270507124930701,0.04448603181837532,0.03544019793982573,0.5406369016803602,0.09813189357726138,0.06365340649649691,0.09343451313162317
10559516,0.01583544997108543,0.07776099793581062,0.024510373982852777,0.04385519087908117,0.05871142188013049,0.5350850565421515,0.09077625997583604,0.07003684989035733,0.0834283989426947
10559765,0.013864114656733532,0.0769788777459971,0.04276237317108311,0.043320280632989296,0.02866374594024312,0.4780782935950021,0.12032717920754249,0.06854211899816717,0.12746301605224206
10559904,0.0405096871681796,0.0626142699763077,0.02724712099526476,0.05340231182677941,0.03915017865950864,0.4977075759636051,0.09720361482078553,0.06934827129196708,0.1128169692976022
10561136,0.03558118928733094,0.07435008754178166,0.02884906019306747,0.04661465742391983,0.040489572351783146,0.5351011540661224,0.06146505102126589,0.06671940563638808,0.11082982247834064
10561583,0.04195233261958552,0.05141225020790405,0.04560167557319979,0.045936543753389826,0.009675350231871691,0.5041984204763947,0.09864251174330654,0.08183753570975072,0.12074337968459704
10561870,0.005561394305136653,0.060440096455273984,0.025406335943712544,0.04752218801402822,0.0330534325060107,0.5451855604878972,0.1306063790734163,0.06824446001790294,0.0839801531966214
10562711,0.027895426167374275,0.11102648227109223,0.04713708729880554,0.10878186786827619,0.13167582821704413,0.32103824236982875,0.02178786097002172,0.09608049086466895,0.13457671397288828
10566953,0.007894308197517255,0.06245701913495526,0.039131444399772876,0.03809554304512584,0.023373658487290193,0.4221945496052924,0.25428529633506775,0.07194014223702758,0.08062803855795089
10567563,0.06274874609246904,0.07195584170643211,0.029077853635178133,0.031028571150820916,0.047241991459316436,0.4777194905500455,0.09493285114996661,0.06410514064757529,0.12118951360819578
10568512,0.045111772474974415,0.04975870333675845,0.04478328860959359,0.04858835907715542,0.01716782697316222,0.3399534260459802,0.26597102533245326,0.06432511891732047,0.12434047923260193
10569249,0.01760598441041988,0.06990263801490676,0.03452778270370778,0.04847051994628144,0.017106179032583643,0.49130610063100055,0.14640742464953985,0.0639589350167475,0.1107144355948125
10569900,0.024324041092102094,0.13086450313080608,0.04788434545716037,0.11967969351801233,0.3614401247784385,0.10409616586923373,0.0353219212646261,0.07746088970025462,0.09892831518936611
10569996,0.026038322520074333,0.05861712656838769,0.03618588041192547,0.048714271565829144,0.01823037277672461,0.4772854778422408,0.16312057896849175,0.06715187903558052,0.1046560903107457
10570047,0.008347094713125404,0.07492901046511757,0.032978004454208544,0.05436700659365848,0.025492356972454742,0.5556893514900771,0.09690206347039283,0.07123621540006761,0.0800588964408978
10570186,0.028454719280052,0.0759191176670453,0.021447669108292225,0.052723381562335934,0.04817669358671183,0.49697486171682265,0.10721384837745047,0.06669822873234399,0.10239147996894571
10570190,0.00967228578351735,0.07555999988027606,0.024140200413669505,0.048319684703174694,0.03376260047068782,0.5233137482064142,0.14753379021253643,0.0638338175782202,0.07386387275150375
10570281,0.020371403225828623,0.06786685791227745,0.03287060712404508,0.054104105016304145,0.022643366961774727,0.5125930084650923,0.12939574710433005,0.06656540708844194,0.09358949710190585
10570444,0.28944715177172103,0.047941769922001304,0.02810994603640397,0.06320724468871294,0.048925439261383326,0.26914133954864994,0.07709543499692087,0.06748590143694765,0.1086457723372588
10570516,0.03616300702958501,0.06542383364977937,0.03233226396663697,0.04736118416054874,0.03767047938857262,0.512760800633402,0.09063246973196612,0.06924895868782349,0.10840700275168569
10570563,0.03491840283905888,0.05851231941022855,0.036954445784240765,0.05060809865487018,0.010370182959745322,0.3819064402548075,0.2201398630953454,0.07242640596305519,0.13416384103864817
10570908,0.02268853342198847,0.06310287947840006,0.02896555969514211,0.05151960425937107,0.02038170387286432,0.47369852710622845,0.17073508150529926,0.06893871699068128,0.09996939367002482
10570962,0.025858846721802844,0.06611994685015411,0.06057331528816769,0.04097427094597205,0.028436988870496102,0.3158925392034879,0.10667000211188532,0.17480017812895648,0.18067391187907753
10571126,0.06712383642922526,0.040722722029406286,0.048074214665005104,0.048176741771063215,0.011102553348892666,0.40120107532492877,0.14050523843719487,0.06879693151732744,0.17429668647695643
10571129,0.08860784282822899,0.05314901357454671,0.031134019663984866,0.07104296443737577,0.03281546680062899,0.49541124441913975,0.028959887812904195,0.0893747277465016,0.10950483271668923
10571130,0.05695957594848295,0.07029112612611373,0.046725075712080046,0.10413097756307846,0.045668197512502666,0.2916529186103206,0.020945533222409895,0.10515316335119594,0.2584734319538158
10571150,0.0560773596345109,0.058374818493503115,0.0284128724009819,0.049614809294125574,0.033665072608370365,0.5201030316955856,0.07407447491028868,0.07030409488293993,0.10937346607969405
10571157,0.0595472634501448,0.042613910130404865,0.04520110666718964,0.039448487989338615,0.007024257711628612,0.37378972956833356,0.22899475805655042,0.06979129348498915,0.13358919294142035
10571249,0.024392800089918565,0.06059967408181639,0.035091887359443186,0.040712143620024274,0.014095500048276572,0.5239320742150793,0.12237389635522937,0.07122029413350936,0.10758173009670303
10571563,0.02428271737669972,0.09866000200619517,0.036824008868701776,0.047731052187051724,0.061645895570424034,0.45235157710550494,0.06971713922142427,0.079154702801109,0.12963290486288923
10571600,0.026047006307198594,0.07241308121080754,0.020477886902123734,0.04493232165656064,0.04143826846082761,0.5436299635995628,0.08401479258220197,0.06707118289297574,0.09997549638774116
10573894,0.027286758037967627,0.0661388595130735,0.039402682254814726,0.06355109502795322,0.016927392542185518,0.48543905913973434,0.09981334575661209,0.0876288287271978,0.11381197900046124
10574347,0.05131816942515391,0.06142955517510914,0.04004999783690767,0.054994718362748427,0.015502314277476743,0.5183596038837983,0.08483761163447817,0.0714886760103538,0.1020193533939738
10574370,0.037593463695726574,0.055185846221162356,0.0399348875353107,0.054895623033347295,0.011919501576325162,0.5269886658972804,0.09810708005141126,0.06778038851222942,0.10759454347720675
10574372,0.04294220751916107,0.05248268364266554,0.04404312239713569,0.04339036042939265,0.009386778008571696,0.443551093413169,0.18274053722770886,0.06763923439410384,0.11382398296809175
10574408,0.05264875764050774,0.0737931572024513,0.03313691193086743,0.08315042099020441,0.05520752075363007,0.4786068200412555,0.02170679422709831,0.09526470799373081,0.10648490922025429
10574430,0.03786967614048711,0.054966742366446074,0.03873441485398152,0.053414512294607495,0.021012145926286876,0.5187359068634081,0.08727423939485837,0.07154316243379356,0.11644919972613073
10574439,0.04660667000759073,0.05073668478054546,0.04171287076985642,0.05706316291202089,0.010375712467867608,0.5323131862591277,0.07760774977180301,0.0832409836026232,0.10034297942856497
10574456,0.04437866226699398,0.06816527168435542,0.028637612725395778,0.0518060630283055,0.033627251332726045,0.46806688511095773,0.06453413374603698,0.07547396393530306,0.16531015616992553
10576038,0.0884865828401694,0.03620204262591824,0.030956619245960333,0.04101779794759115,0.03949580653672872,0.5007393286972094,0.09307387449817851,0.07553476756264764,0.09449318004559673
10576770,0.048895981486199294,0.0563734403580255,0.03336714927507221,0.07194645428083758,0.01173264130759487,0.5038922249665684,0.07219286823427054,0.07467373933582545,0.1269255007556062
10577118,0.012237120821174624,0.0696186419773696,0.04486667922212624,0.04810410765322948,0.022198597613664675,0.46887937526621953,0.13129927706751202,0.07951354723975107,0.12328265313895274
10577354,0.04056899152463232,0.04234913675762732,0.05035138889119438,0.04459334717957694,0.008035580062467905,0.42006070286528313,0.23102193160923848,0.06641252298745559,0.09660639812252399
10577622,0.012067844639239855,0.07377523013720796,0.04410946345457004,0.04382350517371418,0.018798746807565006,0.5081081000682532,0.11208030288909833,0.07153097660218537,0.11570583022816595
10577723,0.026921670335125682,0.04588353299926683,0.04731139473910228,0.04957858836340176,0.014127994321626824,0.5147888688642882,0.12539734980094883,0.0652043715606094,0.11078622901563033
10578130,0.09307179253791305,0.06391591847751957,0.027004612227961293,0.05087466596768572,0.04094303422707061,0.43605969198745337,0.09036049004068254,0.0661902957690075,0.13157949876470634
10578295,0.04090123955019965,0.067722015328954,0.029461701659775238,0.0560975557389351,0.018441010555416068,0.37412863655743495,0.248645892761281,0.058827941775077816,0.10577400607292622
10579132,0.02237420606137853,0.061047877131343666,0.04082321473025958,0.04877405881995131,0.01936185743041589,0.36244925552784646,0.2859379515817531,0.06500134890608315,0.09423022981096825
10579372,0.008849928544502053,0.054692485586199845,0.0438727594592101,0.039831167543539554,0.024294503586777705,0.41160890787433235,0.25793856640764573,0.06747967342889201,0.09143200756890067
10579452,0.0072639369027686475,0.06801430312257595,0.03038759776034527,0.08418627091390508,0.04890844497801187,0.5216337020493984,0.07210644564871578,0.08136429929333709,0.08613499933094203
10579754,0.007757170602329634,0.06924355971238147,0.037680315853262286,0.062294459159877386,0.05549852976951084,0.5138731712553509,0.0672282739200371,0.11037631202174841,0.07604820770550184
10580098,0.01219555516806004,0.07326203031413048,0.03702152113084382,0.04227213269095507,0.022032053458612862,0.4792819586302141,0.17293593464650717,0.08011634466338644,0.08088246929729007
10580150,0.014248598238371036,0.05222965682700231,0.033751491674793,0.06522555134352187,0.03125890825662085,0.5261705000214721,0.1074766069407539,0.07291133987576089,0.09672734682170395
10580642,0.033077671991275974,0.06386875443717431,0.026930893940707024,0.054532796301672855,0.0329862674663039,0.5391219680339597,0.07415830104009086,0.07414072168345512,0.1011826251053602
10580740,0.038036575950400914,0.051791492216318034,0.035204463251129,0.050625784276558464,0.012518914816557038,0.46851106138675924,0.1690076222663289,0.06821830212498543,0.10608578371096306
10580745,0.03497761601639446,0.05696554716743424,0.037562190633560845,0.050952878622802796,0.011249810574331177,0.4192416534954484,0.1984948061955655,0.06793205380164331,0.12262344349281933
10580771,0.03990937553537432,0.04826312634099375,0.04236489548675351,0.0638649959080462,0.014118195550610788,0.4830283570449559,0.08854887718118168,0.09273770124238463,0.12716447570969908
10580995,0.03485474304262137,0.05733396025710432,0.05400393852599923,0.04807735980004117,0.017211814412179113,0.3981590211904141,0.14503288406861123,0.07114973011006202,0.17417654859296733
10581310,0.020100185445303318,0.056168593961973344,0.04563603357347045,0.045440585348609536,0.016333165313947122,0.4025846510892999,0.24008359890952966,0.06678549335718156,0.10686769300068523
10581368,0.05511566041426859,0.08097842412051467,0.036489222354217046,0.1024643389328915,0.05064900727445771,0.43424035846812653,0.020625474885552234,0.0939338892569908,0.12550362429298093
10582173,0.04797604257965622,0.06692787147587763,0.02167035972559318,0.0416030386971863,0.038391744834169614,0.5424140650209437,0.08077347179767867,0.0661617841975945,0.09408162167130013
10582418,0.17995737084951435,0.05543588962006991,0.02441130607256345,0.03381166699191343,0.06489352482031793,0.3785382014823512,0.09386300745861763,0.055638552320279096,0.11345048038437298
10583009,0.01623860173998406,0.06319862578630997,0.02588000487062177,0.044165314968147074,0.03513360223385349,0.448152385813912,0.21265377154310902,0.07199390926612612,0.08258378377793654
10583434,0.01719178700939371,0.08174490358340723,0.05403964331960477,0.09160603929234169,0.028406764915984047,0.45889929101248067,0.08928470352184244,0.07601345493765561,0.10281341240728967
10583521,0.012369763926113756,0.06387204175272411,0.030817212667880105,0.0477498578469772,0.022055520509965634,0.3897516166702466,0.28058137769435443,0.0634352161311859,0.08936739280055239
10584210,0.017406692888504948,0.055448285935257476,0.051277046243974916,0.0438855725420909,0.013126897893992295,0.434194369434067,0.2068417567819924,0.0650292926422693,0.11279008563785085
10584222,0.025789064272018956,0.05106880130116352,0.03642080921340117,0.04622081714329098,0.011008943587463495,0.5355690297544476,0.1369584496848314,0.07067691018765114,0.08628717485573165
10584314,0.05078284124145022,0.04742871602077077,0.05911796054044274,0.03574575307258174,0.012902257898866568,0.18895868618105938,0.17370155989293842,0.062355281309595174,0.36900694384229477
10584430,0.0518814222091845,0.04883372712446321,0.0414410114319523,0.047974677367252194,0.01358194554311804,0.36650918281880374,0.2550337801877593,0.06383774306196853,0.11090651025549822
10584519,0.01962300420543066,0.08528344077995263,0.044981734731220795,0.039533291993626374,0.02803849021091409,0.498272606492791,0.10672279741669817,0.07173934995838997,0.10580528421097647
10584820,0.0220724281394961,0.09265623644808647,0.02649956921862078,0.033990935629462656,0.06686994098112974,0.50289779183055,0.0812158786429398,0.06808599971681174,0.10571121939290269
10585136,0.008604130597896248,0.09267658663430416,0.0435585031744046,0.07897761258939869,0.03155051944569953,0.4966973796130174,0.0866584530516882,0.07965517970590281,0.0816216351876883
10586849,0.02240891102072854,0.0703447362706436,0.03057903290622044,0.05943531939713139,0.024997986653046013,0.5287875651368161,0.11301634439183803,0.06560711036601513,0.0848229938575609
10587734,0.04760573846100537,0.06773768745843904,0.022620786259906513,0.04084793206040737,0.04631894841740901,0.4296968326372228,0.18978926493836573,0.08026300937108562,0.07511980039615862
10587840,0.02075065556935359,0.06324433562268604,0.034600909013673076,0.05830696892043892,0.01943980645736414,0.5349722655918019,0.11812251872262965,0.07245536695027718,0.07810717315177548
10588529,0.08327055304636849,0.03866133638719769,0.04302039180198976,0.025720705687513452,0.004752994244301328,0.09788799643342315,0.5418589425775715,0.05382223598545684,0.11100484383617781
10588664,0.08034158404938904,0.03888073009966302,0.041392084327339165,0.030488935377228504,0.008352684803435437,0.12610043150261097,0.4535871497758197,0.059479301005490134,0.1613770990590238
10588792,0.06514117590623482,0.03729733113039387,0.0419871509889007,0.0300811718653859,0.007326694243651307,0.09679703693205817,0.3069841232736886,0.06052734029977955,0.3538579753599071
10589349,0.042097275113066095,0.0477689727852825,0.04859629917564417,0.04948102585588214,0.01495377868758343,0.15180089048892295,0.1759806848385257,0.06462163436415451,0.4046994386909384
10589410,0.12088301305336634,0.035867729029174795,0.04829404132732364,0.07266568775685867,0.017664174092853445,0.30325283472931336,0.1279953071796314,0.08460411461063308,0.1887730982208453
10589411,0.04780931987554204,0.03965045881655241,0.032862659876276644,0.0365861381417007,0.024075301389819215,0.2607387462695905,0.1263709221832913,0.0709353581162152,0.36097109533101207
10589472,0.07174500078121991,0.03655428084897019,0.043388216575632695,0.03797527101759687,0.026939845620485514,0.16672294947973576,0.1702287324407102,0.06723318219362388,0.37921252104202485
10589485,0.06769844106272098,0.03330004018375541,0.051214954033841194,0.04868139666108727,0.02638307378675629,0.14733170460859518,0.0807697350016868,0.07653716613500967,0.4680834885265473
10589763,0.008748528240008949,0.0886067676965015,0.042104690254428555,0.05943994854413673,0.03452227646321886,0.47840983210726995,0.10220613482617796,0.09229039234150399,0.0936714295267535
10590733,0.02099713672786641,0.0801926362500239,0.03036809359861151,0.1004799714121425,0.039579094451212125,0.5227651724843096,0.05174157412787541,0.09637482248725578,0.05750149846070285
10592587,0.20569739580942437,0.05469336520401003,0.02291430002370533,0.038678461218517805,0.0775376385368354,0.374348252886451,0.058252537856519224,0.06724099405558667,0.10063705440895034
10592944,0.014566125347719207,0.07692493901040244,0.03567860264357139,0.07957422459506447,0.04484160596249492,0.5208476605775056,0.055468600387839,0.07930625610009404,0.09279198537530899
10595034,0.0306428299620886,0.07147078100341876,0.017180679515303318,0.04624934808494056,0.047754500361914635,0.5436873500606961,0.0821279232538209,0.06464446979107383,0.09624211796674327
10596119,0.021599966737894858,0.0793630121094079,0.02614761345330406,0.04080795104184736,0.04082803129342556,0.5377812652446499,0.11261268699493927,0.06343150429037156,0.07742796883415966
10599481,0.013707678479467557,0.06920118360560011,0.02732706349927595,0.04154589070580822,0.03366219072109889,0.4579603445257789,0.2089479905602328,0.06179083861020391,0.08585681929253365
10599552,0.10669388735922235,0.04289245402527259,0.03423026782376583,0.03782399392700866,0.01988658423396064,0.43022590080473144,0.12554531499089613,0.05825451674843116,0.14444708008671125
10599609,0.08175262829472331,0.04329291683200952,0.05096640180082259,0.039670454053883995,0.00838709298393882,0.14044974637066865,0.22044908643889052,0.05629728183981505,0.3587343913852476
10599643,0.01680366023196664,0.06152572141132887,0.0408778888730128,0.04517019435339457,0.01849774105204315,0.44043567834835196,0.19721038312473238,0.054727373482132025,0.12475135912303764
10599718,0.07121542934197468,0.05263581294440003,0.033007330353743286,0.05936226310282592,0.03365107124000799,0.42349322925416744,0.08225421523581995,0.08126910483010145,0.16311154369695938
10599755,0.0452381892087965,0.04641295666406659,0.037495718419286145,0.050912231861094163,0.011359272210694256,0.4476562930273444,0.13376521716520376,0.07569208029656035,0.15146804114695378
10599776,0.04809949853679365,0.04325928573074597,0.03663836945143162,0.05428263380036414,0.007533510388465154,0.4728214175761321,0.12336253201213143,0.070675051948526,0.14332770055540975
