track_id,Clutter,Cormorants,Pigeons,Ducks,Geese,Gulls,Birds of Prey,Waders,Songbirds
6868504,0.05604280935921225,0.07378910933369999,0.1421048365192948,0.14941144219214472,0.310072378600571,0.09712630282726568,0.004262081025082747,0.08006241827549884,0.08712862186723003
6868536,0.04908473967269765,0.08617779892091748,0.20091752077434616,0.1533724967408155,0.1970900110041705,0.11898689129499651,0.004808165500468678,0.07686186504671957,0.11270051104486793
6868565,0.03523820537708439,0.09947208088778507,0.08879328121037226,0.12081242145811724,0.4077272598766262,0.09397172562586227,0.005374249400114083,0.08360238143008528,0.06500839473395323
6868861,0.016588316793242717,0.1165537387712037,0.029392498928130582,0.09352784596726317,0.567860107832405,0.06733597781347089,0.006937465226353425,0.05918926922061625,0.042614779447314254
6869275,0.008812281434895824,0.108822950706421,0.028791906899761743,0.07643741009259415,0.5881939225703621,0.07377519664146784,0.010195768120172375,0.05774007462088542,0.047230488913439485
6871418,0.01762370030889384,0.11757895766028388,0.20957655924020785,0.1446034608094367,0.1380148992019762,0.16889429303960488,0.013580921505209148,0.12060456828898325,0.06952263994540415
6872996,0.30519215040630715,0.041413307181108056,0.024173998614427882,0.021859251996404438,0.08395055500716625,0.2784747364001118,0.09370321647088113,0.03623457267956849,0.11499821124402489
6873817,0.039610909544963754,0.11091955818922844,0.03296961349255945,0.04755199825156888,0.38229340252123584,0.20202065471104885,0.017210871050212045,0.10054618319282665,0.06687680904635619
6874023,0.0030601934068872527,0.10420483599635863,0.058560260119639974,0.0539272161166576,0.047226358134123424,0.48919555211612975,0.060955444584766344,0.08922649081142581,0.09364364871401129
6875504,0.0035804468991765433,0.09966735119217542,0.07898020355700455,0.046654198419065984,0.02966918131585956,0.30904989835012214,0.08058901758630588,0.07852076239361039,0.2732889402866795
6875899,0.008186114329665675,0.07595945128834468,0.040151813974872684,0.036644588367094916,0.02758629383509995,0.4270548924172634,0.17131929672203886,0.05221089117794105,0.1608866578876788
6877293,0.05987393484398862,0.08096539565083495,0.0565963361923705,0.06502452989488826,0.011159143144567011,0.10675959373339959,0.05129315534737029,0.0688436536206351,0.49948425757194564
6880408,0.013430781810113217,0.08476969158563974,0.0368803848732868,0.06277057798124842,0.02370557421452509,0.4432012319708236,0.12015884488521186,0.05600866000248749,0.15907425267666386
6880690,0.008957888006899947,0.0733692957997153,0.07790557207516978,0.08379270483486399,0.021648590510253717,0.36595369781777615,0.055008901663332,0.06963534841115451,0.24372800088083443
6880833,0.03361910146241623,0.0464973383888134,0.06043190998569788,0.043892645709939115,0.005877669036273793,0.11565425082362425,0.27530941307092877,0.04788969580166073,0.3708279757206459
6880956,0.00196234451483379,0.08811455060787461,0.039652293107137304,0.035882884873383016,0.03685584683550237,0.518944145424649,0.10788917680500044,0.07423831651045594,0.09646044132116355
6881733,0.02706245898601292,0.06082252082495876,0.0331369687217398,0.03098931554974552,0.014363675352637576,0.107632527637403,0.598149047966014,0.043251115277202434,0.08459236968428593
6885154,0.06394222261597764,0.08314272492897089,0.021890803546719094,0.04998287608390388,0.04411952650043304,0.3893551258399834,0.07768658141472348,0.08211052741111029,0.1877696116581783
6887294,0.024846691790226097,0.07159135041669355,0.04670509917795544,0.03987997952469706,0.047491955755091075,0.2607159148197162,0.07379928062369329,0.06062523842362378,0.3743444894683035
6887586,0.06037593186481918,0.06671592281065224,0.06160720228076356,0.060561925063379936,0.011197061311637176,0.1457557282188867,0.047512386603890046,0.06649868064843663,0.47977516119753455
6887600,0.03680050545029099,0.05632889272890619,0.07777573115363921,0.0696460117786727,0.007301156860656022,0.11324175374775937,0.05084298046924448,0.06165703342095259,0.5264059343898785
6887637,0.029365355923810014,0.11517366391123296,0.04229266388325065,0.06032867759049213,0.07182786828805567,0.17635049591149835,0.05628312156362552,0.06970938774092994,0.37866876518710485
6887702,0.07479057386833707,0.0532522830736027,0.05758973050487946,0.041420534540332614,0.005660555644985772,0.13000223234380057,0.1061445706317476,0.05351847300354018,0.47762104638877406
6888243,0.016264629259209067,0.09780922593833773,0.054643587532415584,0.05788431239133135,0.057267615352313464,0.16848276583149818,0.04985893718067244,0.05974800041028005,0.4380409261039421
6888737,0.009629555583976098,0.08979787877173195,0.08017883875012984,0.09933495029080948,0.03493453011479677,0.13181954994742165,0.04066657441833468,0.06583013158083972,0.44780799054195974
6889024,0.06335642937871695,0.05125839977630348,0.051868193557573924,0.028494896633176184,0.004140669139846264,0.10738505776177544,0.23197237468920684,0.04321732292649309,0.4183066561369078
6890285,0.02955270627128912,0.08322185267605399,0.03296652294308937,0.04752701755301342,0.01827498384813978,0.21971856047275354,0.38514738311962854,0.04748582960868208,0.13610514350735017
6890416,0.02978688752292227,0.06858557493579805,0.07796567993676706,0.058859216293022994,0.009424649253040275,0.17328731012107162,0.11244918690922405,0.07444119951558499,0.39520029551256863
6890579,0.038716433773528784,0.06098880319710769,0.0753716291647128,0.03769335792393195,0.004328968508895983,0.11082399337248645,0.144126411025802,0.0480035690088623,0.479946834024672
6890917,0.04279613716021359,0.04690036041849498,0.06615928123179075,0.03409118415164181,0.00561913703024334,0.1367316146432978,0.3440998013597449,0.06944163332226216,0.2541608506823107
6891091,0.03287984420040126,0.061809952325703583,0.11168692504766956,0.11711936912800305,0.02076004544053883,0.09529394923768855,0.02899665343485907,0.07335540507966747,0.45809785610546855
6891208,0.020809762090231325,0.055747579892080165,0.06341777537150785,0.04234656699765255,0.005973779837048696,0.1221235029520194,0.12875630194997023,0.047780027097704514,0.5130447038117852
6891245,0.020238941804391664,0.053068987080122226,0.07060016199268095,0.03459587713154143,0.009457657238656988,0.12924952732925568,0.25009526410350563,0.0482112549245226,0.38448232839532287
6891309,0.007870712505575242,0.059651685925316215,0.05792969978589736,0.04226658063406026,0.013071129706107142,0.11998420294037013,0.13224969985186627,0.04813060951471274,0.5188456791360947
6891366,0.053077606032973304,0.04272966971331411,0.049276852320995004,0.030320286549307043,0.0031360973713098115,0.11130165715644506,0.15364182745403124,0.047215113748419024,0.5093008896532053
6891473,0.029526533077428238,0.05804591157451252,0.08167551765310463,0.0663405223565142,0.010659895773647038,0.14347701870607127,0.06415006503207331,0.06139798799262109,0.48472654783402774
6891484,0.019083525632723947,0.05730998607304985,0.05844624843964013,0.047557442272458776,0.004873219380483397,0.11015297167004903,0.09067996758435552,0.05209216419468784,0.5598044747525516
6891531,0.03284315494465214,0.06978340702118611,0.05416540802853988,0.04263891081469871,0.00940604264108563,0.14743479439666418,0.2674661914122525,0.04920351360439686,0.3270585771365239
6891557,0.04245819536176837,0.06361553417870018,0.12127701631269383,0.04560504078395159,0.007161606069269656,0.0992616784186954,0.07621359458856926,0.05839377677259912,0.4860135575137526
6891579,0.019924059650397376,0.062272514890260894,0.06312949752488035,0.04132604823061407,0.00810022559270412,0.11311120877419877,0.18362940280721138,0.04765523877986524,0.46085180374986784
6891867,0.07978265741327752,0.05193601299100563,0.04411967073895835,0.03253065444067028,0.005884246127324519,0.10127630986326502,0.49016078893145926,0.0420989981092222,0.15221066138481726
6891888,0.06013648805778317,0.049078504965177294,0.059068049929453734,0.04745377703250505,0.00538900187042634,0.1091246733068685,0.09628042553166273,0.06875024887726486,0.5047188304288585
6892297,0.07100245548483299,0.039331407011215604,0.04911307944781034,0.026591113532874158,0.003203922590976182,0.1024517853235094,0.30307258381162727,0.04440697984534302,0.360826672951811
6892562,0.02960406751949238,0.05150087151779686,0.056974252967040305,0.040688019248493495,0.005236059821456012,0.11753710007149513,0.37628889788182823,0.05850569730925423,0.2636650336631433
6892587,0.0505990318295044,0.0549722659970459,0.044806990510924606,0.03717275075645189,0.005889169284521465,0.13612580687623121,0.23705057347852715,0.05200909049387747,0.38137432077291594
6894293,0.011890744808408973,0.2949581427529515,0.06513517650252368,0.15627164026843038,0.1125456548748689,0.16492192219034224,0.013556651242991304,0.09164682794553805,0.08907323941394496
6895609,0.013011194762885366,0.06535534596929558,0.16697506493484152,0.09991334107560784,0.014160044706237118,0.08108634798566228,0.04651714648583586,0.08689534151900402,0.42608617256063036
6895723,0.028293355965743443,0.06114545564986208,0.047373830403296534,0.03312721869567565,0.01453860073137865,0.4859552411754026,0.1464037873141386,0.058074101642050166,0.1250884084224524
6895905,0.007867332766244165,0.061230215315548724,0.05227378100015156,0.03407659912808999,0.018662420037037396,0.3992552348082396,0.2225489333646796,0.05209996662364471,0.1519855169563642
6895906,0.02949357113556704,0.06274030133354307,0.07319951736441717,0.03725274061585239,0.008751365638254177,0.43905239058824,0.1644525328316689,0.05341070379485382,0.1316468766976033
6895927,0.027379228996832868,0.0695659292522624,0.057870300736400516,0.03813337747761555,0.018534807941451275,0.477517947401429,0.14023219597220957,0.055419192515693216,0.11534701970610545
6895938,0.007642882788532975,0.06267292157009308,0.04845445766607302,0.031484198637592956,0.020520261614153268,0.36296234497603663,0.28942662624197635,0.052070940820587976,0.12476536568495374
6895939,0.009462607451520005,0.05931153391404968,0.04578394703929479,0.0313773735722916,0.02508832579937763,0.4455649343343963,0.1768922047297841,0.05620625780150847,0.15031281535777724
6895948,0.006594561628829121,0.06559501304916317,0.04516671653632429,0.03574287844963899,0.018707399844010493,0.46474132864466267,0.16662134388891567,0.05304944930056299,0.14378130865789265
6895973,0.01945054172549976,0.062288737861714766,0.07212832468064098,0.03887478470891131,0.009687437589614531,0.4054299289573507,0.17669523034775028,0.055902710007819684,0.15954230412069806
6895974,0.009709990861081612,0.05923814208262131,0.05134265161290708,0.034027145233200516,0.016623342195769993,0.39228246882593987,0.2338483064944399,0.05193848246109315,0.1509894702329466
6896754,0.02140236027999319,0.060530836889201904,0.051032924901400774,0.03956089566007216,0.0074770928141827285,0.17753210719746826,0.18641978471595375,0.046484761821213534,0.4095592357205138
6897915,0.0054424876743483595,0.13076491235631799,0.14939259726374565,0.1354810722405936,0.041662930492289835,0.15036636503608966,0.050494719289437766,0.1390708162634163,0.19732409938376083
6897964,0.05207296461705929,0.08028489644185835,0.09870335264857819,0.06993824439918046,0.09610613298051998,0.14218871353295562,0.03465214529909696,0.07442296223273694,0.35163058784801415
6899282,0.03673765098703429,0.04859836465716805,0.05058750286495638,0.03680139722080863,0.003848882379745778,0.13549337891171157,0.36495369756938656,0.047266824838561684,0.275712300570627
6899294,0.05639737303693725,0.05194217395811119,0.0420296683274702,0.03544656300363145,0.004076383523948469,0.11488017598407729,0.43611616192133135,0.04915702320792023,0.20995447703657255
6899376,0.017787996922452698,0.0678935682113237,0.0756876042444143,0.04411856671052595,0.0085511441877626,0.10623752094124485,0.15875582111341394,0.053511619008239246,0.46745615866062273
6899506,0.03974616847728395,0.058402612501068894,0.03177443394877546,0.036704779905509285,0.007898364300403055,0.22595404945457997,0.36669961159998665,0.05190873461301025,0.18091124519938248
6899530,0.0540020229235026,0.05893241723144941,0.06401410681592473,0.0765752300466484,0.006798861506129558,0.12343756923208642,0.038767766637502324,0.07113968463077618,0.5063323409759805
6899560,0.050599389441650405,0.04491128351926039,0.04382827028119693,0.053274576731325046,0.0029346847652784508,0.1997722055498175,0.15281276611248487,0.061090301644716564,0.39077652195427004
6899670,0.0398899373833094,0.04218097579751851,0.05438708161232447,0.02920545519502597,0.02098469154476857,0.14153276241273183,0.08896159322964939,0.06795646969130724,0.5149010331333645
6899695,0.02685105054015255,0.06699097588358573,0.053651870590609926,0.046491897429161586,0.02494824311995825,0.14481403219764025,0.05500662855672435,0.06717146288893071,0.5140738387932366
6899730,0.038832228350139726,0.05313840725716692,0.046816066497740706,0.03515621947468207,0.018984049659801404,0.16137211343686383,0.20564824871044554,0.057003209599352594,0.38304945701380727
6899754,0.0590392249102554,0.059127008987335736,0.10861144399366147,0.09178389999020908,0.02913033134007343,0.11151320438960761,0.014610964255393252,0.09979936265442982,0.4263845594790342
6901206,0.010692051813032753,0.06460441709663851,0.06463127829105479,0.043574528582194696,0.014981716670776392,0.22069706280822188,0.2631399694804653,0.058358750872600916,0.2593202243850148
6902131,0.0043992306796658545,0.0710224148796775,0.037657582947458274,0.03297613192589062,0.027318012243914454,0.4277409706481223,0.2666521302246025,0.05848277526102553,0.07375075118964296
6902271,0.016247155185775883,0.09652114193289862,0.052462134878462685,0.07831875677044811,0.07313418008558692,0.16898536885926296,0.028239842513493492,0.07466308124815557,0.4114283385259157
6904326,0.06818894218330732,0.03784664757956586,0.05141405590377446,0.04200909356328308,0.002999143964871525,0.10041637141877484,0.10410895189590484,0.05133651254791853,0.5416802809425996
6908023,0.003876688093141637,0.12789201683990942,0.0413139855855684,0.16011184135169554,0.06032341947394959,0.3982545249267879,0.04600925729945176,0.09985946977531755,0.06235879665417803
6908625,0.01319482992039464,0.05598817016713264,0.04951942400740682,0.03753980169407426,0.012714747723105248,0.23223951045210178,0.35752366440777034,0.05238577551642498,0.1888940761115893
6909657,0.03694030381967677,0.05280949755160521,0.04528835477073574,0.03646273832219813,0.0036795248016240857,0.11009277201407655,0.17152396592445926,0.0491759684985344,0.4940268742970898
6909786,0.06122617600930227,0.040613454349729565,0.04589274885308291,0.044337392914223984,0.004240461885491554,0.11277601233083204,0.1308944838503684,0.05716933156198164,0.5028499382449877
6909952,0.04765110702321841,0.05543070782169332,0.04291261232259162,0.03252375714492497,0.0025653248367233984,0.10586474058190644,0.2537625834422928,0.044173396466446024,0.4151157703602031
6910003,0.0647715360317179,0.03976612552936951,0.0456692615707143,0.03703489985367364,0.003233617064987748,0.10427143214865871,0.13720660612005392,0.049127505859716036,0.5189190158211081
6910407,0.004445563654404841,0.07786319507723886,0.02009657353929509,0.041997733622562976,0.04068966631401161,0.5962752816692616,0.0855493812620378,0.06436232222040957,0.06872028264077765
6910422,0.060803891657308526,0.04348302013807514,0.04352755853362959,0.04538425990247216,0.0037210075320572513,0.1263452148197929,0.2454870278095566,0.0519968460323719,0.3792511735747358
6910425,0.07138793897435966,0.03346194945612945,0.0461127433300045,0.03500357034507668,0.002572398920386506,0.10404135540536502,0.14505878495884478,0.04539936250995039,0.516961896099883
6910560,0.03773525143264672,0.04677724504012113,0.0717391276463399,0.10570417652590863,0.009980674786533477,0.10153225492894413,0.048242912375489215,0.1251974715338723,0.45309088573014444
6910590,0.057125661460531704,0.035186734935148095,0.04485680576525651,0.040339703634290194,0.002355674248604801,0.10582275900174355,0.1694992018337597,0.04491128555189719,0.49990217356876826
6912744,0.0024316823057003363,0.0773470813113413,0.025060595743401828,0.04651786632274809,0.04350098814883619,0.5889883009112996,0.07306866379163042,0.07560731634796096,0.06747750511708112
6919118,0.013747599814558004,0.05344717851505255,0.06537485116271313,0.04797147551427451,0.01475643920197032,0.31345999205049824,0.1802524744291311,0.04938502416177402,0.26160496515002807
6920152,0.0158459342686041,0.0558803976474321,0.08677705203684916,0.04562501577530273,0.010978599380698529,0.34524019381937426,0.16423036022500678,0.05235017976325681,0.22307226708347544
6925791,0.0070383691808294305,0.0653957506635191,0.0349304627051623,0.05571817064125809,0.015854608500675705,0.5158209134871722,0.11847115929280563,0.06646114062686594,0.12030942490171148
6926246,0.04845507750973504,0.05093514764496957,0.03210450995729823,0.03615847240814311,0.021694617083919288,0.3128119889942586,0.3489326992030648,0.04613726333347808,0.10277022386513332
6928841,0.01796720628568108,0.08945776922226563,0.0818536004254649,0.21512228575934472,0.10397232713073103,0.11688380664421606,0.01772856710191565,0.2906877092579059,0.06632672817247506
6928933,0.011868596923899613,0.059115926204574135,0.030321123394547615,0.031897983439937015,0.05839134260525019,0.4874861196633352,0.15077469376030592,0.06230581407762817,0.10783839993052222
6937241,0.0651095768108047,0.0380392348055565,0.07831955824543811,0.06768515131460603,0.006621820658701042,0.09722622828565561,0.047212784839970164,0.08678902557500456,0.5129966194642632
6938426,0.002957301772733168,0.07072741888237005,0.034720482396607445,0.03582083927138981,0.028764733772842232,0.5580975058255949,0.11834878606579237,0.06333444198660822,0.0872284900260619
6938530,0.005223007713147106,0.06831655011040316,0.029578562373871995,0.032960657233159114,0.03260160799814601,0.5297896021825835,0.15239540832695173,0.063522919235122,0.0856116848266154
6938682,0.013619576418240825,0.049847595223066074,0.046898801359156084,0.03737539882877805,0.008717519652526741,0.14853286336220034,0.48228175602169554,0.04925357067944164,0.16347291845489467
6939166,0.0036105991862088503,0.06441889442400266,0.023824267615420495,0.035481087635150434,0.03177973149033697,0.5655016109139623,0.13653168417833467,0.0598956498870985,0.07895647466948513
6939222,0.019359607520809112,0.04934821837310918,0.04425506946329346,0.029706935688560653,0.010523162368699795,0.14308408773288597,0.5433243586153348,0.06055422745995833,0.09984433277734861
6944591,0.05128968811027172,0.044406651954049026,0.06497438785482867,0.027847224293780615,0.005418228545161258,0.27411484948873366,0.37610083224769886,0.05502185039265657,0.10082628711281967
6947293,0.005289413804994625,0.07020071457402277,0.05210274675953458,0.045480376328577536,0.02573714571846203,0.5554155354148561,0.06909370244995963,0.0737686880286846,0.10291167692090801
6952804,0.011547466090570686,0.04883799105529608,0.1553224503214673,0.06435954538084822,0.01954206629995375,0.31010959539402094,0.08236994039601887,0.07686214765761362,0.23104879740421053
6975207,0.008306935400754344,0.04255523734708748,0.057016246193159606,0.04223390932986194,0.0245562532047734,0.570641108076031,0.06878501777964102,0.0846751243764322,0.10123016829225916
6975472,0.0038377126832868603,0.05566559019535154,0.04412133282215975,0.037593056982433905,0.02060946909586351,0.5855648060290052,0.08864495281525109,0.0744202294077287,0.08954284996891954
6975490,0.0062510521749644735,0.046946523247658384,0.044370936065139754,0.03667645644273548,0.024235476083917656,0.5939929870132565,0.07003784788858262,0.08140265961414447,0.09608606146960066
6976427,0.0035554278301506504,0.05766467060938107,0.037952319234807526,0.032587322122557064,0.02596891638112481,0.5939586275623181,0.08015679283840235,0.0821422404315468,0.0860136829897116
10551287,0.008711698074951549,0.06016545067549517,0.031096660905258224,0.05873158111153177,0.025197279138100926,0.5109696056508838,0.12835679500672162,0.07004700946097485,0.10672391997608208
10554874,0.45962638767170166,0.040733681147524584,0.029610294995602686,0.025141319656829125,0.06140592090788402,0.1357504765889199,0.10757741141744286,0.04206121335235705,0.09809329426173807
10555071,0.020453591425670388,0.05688466343612795,0.044397861400363246,0.04300846049862658,0.012493788748839182,0.40987233805728934,0.15061127817132272,0.069018385162697,0.19325963309906352
10555459,0.006952745098680368,0.07737723094963267,0.10052204553462034,0.04330707101182019,0.026861369086136982,0.24399047912557018,0.08016834723537328,0.1900026047469719,0.23081810721119417
10555968,0.0672263808592838,0.07914353855929052,0.039066087989397036,0.1859622864130739,0.11654536470002431,0.21125489137490214,0.012047066969144525,0.1181240454170103,0.17063033771787353
10556692,0.04511366100915627,0.048252613688947996,0.05008573506047325,0.06154660510202137,0.007732216897435502,0.20885517526666184,0.12010068299309636,0.0852752765156816,0.37303803346652575
10557065,0.002999723062141607,0.0777961010248265,0.021051339989635893,0.04641202298255129,0.04207916609195989,0.560424197165116,0.09270597596292765,0.07305658820513798,0.08347488551570321
10557235,0.0038071336544471686,0.07728918229391053,0.04164819261219444,0.09764000754161263,0.05177343623299319,0.4788004918494871,0.048209835632499434,0.11101065506577301,0.08982106511708243
10557310,0.019656430134180954,0.09830239051367266,0.0856823876025473,0.05505472105487738,0.09682436660012061,0.2924944201632713,0.03679905014008725,0.0807768488255197,0.23440938496572278
10557603,0.010101425704048591,0.07369030951979919,0.03493349372953852,0.05512386433933483,0.026280437889244782,0.4470886418356607,0.10683063764393669,0.07884345702053261,0.1671077323179041
10557649,0.002347539985718205,0.0756138642392749,0.0430307263081679,0.05671326529106926,0.03156462984268187,0.5448657257541375,0.05534477214401359,0.0928446895366638,0.09767478689827311
10559369,0.0258525437038136,0.06341936315985476,0.030120006922973775,0.04184421908326314,0.03324377677576952,0.4884854757906556,0.13404134133921747,0.06546907233107473,0.11752420089337728
10559516,0.009177658093424872,0.08043310128937402,0.02161420867695702,0.04120185666055224,0.05636336703081689,0.4664468444075482,0.1456568192656565,0.06987653118642688,0.10922961338924334
10559765,0.005153081980791508,0.09293800928161927,0.03912725743464261,0.04119984622841852,0.027101354525893073,0.4443796080461583,0.12646416573728061,0.0837753052588005,0.13986137150639552
10559904,0.035299677162504595,0.06687993907878202,0.024073295255664515,0.051269277926663845,0.03591100678086931,0.4129121761293151,0.1522567685215391,0.07481334544369803,0.14658451370096365
10561136,0.032714566962390196,0.07962733404789309,0.027045330048234187,0.04665305765853329,0.041239223038088205,0.4727269302207457,0.0757035067415803,0.07610116780269177,0.14818888347984327
10561583,0.03880432006131751,0.04844043493841188,0.04185592668945101,0.042504877388993084,0.006809772107275363,0.4629148184216422,0.13717360645454366,0.08575185365240424,0.13574439028596105
10561870,0.00440785010711789,0.057511618928475366,0.021102373931146418,0.042490011696184035,0.029531091691924707,0.5014797650482704,0.1857798391109928,0.06587769042106514,0.09181975906482319
10562711,0.01292234684144945,0.12005932482890104,0.045254778236220296,0.11873674711942873,0.13720374000860114,0.2645025361286976,0.022958520857422286,0.09668937063406205,0.18167263534521744
10566953,0.004199214712894198,0.06527829896478309,0.035423337542234874,0.03446222526271378,0.02052738385640435,0.4231454628410282,0.2448492491735304,0.0723765044272335,0.09973832321917754
10567563,0.07788130303785548,0.07467379333399422,0.026301900418683924,0.02560305007912393,0.04753150032092761,0.42250573637673966,0.0975643903896969,0.07291000125767903,0.15502832478529927
10568512,0.036393816751707254,0.046650473435148936,0.04011318074558481,0.04432909256172979,0.0113377693060078,0.2935299883628202,0.316138489979217,0.06441831925430931,0.14708886960347486
10569249,0.01253925481511299,0.06634511424810183,0.030081058331620995,0.04392719545428293,0.0140521454904118,0.4308939983620117,0.1969816020241123,0.06270100210937027,0.14247862916497517
10569900,0.009943670959541894,0.1418870084615724,0.047759464440041435,0.1043571587164159,0.38896156751924454,0.09187084415366287,0.03365289535656356,0.07817891539217471,0.1033884750007827
10569996,0.018343881522237655,0.055490112604649915,0.03259648931728171,0.04596861301873508,0.014832270103676387,0.3949569821452978,0.24238360151923477,0.06768864997351598,0.12773939979537058
10570047,0.005472305442187769,0.07583628959412961,0.028893572864115053,0.05156016201582245,0.02319548083492774,0.5311355083698268,0.11929430401085017,0.07558517344681805,0.08902720342132234
10570186,0.020455066354654158,0.07509979336187138,0.01790309715539031,0.05002285192750907,0.04329671231316552,0.4117488092342107,0.169136804685669,0.0694185766032362,0.14291828836429368
10570190,0.006180570416551729,0.07410038853893638,0.020248522197145624,0.04478924686158413,0.03035763394779018,0.4443023112092549,0.2334647109156525,0.06333550409264166,0.08322111182044287
10570281,0.012919761140431458,0.06672817719243461,0.029418168893904067,0.05102293779084508,0.01880375686000226,0.43470427454017335,0.19749707823228232,0.06849860558602586,0.12040723976390098
10570444,0.34027239613155946,0.04340899824453655,0.02170675733224999,0.06294945892026113,0.04518685542855367,0.21764662502725118,0.07068133626754584,0.07516300157441315,0.12298457107362908
10570516,0.03245838308785857,0.06632335661378663,0.029607469605015674,0.04534576743253871,0.0336684424225106,0.43687668262826634,0.13087019519856558,0.0762724230661365,0.1485772799453214
10570563,0.03255845427629053,0.05291530274121186,0.03178611549014358,0.04508614546589864,0.007199381786994679,0.3023328853316846,0.29244097892385046,0.07290265451519885,0.16277808146872677
10570908,0.02294163931055556,0.05802341667644798,0.024714628412116024,0.0480990236901905,0.01739425912498152,0.3741362916408358,0.2658699941250807,0.06866500371806132,0.12015574330173054
10570962,0.012657851617652857,0.07122003191605676,0.08385794209978822,0.03809039424111786,0.024452368963187223,0.22686968147299924,0.10465404817680263,0.24709198618473185,0.19110569532766333
10571126,0.07071562981464925,0.03687987390030859,0.04231314536061209,0.043570033697055484,0.004970457006879344,0.37608287589150957,0.15744035770317422,0.07389831050753377,0.19412931611827766
10571129,0.10412633955540929,0.04905029714082749,0.027788161547699843,0.0716041321162651,0.028667026816254,0.427350557069872,0.03181705591914607,0.10404640367603821,0.155550026158488
10571130,0.05556599518180923,0.06707788859273715,0.04063487006206906,0.10850756420601368,0.037986200207523156,0.24544723887093442,0.023200100734170493,0.11366383180365802,0.30791631034108485
10571150,0.05296094779775251,0.06022242656618737,0.026617049724938422,0.04900438222201798,0.031416989429284385,0.44127703572441385,0.11084220261914077,0.07770385666455472,0.14995510925171002
10571157,0.06155438307019965,0.0374834028813493,0.0416914583220797,0.03511500736336998,0.003965329065174567,0.2721597239915838,0.31980924020595425,0.07050342412698447,0.1577180309733044
10571249,0.023139376905783722,0.05678351976079241,0.030756923913670554,0.03678365532963523,0.011974533798807693,0.4541515656293852,0.17239559842629107,0.07161657477837526,0.14239825145725885
10571563,0.00996199693706516,0.12262013953431963,0.047082423264558165,0.04690441837115618,0.06690359181719499,0.37669734852075487,0.0731342040756212,0.09207027379852364,0.1646256036808061
10571600,0.02430459490477216,0.07261820047408582,0.018034483905906413,0.04259598286922642,0.03911454932453149,0.4718153008181862,0.10940532433569822,0.07764089540952648,0.14447066795806676
10573894,0.02377625418852797,0.06682194480070992,0.038507470513901035,0.0660320868855937,0.014707015083508508,0.4308604435381861,0.09320090633995642,0.11260534813362846,0.153488530515988
10574347,0.050002931992533334,0.06147677565322694,0.038139434852171125,0.053978233437109405,0.011010086270571363,0.4506531332985199,0.11116735897095227,0.07848422391322414,0.1450878216116915
10574370,0.038088482651668205,0.05249017149947676,0.03651200630237526,0.05393686639119108,0.00888307510209631,0.4544982338683398,0.12912143737668927,0.07207330311054294,0.15439642369762047
10574372,0.03520508755091799,0.04972920572997049,0.04105993241162536,0.039346217989041775,0.006527035835487687,0.3573317264426487,0.25172429023351234,0.0682085653779003,0.15086793842889532
10574408,0.05096013741432573,0.07301974391026722,0.029614615858856472,0.08878928742013831,0.05311325098245656,0.4240427542374354,0.02252970968647234,0.1112588529955413,0.14667164749450656
10574430,0.030004023949555293,0.05363195188843073,0.035624621360426635,0.051314031022542755,0.01624032152962467,0.45582597257407054,0.11679609638268237,0.07676108347528678,0.16380189781738025
10574439,0.04960117639795996,0.047976853910612426,0.03767191636327523,0.05579090113552746,0.007895457770891333,0.4786048882722405,0.08827248958836996,0.09347624277293903,0.14071007378818398
10574456,0.046237133344058476,0.0665976529710954,0.02554869575967588,0.04895630701289903,0.028031502459701894,0.3830886868463443,0.07727607733381447,0.08275360437042036,0.2415103399019902
10576038,0.12281592820680687,0.036836573266959154,0.033657348481441904,0.03938708363883634,0.040131819522351016,0.41527511611429174,0.10096774487629169,0.08949652922506002,0.12143185666796126
10576770,0.04235763602467409,0.05600838584634711,0.03109552018821027,0.07592352495116542,0.008403474829915433,0.4375233315810837,0.09726134857389684,0.07957149218423822,0.17185528582046908
10577118,0.0059087301477784735,0.07714900531657155,0.04096938798773665,0.045255802357006214,0.0190192151954412,0.4286415564010065,0.14633531285300808,0.08894399858015532,0.1477769911612961
10577354,0.03443231798103839,0.038250954805825826,0.046791394693824546,0.039931225932783365,0.006108750335603397,0.35020644788952554,0.3034063695380408,0.06419494742308914,0.11667759140026902
10577622,0.006083487516522135,0.07671122405271344,0.041859361545675794,0.04306502116718172,0.01628677018966061,0.45979426462494744,0.1194820384712574,0.08395483059564889,0.15276300183639271
10577723,0.018850242514497018,0.04281492748543598,0.044893425623100953,0.046382938827662645,0.011730204907763716,0.47853516283177977,0.15438834514059283,0.0652106733296894,0.13719407933947778
10578130,0.12051417465011134,0.06165978221767342,0.02214598581224721,0.0502079114215523,0.03992875254636423,0.3564953587480716,0.09918863558794895,0.07859486311649805,0.17126453589953297
10578295,0.033310781538657706,0.0642068564991675,0.025618988526467396,0.05184210849141662,0.010304738002811899,0.2993578445316688,0.32663341793495765,0.05885884552299693,0.12986641895185538
10579132,0.01241649960057281,0.0554758543472359,0.03629379903879439,0.04411300984357065,0.015551782895423487,0.3187390102716585,0.34792614128315547,0.06193374277764252,0.10755015994194628
10579372,0.004865763237734254,0.05235053418592252,0.04080967427526806,0.036404504738777,0.021361706300846647,0.42700736115907906,0.2429032337840251,0.06621677656873451,0.10808044574961291
10579452,0.0034136519368306696,0.07674350653127163,0.02790361707070933,0.09174395983756031,0.055159477587334665,0.4709822970708539,0.08263598282693949,0.08373211900032919,0.1076853881381708
10579754,0.00296694299946791,0.06795721479698016,0.03447770426819208,0.059113809019558636,0.056640523175771604,0.5055544413356681,0.07338233312270316,0.11030714028101304,0.08959989100064543
10580098,0.008900009923803505,0.07425052237815542,0.03336159114057914,0.03740131830647054,0.019252269204341033,0.42576581240579703,0.22085847325970834,0.08841331377910448,0.09179668960204043
10580150,0.007992337493523452,0.05031615244520025,0.030449517463149542,0.06339046931028296,0.026774785543252244,0.48982912938522694,0.13795736040792572,0.07395218685594371,0.11933806109549518
10580642,0.031260635866681784,0.06295002021542634,0.02405065275478113,0.05275313616589886,0.030044450279313465,0.45902375122470906,0.1097960997988664,0.07899834417464414,0.15112290951967886
10580740,0.035416017025578214,0.047993123235228814,0.03132509474175251,0.04639449139762575,0.009117802745270112,0.3855391130292697,0.238995443924493,0.06887012485016396,0.13634878905061787
10580745,0.02790998049465323,0.05301773213499942,0.03352490659052111,0.0464072891188637,0.00719272895220096,0.3368999853735642,0.2738846302453324,0.06924949359914273,0.15191325349072227
10580771,0.03976767588246518,0.046045005351732,0.03946488164735648,0.06277916530909274,0.00922322048108651,0.4151911766297407,0.10085823467707844,0.10308307922991156,0.18358756079153635
10580995,0.025658526025631612,0.05767653933058052,0.04986466701443498,0.04474023211339366,0.01104005471438617,0.34053506548825363,0.159012797839889,0.0802249141911897,0.23124720328224072
10581310,0.014976272985311505,0.05406500066979362,0.04252192334684926,0.042409260206592685,0.013894441869410818,0.4105631740478177,0.21819454845195552,0.07020276439355747,0.1331726140287115
10581368,0.062214179835436194,0.080091682216067,0.040703207781298205,0.12814296259885727,0.050926122573495436,0.3408293151182818,0.019176536364635854,0.10750496832224847,0.17041102518967965
10582173,0.053012966648491,0.06725928600744904,0.020023439596015772,0.04048428139252367,0.03951100204912838,0.4778993996171307,0.10054625114102565,0.07674588078897651,0.12451749275925918
10582418,0.2575718208154688,0.0513071801473845,0.019931279403276103,0.029647762755303047,0.06646393991260709,0.3194760103244337,0.08171537199402594,0.05537369992814923,0.11851293471935169
10583009,0.011267551504480788,0.059632113929704,0.022164508363904614,0.03945683050349941,0.03114844837485665,0.42228338218260586,0.2580796962363403,0.06964482199411715,0.0863226469104912
10583434,0.00949148544140176,0.09567462341386661,0.05202048821089949,0.1544756088429909,0.021354893075830255,0.3761018380789687,0.0932636921993753,0.07856908936342286,0.1190482813732443
10583521,0.009363423825434395,0.05797166953330542,0.026232742311062873,0.04262820122829659,0.018538590124338488,0.28735376727288026,0.4032208308777202,0.05873638630707651,0.0959543885198853
10584210,0.013303130106380949,0.050521428969524,0.046399908763539256,0.03909278774091865,0.010403155976860996,0.36589243620895995,0.2679331829259596,0.06129631766783397,0.14515765164002273
10584222,0.023038246989424818,0.04722911966250488,0.0328234957652957,0.04216590379271201,0.00905691370296363,0.45991819059379574,0.21025128837553136,0.06998379295563407,0.1055330481621377
10584314,0.04621181541429238,0.0432146057825121,0.05588832573217651,0.0312690198241518,0.004962056087732269,0.16888109582175218,0.16835891370869988,0.07104467972454723,0.4101694879041355
10584430,0.046225987933044506,0.044059348409852844,0.03560865081055722,0.04250913157749905,0.006239836637458595,0.3271490014955249,0.3120016080884462,0.061486794374743324,0.12471964067287339
10584519,0.012131111528393999,0.09700790286124923,0.04445991935020782,0.037559554763913455,0.03009020017353248,0.4479979424223646,0.12459280168777628,0.0871925796460037,0.11896798756655841
10584820,0.013736386401432408,0.11236085447744698,0.02317736334032797,0.031539398747951704,0.07640386631504556,0.46352311890006553,0.09095016437458997,0.07624061026079974,0.11206823718234026
10585136,0.0038031882816300594,0.1359457872751821,0.04409508319439989,0.12299149813846572,0.029908749041351337,0.3830631195041983,0.09263616563794172,0.09364293974465587,0.09391346918217501
10586849,0.016950795810297778,0.06920063316230964,0.02715152917282426,0.05887404183415185,0.02220785465141602,0.49998165866893785,0.1464418041992688,0.06805861702676233,0.09113306547403142
10587734,0.04026363902453993,0.06521726985962656,0.019512257550755238,0.03661490878659755,0.04205263755955731,0.3623468778006108,0.2670144803267197,0.07890754904934433,0.08807038004224862
10587840,0.014226938457455663,0.06235279958322504,0.03185295597846085,0.05727745267403875,0.01710298372330031,0.476201259489462,0.17521000523271663,0.07266553342470725,0.0931100714366334
10588529,0.07788322133065195,0.0328605845331705,0.03775625087685293,0.021532748210538792,0.0027114553281146043,0.09906374520947342,0.5566956855988612,0.048322396212230584,0.12317391270010612
10588664,0.07250244364861944,0.033493187973033876,0.03602156589591839,0.02569509511426853,0.003240057321830234,0.13041164072114225,0.47236687312257114,0.05425350907174035,0.17201562713087573
10588792,0.06481028523374172,0.034046729277590025,0.0388354286396762,0.026957463230770733,0.003567883963922068,0.10628371158272627,0.3119473729371606,0.05867625378758634,0.35487487134682594
10589349,0.033032551443224506,0.041797112215135865,0.04232658557126284,0.04352653756746417,0.00672106494794845,0.16639144478993756,0.2041075865940932,0.06129689809570008,0.4008002187752333
10589410,0.13350031594555425,0.03106335494950238,0.04666648659628495,0.0672992915370949,0.007700286935480559,0.26442559957510914,0.12272018651094908,0.09274861256886285,0.23387586538116184
10589411,0.04846406631876941,0.03619362044144609,0.030231785616861736,0.03372506129097384,0.020949119172020445,0.20649774874567323,0.16766257330461462,0.07280348280271365,0.38347254230692696
10589472,0.06939774168579262,0.031727450255991274,0.03863621038516428,0.03338435395971568,0.01698316398523378,0.15073193891037662,0.22259108984875364,0.06734853607629841,0.36919951489267366
10589485,0.06880811770235497,0.02951012165395938,0.04629269745058423,0.04477499579896659,0.018604264102998095,0.16340065863835984,0.0837737209671466,0.07970080477876984,0.46513461890686053
10589763,0.0035662381003162724,0.11740584142514089,0.04168599880586102,0.06584451532626787,0.029305741653619682,0.40313566474499396,0.11497763990255347,0.10715583164806067,0.11692252839318613
10590733,0.013980468608827765,0.08766002135343949,0.027224063094454368,0.1312845627912721,0.04199379440258152,0.4682098957184548,0.05761378482574257,0.10646259491716256,0.06557081428806476
10592587,0.2843392838710577,0.04879592337478049,0.019577708222689123,0.033936608362643825,0.08114438982411296,0.30049972062858016,0.05162806353458152,0.06441404202725905,0.11566426015429518
10592944,0.0075892192554100355,0.08077926840967789,0.03420897081100516,0.08457456097880753,0.046062180959076555,0.4856444705743771,0.06650935268107909,0.0801272456048787,0.11450473072568798
10595034,0.030468680890528434,0.07664758723787675,0.01572285812549241,0.046561611817663946,0.049176012340114525,0.46312350132480534,0.11811587561266129,0.0704747904121782,0.12970908223867908
10596119,0.012419672041412642,0.08133646934752997,0.02333971379560152,0.037759508530869595,0.03800118240428826,0.4829384314437187,0.16685894070396887,0.06295824593274328,0.09438783579986709
10599481,0.009609868831466506,0.06572920578311463,0.022546407615779685,0.0363592668234209,0.029641769318986846,0.4455565064700298,0.2409442744389785,0.05882451439819392,0.09078818632002927
10599552,0.14091504252035097,0.04081736473254379,0.031004988604131343,0.0340436224399232,0.016373736165964423,0.368617899285864,0.13163612887121362,0.06363192189370795,0.17295929548630065
10599609,0.08486825211696024,0.037238989325027234,0.045953744820029306,0.033766165234427346,0.0030955587033915195,0.15264636297078435,0.24069040334561384,0.05314431665547997,0.3485962068282862
10599643,0.01227275080939536,0.05819416492678686,0.036810831752147596,0.04102285085127508,0.015709897605129648,0.4345623163965937,0.2300182972380113,0.05373050401824391,0.11767838640241644
10599718,0.07701245680526819,0.04754830416038084,0.025574359208317472,0.050297267456025585,0.025086672593422864,0.40522907932253127,0.0955777520533178,0.08740809647677643,0.1862660119239597
10599755,0.04172900887760816,0.041753678548455665,0.03320258919513274,0.04728941735095829,0.006351001491616257,0.4090483697946761,0.15579176983025467,0.078295058239836,0.18653910667146215
10599776,0.04363584737647487,0.0397670945803565,0.032575583506555233,0.05210818998978815,0.004297095480557858,0.44820343116910843,0.1477043392614189,0.07431385569493307,0.15739456294080698
