track_id,Birds of Prey,Clutter,Cormorants,Ducks,Geese,Gulls,Pigeons,Songbirds,Waders
6868504,0.005046093077941037,0.08793511979649994,0.014428106740528204,0.3489776010301269,0.22815960667697277,0.1494805767288197,0.018827749216926922,0.10669502415603012,0.04045012257615431
6868536,0.005821351204669454,0.06709161817517924,0.016672751681356963,0.3013126737505733,0.14202686357208805,0.20432712483187485,0.015346352198800395,0.19595660431560322,0.05144466026985442
6868565,0.00783385889329532,0.0700493696284405,0.020420978679016728,0.2864006469773283,0.19450630551775935,0.18567582960963272,0.029956583765738738,0.13747142228942286,0.0676850046393655
6868861,0.0023040194625498695,0.001087835097478237,0.13142573728827558,0.10195719742640365,0.6370766314970672,0.0591314720750875,0.0019316437356449397,0.0132329400632288,0.0518525233542643
6869275,0.0009603703406781618,0.00027388774242856616,0.0865027801514177,0.020751698706510266,0.7899634012646167,0.05497541941999494,0.0006054544773638102,0.011273809284243349,0.03469317861274641
6871418,0.0065900024260210415,0.004845910656147784,0.040261786171692154,0.3523969202893953,0.05013529098577822,0.20587137538111439,0.07313849089574591,0.0989402817923954,0.16781994140170975
6872996,0.2092521255301836,0.22042649937979142,0.0012316890935449656,0.0046646729355904635,0.006924454430878408,0.40653123821022535,0.00088704102591868,0.1364292849286123,0.0136529944652547
6873817,0.01662979558760689,0.01770014424728698,0.016037484270019945,0.025027930685444445,0.05458778928799922,0.5180667889632516,0.006667692136201127,0.22478343109556512,0.12049894372662441
6874023,0.01670588654501249,9.157019174894115e-05,0.008889754494693989,0.005751134466485024,0.005357456533486023,0.8327094429986956,0.0031931891444120907,0.013029996999182062,0.11427156862628361
6875504,0.0829177687503954,0.0001134638363146799,0.008444690281297278,0.004962741376003555,0.0010875041535110825,0.6208131050017358,0.002739494862731718,0.19022136949810833,0.08869986223990206
6875899,0.21074373935622373,0.0004958318543136897,0.0019405374350410468,0.002859722562759405,0.00269246970410251,0.5020852434861058,0.0020539255936571086,0.25471224259344594,0.02241628741435063
6877293,0.01201271262705909,0.0025574887365296655,0.0017284716286450389,0.018025947540625042,0.000903946677711211,0.0277544347036513,0.004374188686456418,0.8834766612738856,0.04916614812543643
6880408,0.12598233597123318,0.0007337971868842262,0.007034872298000368,0.03438052741421799,0.00435215150914262,0.5134745482362911,0.006436199924443464,0.22713285953302786,0.08047270792675915
6880690,0.04720744402474433,0.00024086578754157288,0.004111886451102859,0.02165985999639784,0.0010340201830854642,0.6118688126563079,0.004943387992283616,0.1677448943367746,0.1411888285717618
6880833,0.6332832876143999,0.00033491871896569603,0.00021465976838470674,0.0010628569373571136,0.00013960403623457108,0.02118335360718441,0.0017032063581439336,0.33822080934669335,0.003857303612636206
6880956,0.012488570243794385,2.142943067892273e-05,0.0020890506225996206,0.0013492081305077344,0.0004287270458747799,0.9720660916391046,0.0002931031031496639,0.004116137831822112,0.007147681952468141
6881733,0.9852421622769071,0.00010020691478009806,5.977538297984942e-05,0.0001454188871831665,5.6328128224800224e-05,0.009245242776726873,0.00010481371028977157,0.00474497228119996,0.0003010796417084148
6885154,0.10293508526398616,0.017681425528978577,0.0018813952336003382,0.008312981405456788,0.004384180411701154,0.4383121081728951,0.0014578148198685769,0.30422885435444735,0.1208061548090659
6887294,0.04199221225152882,0.0009527909853174466,0.0009166110405999753,0.001465238288624672,0.0004998493793993738,0.26955355119147806,0.0045847849509767225,0.6651132668855178,0.014921695026557432
6887586,0.026089563936539495,0.00415951120895643,0.0004954210131175918,0.011985405804784358,0.0006920975318761209,0.17278913589676906,0.003189255778542103,0.7604955842261532,0.020104024603261605
6887600,0.013468946433519868,0.0012201733707835614,0.0005171971645382261,0.0030012082489065356,0.0002606416652587487,0.04505741043822112,0.0031927157416186762,0.9167764595513704,0.01650524738578262
6887637,0.04995278320791813,0.004550806489655541,0.005639635627603929,0.0675646318414456,0.012225883893085382,0.1757947578116222,0.010769207588814498,0.620952507668741,0.05254978587111359
6887702,0.11385188334697031,0.0037435033938376843,0.00015498429357520719,0.0015255563290918742,0.00018575960518159155,0.03557061802331889,0.0027181656856193857,0.8295493175185936,0.012700211803811444
6888243,0.03774592771505011,0.0013150719675709191,0.005758388719367004,0.01104178208863426,0.002038943886985777,0.13604822975648906,0.011087863041558546,0.770855660138321,0.02410813268602349
6888737,0.03302648671927954,0.0008368036875420658,0.008409837195116385,0.03541299038998635,0.003098493256607692,0.1250842652003314,0.013372055742990482,0.7354476100660707,0.0453114577420754
6889024,0.3709850395400751,0.005558433632522289,0.00021930261725653963,0.001790779036110064,0.00022785822133342386,0.03011837345562391,0.003542844707699936,0.5796840650740581,0.007873303715320698
6890285,0.5314004604852031,0.0028261369931850736,0.00925274275764011,0.002838357920746118,0.0011187879379487265,0.29455060280954587,0.001568418041294089,0.13905597971599581,0.01738851333844113
6890416,0.1256358121208412,0.001540948513991198,0.004003852118516133,0.0023055725499646863,0.0007380219082599258,0.18021379648403704,0.010261499447351437,0.5837351056005983,0.09156539125643999
6890579,0.129225001627299,0.0007637292512107117,0.00015564154244559128,0.0012815442949774213,9.762693938443424e-05,0.017278932748774446,0.0029617521393681093,0.8429392751576056,0.00529649629893472
6890917,0.733089126518813,0.001357065886849803,0.0007762293664574987,0.0010960125744158785,0.00022592404436225054,0.06927260456537994,0.0025819110995661354,0.18266120602073455,0.00893991992342093
6891091,0.007624686412498603,0.003311443109063641,0.0009057488772903982,0.12474274884158117,0.0011493699132219032,0.04902082622845821,0.016742343762321605,0.7717116160242173,0.024791216831347232
6891208,0.0854145146641722,0.0002343472476879411,0.00012922958607583125,0.00023204726204752955,5.020468117735486e-05,0.01740272182077236,0.0012387130718818945,0.8932782536915929,0.002019967974592123
6891245,0.384569373705821,0.0008310747954495795,0.0007824637897395401,0.0011287932261966045,0.0003085955807325627,0.10166335081643224,0.002219734987216289,0.5040992942623866,0.004397318836025516
6891309,0.1290581003265679,0.00010911124911111563,0.0005266439669304047,0.0007524225991958439,0.0001096401125600974,0.021343649949802593,0.002454837718505197,0.8398122622532926,0.005833331824034141
6891366,0.15391442213020481,0.0018379246113995836,0.00016494006939645888,0.00046927570823194006,9.365958752755851e-05,0.007899426159322997,0.0006765212566851107,0.8332663445837178,0.0016774858935138847
6891473,0.04904533887150851,0.0013965577040075553,0.0003864796182072717,0.002423161401081834,0.00034025151041954676,0.13147930962944526,0.004256072466023809,0.8007710647688906,0.009901764030415428
6891484,0.02589153808446,0.00011635759442261131,6.406029230367372e-05,0.0002520257492489549,2.633990531246492e-05,0.0030039767243159716,0.001006380903162606,0.9661646145224748,0.00347470622429882
6891531,0.3791482227952663,0.0008512442104788499,0.001393252953214066,0.001592536583405702,0.00034179234943879875,0.09746643310496074,0.002038786796822696,0.5016481987303696,0.015519532476043058
6891557,0.03431200122842883,0.0005781505566505948,0.0005880877608057092,0.0014641924593441931,0.00014465356235272416,0.011768552555931842,0.014174418878493274,0.923243283935272,0.013726659062720878
6891579,0.2656987069376256,0.000619883391848588,0.0011359592418322274,0.0026467900129394394,0.00041482972763420264,0.03730610554143728,0.004417941413470949,0.6775553109974232,0.010204472735788454
6891867,0.8138592058179818,0.0047171961864185055,0.0004611458852268478,0.002071327716824261,0.0004001641686576156,0.038279952948438285,0.002285998097105425,0.13206897908270956,0.005856030096637585
6891888,0.07608469118172151,0.0014452198187973493,0.0002222252861448999,0.006214950878063162,0.00022723052020973936,0.018000753804187215,0.002347386224653206,0.8699588683473397,0.025498673938883158
6892297,0.6684794433589255,0.0018273778402218607,8.944003268552198e-05,0.0003727029842496765,5.929304031673178e-05,0.010506903569337905,0.0003619731595494721,0.31669368645924306,0.0016091795554702424
6892562,0.6403337474813953,0.0009456094063918022,0.00045200659003009994,0.0015037859260256731,0.000167522591359824,0.033150100663830014,0.001621936395584456,0.3161405366160008,0.005684754329381987
6892587,0.403134494983371,0.0007067994373868203,0.00012658861987992784,0.0009401854829928225,8.69440249950743e-05,0.05028083753881734,0.002501472682350233,0.5290119802067713,0.01321069702343562
6894293,0.01096728113103245,0.0005948709301862743,0.10574097764184932,0.19452143151655044,0.08516270060158582,0.2977959757443255,0.003688316948360516,0.12288297857373895,0.17864546691237074
6895609,0.019490153814049095,0.00045964004089881644,0.002812943824653052,0.03407689661860983,0.0006566143374676704,0.04034216397744005,0.009680904263978819,0.8564982490252957,0.035982434097606826
6895723,0.1269647378233079,0.0008557733993753931,0.0003006804524816803,0.00039409142518887223,0.00019768157180810128,0.8209289823109646,0.0009338453133383915,0.04698542784150116,0.0024387798620338205
6895905,0.30513894326743546,0.0005694300968262484,0.0005729095672883625,0.0007319041816758659,0.0004109011158329425,0.6023949520266444,0.0031671003387548015,0.08068543438437421,0.0063284250211678396
6895906,0.1849644005694848,0.0008131387239828296,0.0003166091177555511,0.0005223832399868277,0.0001532704744805527,0.6082949583928455,0.003908428515786927,0.19410947173103,0.006917339234647038
6895927,0.20562197305654625,0.004372358167041502,0.00142026942673923,0.0021175108172281514,0.0006838960889696025,0.5986606847865378,0.002985997904085282,0.17600558258781693,0.008131727165035291
6895938,0.4969833916312926,0.00035284284806905803,0.00043021068427068286,0.0004479518463217391,0.00032396395834695743,0.3742121714872834,0.0014433123147635574,0.1211756244277707,0.0046305308018811985
6895939,0.11590842681084838,0.001029665635098014,0.0007311223881383104,0.000566214741637298,0.0005449843193624712,0.775629475908076,0.0019083910773086165,0.09761502017314212,0.006066698946388762
6895948,0.36557540282027756,0.0003139926854230209,0.0006915532607926494,0.0004657003372361795,0.00043827586037527126,0.47803754706914753,0.0027471431725735016,0.14478524548488575,0.006945139309288579
6895973,0.16395600718918113,0.0013702295208254,0.00035694681842838905,0.0008963755538528127,0.00023705343116149006,0.6150678476314142,0.0037115290127333095,0.20319087611487982,0.01121313472752343
6895974,0.4104332107672436,0.0004912125423546516,0.00026137928977402195,0.0004030511299101164,0.0002128012554957104,0.4288578359882253,0.0014689427268446274,0.15382825049400156,0.004043315806150428
6896754,0.1981381903747688,0.00031597954315506653,0.0005076714577828008,0.0008379623986506757,0.0001478032450064337,0.12610732836433286,0.0016157456209453449,0.6644415298655572,0.007887789129800893
6897915,0.07514981277552622,0.0005272751910272713,0.03957915782384836,0.09803482248178205,0.014332190263440838,0.3681203367091849,0.02095622987048583,0.20374880928894867,0.1795513655957557
6897964,0.029282741459547332,0.019943157053188307,0.003430244960257994,0.03232788695547466,0.016786001668594286,0.11710584562624561,0.018295128633856017,0.682355894508012,0.08047309913482388
6899282,0.7750879068768233,0.0006170315293413564,0.00016772150522246905,0.0003242098379221972,6.109957466366631e-05,0.03798480036700228,0.0002313949375681135,0.18294389478234063,0.0025819405891161253
6899294,0.5234572614680221,0.0016541206924822426,0.0001965747755265595,0.002257335447727941,0.0001220377030094691,0.02263941229821237,0.0009583294258029724,0.43778273109390947,0.01093219709530691
6899376,0.3630090843937794,0.00037113789450661457,0.000724573883979865,0.0010676326170286634,0.00015242546422585516,0.01940764671127396,0.006275607691416911,0.6025625412060113,0.006429350137777396
6899506,0.4116534865121522,0.0007951867531451537,0.0005388118561189876,0.00039938292649658154,0.00016660608484676852,0.4363939672168224,0.0011207314729896767,0.14122151369197414,0.0077103134854540735
6899530,0.008852636282402545,0.0019198530369771937,0.00026239536084527175,0.01765025409706229,0.0001605617122787773,0.053757097789767866,0.0014918287049010368,0.8300973145083972,0.08580805850736771
6899560,0.05786854847009242,0.0018873359164194527,0.00041747469993629564,0.005899477333235086,0.00017274288984158698,0.07721151750847033,0.0010119950991198823,0.8340439774704805,0.02148693061240445
6899670,0.03863625926859635,0.0010815744629934568,0.00011437618375256471,0.0004336224291041125,0.0001349995015515363,0.07378431763030702,0.00027147711539894106,0.8783242650915896,0.00721910831670635
6899695,0.013061299766816912,0.0005160180510915888,0.0001068807329160137,0.0004468926745354792,7.088882552155888e-05,0.039075944071894346,0.0004679003824747733,0.9385434920884396,0.0077106834063098055
6899730,0.24466926458520571,0.0009145696177038837,0.0003784069697609331,0.0015351422910196704,0.00020289217302216588,0.16450723672623344,0.0012198800511799722,0.5672070291794741,0.01936557840640024
6899754,0.005957992267379501,0.004658342103030649,0.0005593264046669956,0.029657211453718215,0.0006854725013690649,0.09199154989446917,0.0022282853631017414,0.8116922828098857,0.05256953720237896
6901206,0.24161436435903005,0.0004614653965732359,0.0040456943889320305,0.0023399092865819524,0.0006833979169002666,0.266884299683254,0.006629912601686251,0.4277461714691851,0.049594784897857236
6902131,0.34068607091133624,9.782829449906274e-05,0.000856188817978792,0.0017051041282522576,0.0005324281948686436,0.6300306795596277,0.0007070972930258413,0.011010506689149376,0.014374096111262107
6902271,0.008850933862396264,0.0011936553678400712,0.002766596188037232,0.027847497621469035,0.00417572728756679,0.1398444151330143,0.004527921674786888,0.7589840204420344,0.051809232422854984
6904326,0.03165243130656814,0.0010634952099794369,8.442268690138682e-05,0.00048312505593467106,4.9838758301805543e-05,0.009386243629424527,0.0002621249442810232,0.9515684415431728,0.005449876865436383
6908023,0.012714061070766478,9.613861267080132e-05,0.008103035858358521,0.048615950031479616,0.01628548267211515,0.7958703386720198,0.002286010622064623,0.013931030621234032,0.10209795183929092
6908625,0.7135896360546835,0.0005332889087059358,0.0007249801104812275,0.000769651182503499,0.0002577940305840479,0.15298780881685684,0.0027638457707594255,0.12404107391880843,0.004331921206617009
6909657,0.27254815332876253,0.0004492308498742947,0.0001772513393158966,0.00032225577833836335,6.308707261911214e-05,0.016698631053159795,0.0009400564779696813,0.7034393685246161,0.0053619655753441645
6909786,0.05836676134846863,0.000715563552477258,8.132668715865443e-05,0.0009700224675463119,7.30363023034948e-05,0.025682099651701023,0.000905334967743828,0.8947528441406705,0.01845301088193045
6909952,0.47271246589045357,0.00094059427263929,0.0005101877932815726,0.000927393165135075,0.0001968129501428064,0.022757735484958394,0.0030707057332198546,0.49122785744992303,0.007656247260246348
6910003,0.060573869872071244,0.0003083505128536928,7.672879229482407e-05,0.0003210482430492164,3.288417636879925e-05,0.004546574109456839,0.00044718549261753965,0.9292830133170472,0.004410345484240539
6910407,0.008354776008650283,3.704660938615302e-05,0.000623923950025471,0.00033563216343441773,0.0004653740227298232,0.9716282739877916,0.0002214313771273769,0.007324646303943244,0.011008895576911641
6910422,0.19775743310145055,0.0016372043318775174,0.00018299382949985785,0.0006359615417059214,7.933890295730886e-05,0.03833434612987861,0.002513140825868836,0.7492591256426709,0.009600455694090607
6910425,0.06458506858736275,0.0012302475076539623,6.688367950097849e-05,0.0003130352414418974,3.491954123734972e-05,0.004295159075580464,0.00028073286534504313,0.9270719604544118,0.002121993047465705
6910560,0.013570400979247603,0.0011389127757933575,0.00030999405965995706,0.06939789128526487,0.0002952903216551546,0.030389164184231175,0.005304080549212849,0.7753723317393763,0.10422193410555876
6910590,0.0954628642722259,0.00046383860971796985,4.095783650624319e-05,0.00030605987046009654,2.3187826060813557e-05,0.004703940302915494,0.0002054442790018526,0.896854312922387,0.001939394080724512
6912744,0.015001985615117437,3.275398731114966e-05,0.001573638120802124,0.00045416965106964165,0.0009091027074722501,0.9558914513768457,0.00013457469032840023,0.005634880609835765,0.02036744324121753
6919118,0.36702799492421734,0.00046575650017454046,0.0018852334081682865,0.002834321298353308,0.0006988828753362459,0.3899858960074953,0.0034687872882602448,0.22492457800708954,0.008708549690905256
6920152,0.30167595342195996,0.0003108631118521068,0.0018476169769015395,0.0021184309037133317,0.0005399538004748774,0.4126145284965783,0.010359961543999631,0.2603661635875738,0.010166528156946379
6925791,0.21542269078017015,0.00014530789733180173,0.002066157281970395,0.001582066263999351,0.0007149006727733167,0.6673950644788771,0.0036056714931285917,0.0876398894277079,0.021428251704041446
6926246,0.4098794438518054,0.002979676343738288,0.00039359996185040153,0.0003712747254057383,0.00014703833060181374,0.5160616706857964,0.0007977065361887698,0.066997604930497,0.002371984634116086
6928841,0.010932691556541826,0.005364506733354939,0.0106157035441993,0.27305529488286334,0.01367080043650375,0.14723404150186378,0.04122546722041905,0.11356793352815049,0.38433356059610346
6928933,0.1010130059110781,0.0005547124986612221,0.0032792477720196174,0.0006393522189138933,0.0012654348970444881,0.8533783170618987,0.0014683346204725192,0.03195535282542677,0.00644624219448464
6937241,0.022848730932110223,0.002044768524621896,0.00024459986194820386,0.0017826115958017126,9.860807649226521e-05,0.01134488836630207,0.004883998541230858,0.9339059041337376,0.022845889967754947
6938426,0.023625212184381173,3.0157316642054983e-05,0.0003600292989538252,0.0001838186696587653,0.00017852531599232187,0.9644003773346251,0.0004333059838139641,0.007965700235959246,0.002822873659973572
6938530,0.04107003464487944,9.44814076690076e-05,0.0005905637426749803,0.0001848306184372965,0.00020252991109377582,0.94270355146412,0.00021101667350062315,0.007977703022204522,0.006965288515420384
6938682,0.8683478111891474,0.0001530142968749065,0.00015835974333099003,0.00021727904620912525,7.045391394857228e-05,0.04118503277259057,0.0009223689297967061,0.0872491140257656,0.0016965660823363264
6939166,0.043184497556283785,1.9482611117907012e-05,0.0002190024378180046,0.0001606342270324247,0.00010435170251863466,0.9457194440869559,0.00017320856274562806,0.007565395975452698,0.002853982840075037
6939222,0.8937290158582707,0.0004971844036491217,0.00016435068660243984,0.00016929808537511777,7.142981224732129e-05,0.044242495090997466,0.0003287079607518584,0.058338367109884125,0.002459150992221875
6944591,0.5359541095536466,0.005802835472411225,0.0024367766412179137,0.0005849433008065053,0.0004933438290637298,0.29350292949244083,0.006180666994464958,0.15094883425546735,0.004095560460480779
6947293,0.021087885065939026,8.591434099717698e-05,0.0013368830485925311,0.0004931209067545423,0.0005618451889544458,0.9294714340025011,0.0026941373418971157,0.03632707834607082,0.007941701758293299
6952804,0.10940817533091722,0.0011710477656123196,0.0015841277104236017,0.002467896592103153,0.0011406805887946127,0.5470841306281569,0.021408608034988775,0.2929521297901997,0.022783203558803915
6975207,0.011964759794879919,0.00016923032398690808,0.0013730124359223417,0.0003474818372882959,0.0002301839616492299,0.9578251915516856,0.0025444450324706614,0.017987873303233655,0.0075578217588834545
6975472,0.02268704297753375,5.7402613325484174e-05,0.0015314057442926193,0.00027321929332835407,0.00018380096626542937,0.9475557269102977,0.0008049725191313455,0.020252194216273757,0.006654234759551708
6975490,0.003027869900828337,3.341807571093118e-05,0.00020462385246178293,7.283460198786372e-05,8.45029990426526e-05,0.9769243866065919,0.00011224521601826502,0.015004464164640931,0.004535654582717311
6976427,0.006413413932904099,3.1540245038473114e-05,0.00019976987210570648,6.418218067743351e-05,5.899181763298691e-05,0.9570601596117154,9.2911683020417e-05,0.028965825041435446,0.007113205615470012
10551287,0.048240911025965144,0.0005384667678438896,0.003183926975351259,0.0030389601144355377,0.004382659978334884,0.8886119714231379,0.0036797845849654313,0.03397886149439285,0.01434445763557309
10554874,0.16790939124630538,0.12132540344777192,0.011400417687773369,0.01033803207176796,0.01578746411278258,0.4792611155143699,0.00750851797827929,0.1724244279897952,0.014045229951154392
10555071,0.09538466105439135,0.000309985508964788,0.0021894199978396223,0.001343841173208616,0.0006094508590678626,0.5805892598066377,0.0031709127112796043,0.28942571381853294,0.026976755070077654
10555459,0.01918868938831188,0.00022829767213824645,0.020859725802485195,0.0073022114835737525,0.0033586979845118717,0.5734387656179514,0.0028507124297396606,0.10789019915224689,0.2648827004690411
10555968,0.0033029968152577987,0.006786110213361193,0.007170185744718003,0.08550493111727064,0.0335570807973372,0.3808275612040666,0.0038190605827969496,0.3000109888246108,0.17902108470058076
10556692,0.03361708453492425,0.0012601770496096989,0.0011554588901476653,0.005796599908574638,0.0007033337275002143,0.21396401980964402,0.0014379475486741167,0.6406022112650518,0.10146316726587348
10557065,0.011623656190730107,2.1225923772524903e-05,0.002655462769102956,0.0008091408790883817,0.0009387441086820948,0.9726857851260876,0.00018634487766240943,0.0057952859225383945,0.005284354202335549
10557235,0.0091509956827506,0.00015681426392498345,0.008007440960384617,0.03487886947292606,0.0029914324659702507,0.8364876774298581,0.0013567573997652139,0.0201563556749651,0.086813656649455
10557310,0.004190130946281505,0.0005092551714354779,0.005730929000086283,0.0044604437068613495,0.020157620685382356,0.42557896329079736,0.0013139355476407188,0.49597253846605227,0.0420861831854627
10557603,0.039276065570907244,0.00018549855440751282,0.0060925532412052265,0.001781039429806095,0.000778333460684721,0.7771396247783076,0.0011471985659041034,0.15728703435433036,0.01631265204444727
10557649,0.028492411636536496,0.00016419685080247185,0.008768675281704682,0.007577426435107268,0.004414599349744833,0.7854603424996259,0.004745993356747428,0.04398579316825598,0.11639056142147466
10559369,0.05434775169819034,0.00040652826324233334,0.0019552484240020753,0.0003393746653936848,0.0003761175558497225,0.9044152951297255,0.0005874529407524164,0.035085958479093605,0.0024862728437501785
10559516,0.12098728283071045,0.0002482781479142023,0.002143875790280653,0.0037106817873267407,0.0021844471288095706,0.833563567090495,0.0004981968304513116,0.030515122658785112,0.006148547735226811
10559765,0.05517546711627109,8.828876103867483e-05,0.011001930350539875,0.0017222243622372813,0.002296278874658681,0.7574587144200887,0.0008227293365614722,0.1255535819533148,0.04588078482528947
10559904,0.17436759717201572,0.001602342033611475,0.0024665467684393647,0.0034972123654679753,0.00233633059918982,0.7092182817263868,0.0011555476053428163,0.07596281356206931,0.02939332816747661
10561136,0.011831146653430569,0.0007738314912273034,0.0015506149094632136,0.0010228310546868465,0.0010220763821194901,0.8883293180229004,0.0006478530712726402,0.08579892439669272,0.009023404018206954
10561583,0.08763455379315699,0.0012682143447344983,0.0019883457274921337,0.001227222782963924,0.0006797721031341776,0.7802889041374688,0.0010220763563590504,0.11388309945966268,0.012007811295027676
10561870,0.29630955479594995,0.00015409290385406035,0.002846261161884044,0.0005581226046228772,0.0008990613728786812,0.6750206664757168,0.0003937902827302384,0.018942810967515916,0.004875639434847397
10562711,0.019991009583551416,0.001049398738433239,0.01893288840906592,0.02951163488697901,0.02149639896105763,0.6867074166620054,0.003618171449498336,0.16130322227807564,0.057389859031333416
10566953,0.15797080835118463,0.00011107339760032183,0.003928211296640055,0.0011170888362624339,0.0010029208803635004,0.7989162603929254,0.00054630766947744,0.013532259259733673,0.02287506991581252
10567563,0.055315757713295145,0.004403703840578393,0.020484625367637593,0.0020854208229918484,0.01014063362578614,0.6240315295529081,0.003112098842471074,0.231483842602011,0.04894238763232064
10568512,0.6316778838335734,0.0012017864483627187,0.00105171599664163,0.0010839632055645236,0.00038722510285514253,0.2395229189016303,0.0009823404878507704,0.1107366538484935,0.013355512175028157
10569249,0.11750149667271448,0.0001505278557078584,0.0008857457621112005,0.0005544303347221206,0.000546328250934415,0.7878638056845505,0.000751639983039476,0.0856375354347339,0.006108490021485925
10569900,0.03957686725716589,0.0006484848920424878,0.0712963797605157,0.049323534128785526,0.2739197750500234,0.3597308139546644,0.004651450683511498,0.10231388967111747,0.0985388046021736
10569996,0.27614339731078696,0.00037538503790792615,0.0009660239155517584,0.0012154948562868373,0.0004273499251123649,0.6674415522552881,0.0008325638711970422,0.039839447309384886,0.012758785518484
10570047,0.07194863731635459,0.0001280794611040355,0.004072511001058976,0.0008541832222080132,0.0006567510471487218,0.879833706286781,0.001203762391132999,0.02741534826554171,0.013887021008669882
10570186,0.22877990100747142,0.0010766406207137565,0.0016759110537520377,0.0031638639549418676,0.0026909782127321753,0.5998815409226305,0.0022208070166334602,0.13420720064344038,0.02630315656768444
10570190,0.2399417271273213,0.0001550189974171994,0.00208179441975522,0.0017665240778267262,0.001547884769737383,0.7221049841271379,0.0005723132108917003,0.023846594501620737,0.007983158768291738
10570281,0.19184643402450652,0.00020729620799473817,0.0011982687573494142,0.00129010191137352,0.0005621303143775197,0.7315951066805424,0.0010198694917737503,0.06067511592663078,0.011605676685451297
10570444,0.06310226785088177,0.05224343640004035,0.009776862932359714,0.013713034849553773,0.010055721625979782,0.5590429187176167,0.004232730859168343,0.19463924881601222,0.09319377794838726
10570516,0.036264912046809636,0.0005627636839139082,0.0017935198450449296,0.0007633619325184308,0.0006855512555852119,0.8128346939032536,0.0007244662904460585,0.1348232586767304,0.011547472365697906
10570563,0.3143608453923277,0.0007874542716428399,0.0006116877418496138,0.0013853798246464778,0.0005153796623902539,0.519948416103531,0.0009460165913410656,0.1362270872487171,0.02521773316355392
10570908,0.3586457520947487,0.000752637084730536,0.0005973919132291247,0.0038069862542170797,0.0016286738567936508,0.5097760139417192,0.0005827573727677386,0.09673355491190548,0.027476232569888268
10570962,0.00868919597491397,0.000271912536228513,0.009832884404100638,0.0015270227465701976,0.0010141002371324057,0.4897952311010506,0.0026254358433108467,0.16010267333289188,0.3261415438238008
10571126,0.06408289491004025,0.0021761407605147163,0.0009377687781202426,0.0005762061347276017,0.00025161610337951363,0.46950671200045013,0.0010940767515316245,0.44751795280334905,0.01385663175788702
10571129,0.007096750890839785,0.005552393144144711,0.0012997252669432486,0.006049929332086327,0.0016659973149406825,0.7880383227385144,0.0008338523633864431,0.14716450396229055,0.04229852498685368
10571130,0.004722509327125196,0.002653907128987149,0.0013665034753399606,0.011222377603912108,0.0016903602150106082,0.44202489766854913,0.004127068726862203,0.45193867256943804,0.08025370328477566
10571150,0.02014731706232497,0.0014698562185218413,0.0010568129895318437,0.0010777763318428036,0.0005840547952510086,0.8221516251794115,0.000537401871373254,0.12998598629085012,0.022989169260892735
10571157,0.37014351958742825,0.002727724975414091,0.0005914777434997291,0.0011136127122518093,0.0003956132273130494,0.5152074166048741,0.0013680633284751146,0.10109317657778696,0.007359395242956894
10571249,0.07718167916290056,0.00035234670212691647,0.00047068885339526757,0.0004514272755851934,0.00037144207082498367,0.742046878816094,0.00043259677935368314,0.16651126584676168,0.012181674492957732
10571563,0.022478883051574763,0.0001721265148922848,0.03369441564960441,0.002632168344782205,0.004251924077179265,0.7116215787089377,0.0012589421725071994,0.1908091793021021,0.03308078217842009
10571600,0.04218902128091357,0.0003932174086640682,0.0011758836206220596,0.0009322603564818185,0.000958024533211153,0.8606227464213848,0.0006474650043367422,0.08457806964902284,0.008503311725363083
10573894,0.011652961697051841,0.0004932806241341234,0.002308533324666813,0.0032083204255790535,0.0014251701927454083,0.7094651403491053,0.0013147927244476568,0.20460301287987603,0.06552878778239364
10574347,0.029207782086117743,0.0009973956352167905,0.0020342134700877695,0.0018701574508204625,0.000699561325297527,0.833149364000549,0.0016747635819593777,0.11632886282402163,0.014037899625929618
10574370,0.03491352005180305,0.0010660379851243223,0.0009787449808565153,0.0012856020695596528,0.0005983900528610225,0.6639248057928772,0.0008544817445542943,0.2635452457494119,0.03283317157295207
10574372,0.24608202902856333,0.000709085268101915,0.0009476376119360129,0.000558400428659555,0.0002479922631693633,0.634783934023317,0.0008324135670249708,0.11240729122401531,0.003431216585212663
10574408,0.0035470351816979284,0.0011153135838277036,0.0017858595827041173,0.010927801699367542,0.004420318648131568,0.7480498780680743,0.001032458680573984,0.20057822120012955,0.02854311335549316
10574430,0.01771209327368401,0.0001147405693420663,0.0007039083032569011,0.0005024729122720336,0.0002322874285931776,0.8546857286075984,0.00025492108009470205,0.1193377824315285,0.006456065393630165
10574439,0.012174008043280598,0.0005256199062668002,0.0007559078123930766,0.0010658315721449327,0.00032715034974039063,0.7801296378903884,0.0005088492829553826,0.19049621723692967,0.014016777905900748
10574456,0.015412284309833865,0.00044758721037145555,0.0008657574052156799,0.0007644265014625534,0.0005588486047461846,0.6955427864994546,0.0004642114397546322,0.273874637063015,0.012069460966146044
10576038,0.013477146777030534,0.027770934652920555,0.0027374081969221277,0.0028310193520330626,0.0034987981786650875,0.8366092645977227,0.001477629191858026,0.08626303508198702,0.02533476397086084
10576770,0.016351263881531304,0.0006703244299668947,0.0019611806082934233,0.004155611401813751,0.0005979282328382287,0.7685484915748283,0.0012706338171520168,0.1757287893568144,0.030715776696761597
10577118,0.03578142223052736,8.637681832744663e-05,0.0023513060591227567,0.0006875473699598744,0.0005837701796888096,0.8781756159709289,0.00020133835904578555,0.06448192480149022,0.017650698210908863
10577354,0.13535253084083226,0.0005691544885233734,0.0009045247990553539,0.00036298237996608147,0.00019419695640036886,0.8198157425474079,0.0007206271749581689,0.03898328089903811,0.0030969599138182366
10577622,0.07523717104152453,6.042416863458781e-05,0.001432002441428852,0.000891652791081738,0.00033629253594790777,0.8036339181638594,0.0007399435304627484,0.10732198959835128,0.010346605728708876
10577723,0.035947515831208456,0.0002479893766081407,0.0006223506609032465,0.0004987793802353385,0.00021121147478836639,0.9270134437564963,0.00040149779802936065,0.03077140677726663,0.004285804944464129
10578130,0.06123803637239911,0.037739087846326465,0.005903129189783108,0.006885306559125625,0.0068464982651716905,0.582406535197752,0.00594882198736404,0.2622396253570318,0.030792959225046157
10578295,0.2769658101432614,0.0012316174595829966,0.0025102443844144057,0.0036611138107235943,0.001338492704695458,0.57575416605734,0.0014292312392730116,0.12522229585174163,0.01188702834896745
10579132,0.497615947026991,0.00017716491389741957,0.0015223749607402555,0.0007169213300788176,0.00032909062126480266,0.46792935762659,0.0009430630650261042,0.025966139844368217,0.004799940611043524
10579372,0.1853519085691818,0.00011450008725175281,0.002292390426490261,0.0006315125587924308,0.0006136027249640616,0.7400314198402856,0.0012948684542647261,0.06237129124555384,0.007298506093215522
10579452,0.06088798230454552,0.0001395022329798986,0.00851795122849653,0.006859323048737769,0.014168089518208766,0.8504596779843219,0.0022974184676849926,0.029140599677966568,0.027529455537058187
10579754,0.050712809651519176,0.00016139079673019622,0.0035169454655699993,0.007668129222273493,0.012821423098863588,0.7461560083178307,0.008836487744860268,0.0568979660714094,0.11322883963094321
10580098,0.19652949376374906,0.0002740594230486467,0.0020810588099719313,0.0012074179391968066,0.000859241095324551,0.7418197146553708,0.0007223862466380509,0.024156965342886617,0.03234966272381364
10580150,0.14776127484622098,0.0002486338647696823,0.002336275886793326,0.0015016647774118723,0.002002976646311841,0.7842612045338139,0.0018761793069474442,0.047543888259036174,0.012467901878694699
10580642,0.012652522537072622,0.00034238367340179996,0.00047507332070111726,0.0008454161832074088,0.00032644070531703546,0.9220057199761341,0.00028532152602552143,0.05671470362472136,0.0063524184534190275
10580740,0.3333959397196731,0.0008009861903630266,0.000541136850524975,0.0011236750265186043,0.0003292824594256642,0.5130705379496989,0.0006780759667259213,0.13715717310830386,0.012903192728766014
10580745,0.35156841260631433,0.00048606508512438664,0.0010994184359525059,0.0008475719474546696,0.00021274485754899162,0.5005589972487857,0.0009758652068299743,0.1254043507032877,0.018846573908701626
10580771,0.017498987298809998,0.0013337948606282882,0.0004906084858932087,0.003426358549695796,0.0005229779200090653,0.5922582271324195,0.0006122026084780524,0.3014303043177418,0.08242653882632428
10580995,0.06465380806468075,0.00027511399120415267,0.0016378363429094068,0.0015880586199262421,0.000521878158449299,0.6353139577250603,0.0007103396654724305,0.25487972319750707,0.04041928423479048
10581310,0.23573336248771015,0.0001765607497818602,0.003511272056462653,0.00092355888272101,0.0007522397790644712,0.6335015211506936,0.0013975461607422177,0.11504234430141612,0.008961594431408046
10581368,0.003593557346955995,0.0026174656225968133,0.007658333542230438,0.02573825448407199,0.005363764341276348,0.6407276157394575,0.00420124412090838,0.25737388595257316,0.05272587884992952
10582173,0.024919628460366952,0.002625113109310039,0.001784870266949772,0.001490604935589663,0.0010505133666768407,0.8640198101510785,0.0010389977585500915,0.09206738560082545,0.011003076350652638
10582418,0.0224098118712603,0.02930056651994033,0.0038621098190507125,0.0026764773443916797,0.004408573751322137,0.7932385566109359,0.002825849792365163,0.1338525472214584,0.007425507069275286
10583009,0.3223703618047382,0.00013373459815719965,0.0015335514275918766,0.0006953248914473193,0.0007307205437490055,0.6563459078395304,0.00094093904705109,0.013231780646158249,0.004017679201576744
10583434,0.015030849613261343,0.0001798339849333677,0.020281385035224826,0.01426645445496176,0.0010564715063944344,0.8204311516951257,0.0015227021179908171,0.09577860274278874,0.03145254884931904
10583521,0.7683292611142749,0.00010487036808128026,0.0003703361498023549,0.0005668643515699173,0.00026095031931190756,0.19691613889370163,0.0004746747019391285,0.027130097439370178,0.005846806661948595
10584210,0.19585592326395557,7.610098353079605e-05,0.0016063371516800704,0.0004737229987239654,0.00017708783969991822,0.6473465207127825,0.0007895564645002629,0.1453960599041994,0.008278690680927507
10584222,0.18703970872816492,0.00033061134834263346,0.0005727036654175899,0.0002613989156384807,0.000150183376913393,0.775455314621578,0.0005939175132954371,0.03276252556530234,0.0028336362653471974
10584314,0.1083404671488912,0.0004402784929862419,0.0003658044263493631,0.0005910116314111667,0.00010233133501562508,0.13767190447326944,0.0011263337467836024,0.7213525101119989,0.03000935863329445
10584430,0.40225106008651035,0.000608905220120706,0.00100418750570161,0.0008440067797844051,0.0002439273347313264,0.482841748413336,0.0009390113043210713,0.10295423796165958,0.008312915393835189
10584519,0.11533406518269274,0.00020029415496998815,0.005250529939220025,0.0008837259715445431,0.000542584539892477,0.7965532358533836,0.0011827083351677106,0.06147910286968424,0.018573753153444676
10584820,0.047656441894866584,0.00013458776378223785,0.01643066343281612,0.000654607379930622,0.005590632621090879,0.8207803421480879,0.0010443878001620125,0.08674200496652021,0.020966331992743368
10585136,0.007052315439483403,7.599004455136151e-05,0.01918794256795593,0.005326844656348918,0.0011585184850461457,0.930649679399254,0.000568912745382809,0.016408837470316663,0.019570959191660867
10586849,0.09793675184083472,0.00034471566207978785,0.0029793986059680777,0.0021528031165565778,0.0013130265625655206,0.8465349341634556,0.001258267679056226,0.04173263165968872,0.005747470709794728
10587734,0.4264456569537653,0.0022220393856780094,0.0013502829655805237,0.0010005848120897217,0.0007687541120996704,0.525889275773901,0.0011459113646707048,0.027121139020494848,0.014056355611720273
10587840,0.0627563480658021,0.0006047785825250155,0.0037047062910228567,0.0013788025002249116,0.000504662256410086,0.8809614603608126,0.0017043331326217293,0.03968561670479253,0.008699292105788266
10588529,0.950550240334383,0.0004941776481392396,8.068425387311841e-05,0.00016360063220451386,4.702220714443816e-05,0.010241856065075381,0.00017718971305745319,0.03743842102038776,0.0008068081257349667
10588664,0.8264429686071547,0.0007595993156327285,0.00011011812791187027,0.00017884317202164477,8.078810378018342e-05,0.040732384980928106,0.00042479347288693677,0.1295231435689711,0.001747360650712669
10588792,0.61606162109961,0.0009678508047089866,0.0002066002158891291,0.0003489380658943458,0.0001580324968326262,0.016836090653705182,0.0003017548143484401,0.36321043906058154,0.0019086727884296763
10589349,0.3379774597164596,0.0006842282151713764,0.0009599411140936469,0.0012034248649863304,0.0004028425593349698,0.15315045306993025,0.002999956643356264,0.49092631215553,0.01169538166113766
10589410,0.04974850300405702,0.021535440820347203,0.0013008623909395668,0.0072478338229737035,0.0020708059696258763,0.4668937606698869,0.004829287661774517,0.3966022147864955,0.04977129087389986
10589411,0.0969233760228428,0.0014011561143392897,0.0002613844976523786,0.001036707551140802,0.0005727614781724454,0.33187476801964605,0.000766560897175695,0.5598118648675318,0.0073514205514988
10589472,0.341262857913284,0.0031058456030908163,0.0009612649502573355,0.0014705499872005303,0.0010924679310352742,0.1488671912975619,0.002731264977004477,0.4917616112729439,0.008746946067621768
10589485,0.030409160856420675,0.002169808610111203,0.0005413594593048078,0.0012538862897712743,0.0007032333145829113,0.11802785444847305,0.0013329522922167817,0.8344374958592978,0.011124248869821537
10589763,0.014651002385426213,8.223685459372493e-05,0.016648501717904503,0.015592187183791796,0.0010526200440825117,0.923000195579675,0.0011657268824846276,0.007525342373038098,0.020282186979003514
10590733,0.006002122697436686,0.0005990537647276482,0.01322400077829997,0.019451303623344896,0.002022363726093799,0.8665111421907327,0.0032187147876361673,0.028672281749431282,0.06029901668229679
10592587,0.015917604740388558,0.02647654505924028,0.0028668524137580973,0.004087154336754282,0.009474050768545775,0.7431635004013981,0.0015474708351409813,0.1661954425849842,0.030271378859789713
10592944,0.04428425548734922,0.00022293051972050126,0.013107968723204888,0.005456468602621007,0.009515537678066814,0.8390230882923397,0.003485638081469826,0.05878171117040191,0.02612240144482612
