track_id,Birds of Prey,Clutter,Cormorants,Ducks,Geese,Gulls,Pigeons,Songbirds,Waders
6868504,0.0014127883036036174,0.03953300560301854,0.009344203100972214,0.3376635638463184,0.3762424378689864,0.08220595056599178,0.02937813599354685,0.07999281377817608,0.04422710093938611
6868536,0.0014562862343252886,0.029911139204531253,0.007965998077858414,0.3043631285818214,0.2509759586594565,0.1279202125566293,0.02324763600898246,0.18386642293430955,0.07029321774208581
6868565,0.0019011585987931284,0.026893086903316796,0.013628943814990713,0.3762847726495922,0.25861009897455917,0.11214669448058562,0.04156068089811992,0.10967701634124492,0.05929754733879761
6868861,0.0007491301026815597,0.00138174490603826,0.11354077886365382,0.09599939583320863,0.6818513187456078,0.03400750657743498,0.0019556838239464325,0.01468315028451436,0.055831290862914114
6869275,0.00028709329905953894,0.0002782994273923571,0.07807640529635208,0.03237960575757239,0.8027189621289529,0.037124180869451115,0.0006612001536124106,0.011840899314014093,0.03663335375359303
6871418,0.0022346887102794367,0.0027677781583236743,0.033051406552611684,0.4415835625701166,0.07688527417755579,0.11808779757399504,0.06842720996387072,0.0794425784178831,0.17751970387536387
6872996,0.05816043479118212,0.18230853424285104,0.0005407081533416869,0.005418257673329541,0.022413146129331683,0.5149787226026428,0.0010824628082725463,0.1925428075540436,0.02255492604500492
6873817,0.003956896191451775,0.009183541845367517,0.015489131223933708,0.039009131467327936,0.0723883639363958,0.46740410723111014,0.0073719306093608305,0.21391137994672946,0.1712855175483228
6874023,0.006922568261931155,9.741482502972042e-05,0.005953790425201556,0.006933762544027632,0.005402650200495993,0.8293779038364845,0.0035889226513946817,0.012893404221819612,0.1288295830336152
6875504,0.031475687094331635,0.00019206576011776316,0.009952332897313372,0.00461940373520056,0.0016359168481437873,0.5587683001452723,0.003817008898475883,0.2977132785551388,0.09182600606600601
6875899,0.08087254634603139,0.0005589229435735553,0.0013118229837198623,0.0051846047340153335,0.0038499999689032855,0.5895030533777438,0.0036714623044645585,0.2801140288227636,0.03493355851878477
6877293,0.003985743499505791,0.0031150687237998975,0.0009467694597884527,0.017473501190735374,0.00128638636858759,0.029135105382793527,0.004819678549441777,0.8848182025762454,0.054419544249102135
6880408,0.03133504230685241,0.0009483432799361929,0.007214973728939723,0.04689043840344806,0.004917813092743144,0.5662302555939153,0.007269705782588418,0.23836470113162603,0.09682872667995078
6880690,0.014853806764710929,0.00026095051595382114,0.003585433518281177,0.015136056111046162,0.0012128423405652494,0.6371825104572995,0.0047663288612459845,0.19564391192403913,0.12735815950685794
6880833,0.35184431851375436,0.0005582181748602552,0.0002866754828627138,0.0023627971251725787,0.0005682727293153518,0.042523692894413226,0.00556877963184019,0.58579531386298,0.010491931584801318
6880956,0.00490439745997817,3.2355791230780443e-05,0.002210582836781646,0.0018048512730593686,0.0006841057443337084,0.9679443364305557,0.0005039319577042955,0.0068690983254450595,0.015046340180911411
6881733,0.9362134242562736,0.00035873721263180044,0.00010480791774747474,0.0005393803350040565,0.0002550646012941421,0.04476646420774579,0.0005239217519808046,0.015511162148194528,0.001727037569127766
6885154,0.03457853907393186,0.01816348521626835,0.001165798700918579,0.013078588432707443,0.006460094621051249,0.45663916595368614,0.002131873880411076,0.3205860698043845,0.1471963843166409
6887294,0.011246675423488364,0.0009042784277017566,0.00234856032946405,0.0015035123019552774,0.0009449306997398432,0.31116035704859873,0.006240676421105828,0.6425795092494467,0.023071500098499547
6887586,0.007089790396726196,0.004806909068702659,0.0002278138722693753,0.013368003508678315,0.0010363974857271342,0.1949674316786302,0.004447758567196158,0.7415792924718917,0.03247660295017827
6887600,0.003329336608901122,0.0009122010496990552,0.0002589597709813564,0.0018985274116663754,0.00025251348354311766,0.030755368119852296,0.004964988912324536,0.9381856670469156,0.01944243759611649
6887637,0.013972411447515992,0.002700816058284838,0.005604303807519342,0.054684636672628024,0.016202208392524443,0.16028739080182228,0.01640936654790082,0.6896474964028549,0.04049136986894936
6887702,0.05084015310958656,0.0039061391027548904,9.128271975696922e-05,0.0015070293033180077,0.0002761544716274294,0.036634877873074706,0.004987386509841932,0.8842439075461792,0.017513069363860212
6888243,0.010214357015798292,0.0008852144636353231,0.005734425738308321,0.0058784571647140325,0.0024440288568355574,0.11027467386833154,0.010459332404462634,0.8332122616359458,0.020897248851968534
6888737,0.008389373642313916,0.0007686084561562694,0.005879915463402368,0.026507807855293872,0.004897624394823329,0.11947766913802088,0.017474255282048604,0.7777098239651817,0.038894921802759046
6889024,0.14901517232844022,0.006781649621430963,0.0001571402473092866,0.0030938229578089103,0.0004315283331937538,0.04072251925495954,0.0050705153674859395,0.7828908519955271,0.011836799893844228
6890285,0.2811721358146504,0.0030419122732110696,0.007116766970700925,0.0061757256007884485,0.0014904067461266343,0.4443213213381418,0.003533805957674964,0.2244409244448319,0.028707000853873777
6890416,0.035944430135419224,0.0012837037590675137,0.001663403325811395,0.0026635637272802446,0.0009622323624435394,0.1946544690288442,0.014716169343295074,0.6608040202365165,0.08730800808132227
6890579,0.04180219573089864,0.00047565058069517206,6.2640290768319e-05,0.0014203525895826559,0.00012078046557969714,0.021735264124675194,0.005343102249959792,0.9179667478785328,0.01107326608930773
6890917,0.39300479333962307,0.003306672770050372,0.0010399867268325582,0.0050293026620177395,0.0008958329070627909,0.14831031362455885,0.007774074297198972,0.4131391804808225,0.027499843191833274
6891091,0.002569796749163655,0.0019425407175094787,0.000557616874688012,0.06760945082818995,0.002484818522271013,0.04435398695601797,0.02145985922078465,0.8314475261583719,0.02757440397300327
6891208,0.024444564134435028,0.00020523536344657756,6.510873078470716e-05,0.0002686255702691341,8.971209109930816e-05,0.01979020970473043,0.00256713970844443,0.9496467074493347,0.0029226972474556525
6891245,0.12128742979519808,0.0010863580384519922,0.00045012705996282836,0.0022097148081566503,0.0006380411712113953,0.14023739201743535,0.004490505921490024,0.72033434464527,0.00926608654282365
6891309,0.0392447423569872,9.466589423996267e-05,0.00022197453298283438,0.0009044145553407956,0.0001731359043669825,0.02210829044112353,0.0021997540871341766,0.9259286408891316,0.009124381338692934
6891366,0.05241788074873097,0.0017654159696686997,7.70891056888572e-05,0.0004547448309456681,0.00012187307236267641,0.008071710393017123,0.0008673595133026219,0.933587711174997,0.002636215191286451
6891473,0.01199704295786379,0.001275815671138184,0.0002443667902666115,0.0043566732647147485,0.0005809152529970027,0.1213825944429748,0.006387348064029506,0.8412482013159698,0.012527042240045576
6891484,0.0041190371100522935,8.146442812318263e-05,2.7004176495024658e-05,0.00016308525664919114,3.304277831360084e-05,0.002591754125684556,0.001310147449442103,0.9879805400750739,0.0036939246001661103
6891531,0.1332690098591872,0.0008804530900042053,0.0008800155054402947,0.003054535679693711,0.0006345994893854221,0.13953962434114106,0.0031885071686506418,0.6947256417121602,0.023827613154337308
6891557,0.007096518754207491,0.00039002056087260973,0.0002652730869906458,0.0009530938380162667,0.00016100014034747646,0.01232265412242343,0.01643125012233925,0.9461847280619473,0.016195461312855507
6891579,0.06034166459446743,0.00048326193431232214,0.0004412673843989368,0.002556598794720355,0.0007830527712230199,0.04987602632171709,0.007231765281062353,0.8643930143429338,0.01389334857516463
6891867,0.5836534353795977,0.012270687900719087,0.000533419646870355,0.006795906125885042,0.0013555275303083522,0.09630290487979033,0.006046407499010072,0.2756899296366311,0.017351781401187948
6891888,0.019203524157708856,0.0014949424063916495,8.260188007285426e-05,0.010539056949732435,0.0002842020055644503,0.01579814274060149,0.002710843152206257,0.9156971588829534,0.0341895278247686
6892297,0.32010014168087,0.0036141172320791892,0.00011356261228934394,0.0012998648655273188,0.0001969599956150699,0.019304628357788237,0.0008354593532447446,0.6500518406376551,0.004483425264930959
6892562,0.30204672973814023,0.0016268589559942151,0.000513692678551663,0.005243582011684575,0.0006249992703827393,0.06413534796425634,0.003743776244799406,0.6020936548807237,0.01997135825546692
6892587,0.23314235630246577,0.0007688719756865647,0.0001014024909879081,0.0015665416878373221,0.00019066530229321178,0.06374560402595952,0.00307288725405274,0.6805463091583555,0.0168653618023614
6894293,0.0025526003334217545,0.0007186400011225816,0.16704449472591257,0.15627330562459243,0.1062385010827995,0.2078814153435395,0.004972704563239683,0.1153235803751226,0.2389947579502495
6895609,0.004843141074435043,0.0003528658989156749,0.0007426650359960849,0.01942610172604624,0.0006143380908056207,0.03616790106971706,0.008468248870439647,0.8957110519177814,0.03367368631586332
6895723,0.044992539107760805,0.0006747195940352232,0.000131483973272743,0.0006636994063697121,0.0003425568378058057,0.8757490459826577,0.001593832979557134,0.07106581088800075,0.004786311230540302
6895905,0.1067428546261896,0.0004991220537270505,0.000598133192053486,0.0011855370619620095,0.0006589317220289332,0.7405838878333438,0.006239405134001607,0.1303606266356737,0.013131501741019713
6895906,0.05348608632516041,0.0007679516598600312,0.00025365690702113425,0.0008769252948323632,0.0003103018669305379,0.6710668285003779,0.0070357976674517,0.2555604375619549,0.010642014216410981
6895927,0.09816302519979812,0.003412320669189608,0.0009170514593612191,0.0020951710473637113,0.0008356870496697275,0.6370864548572326,0.00397862663754824,0.23893649653572424,0.014575166544112535
6895938,0.14017798663367467,0.00030202744595484663,0.0003188864688817902,0.0006664077774848475,0.000533497856792862,0.6590513184437242,0.002565531213507541,0.18751543649712568,0.008868907662853573
6895939,0.04018414974393776,0.0008828958759015062,0.000616275831568953,0.0010278602647601424,0.0008445942118322795,0.802225773068387,0.004546348177123744,0.13810915119161613,0.011562951634872495
6895948,0.1410116860820106,0.00031567722233740813,0.0004900002895742437,0.000898232056860261,0.0006526420364786098,0.6139810190156784,0.0061803490483276335,0.22442321731750695,0.012047176931225928
6895973,0.07686221132075655,0.0012117317421087904,0.00027269883809684186,0.0012246578409195424,0.0003845050698345665,0.6194693474137232,0.00794118393503542,0.2742781132587326,0.018355550580792444
6895974,0.14879621460756598,0.000484917233475927,0.0002265289037336189,0.0008231674344486376,0.00046337054395175143,0.5765052386803025,0.00308218185504052,0.2623245453924722,0.007293835349008808
6896754,0.07606207563621724,0.0003387517258149547,0.0002950848309808721,0.0011743391786041492,0.00031579504528233404,0.15302112541792295,0.0030804642371603714,0.7541238216284133,0.011588542299603918
6897915,0.02356065621485267,0.0009030957178064196,0.02223828971405972,0.07411340695839443,0.01744526812060547,0.35365680219936185,0.024950411594825788,0.2685747690861885,0.21455730039390514
6897964,0.00570550794707574,0.010260089364691811,0.003472088314912797,0.0176918612157687,0.02420335528533306,0.08819687748743411,0.02246975778105657,0.7655344793748072,0.062465983228920025
6899282,0.3993583669101068,0.0012157696535631311,0.00017255432397095285,0.0009507985230176793,0.0002239329759044791,0.09063739737107368,0.0007764336432850139,0.49629821489047454,0.010366531708603728
6899294,0.21469747923388122,0.002892119502447846,0.00024156733574792923,0.006340427645402962,0.0003556569531193476,0.04013801298302399,0.0022990874342471825,0.7075554607058594,0.025480188206270016
6899376,0.15097926480894988,0.0004959611787565038,0.0006168810688898471,0.0017583488951144772,0.0003219224021809484,0.03507803806718768,0.013571568586353982,0.7833555875551858,0.013822427437381084
6899506,0.15383866031706425,0.0008820968881024525,0.0004543203684833606,0.0008746306863885595,0.00044820442907897,0.5862473108260711,0.0023836199431763448,0.24388270048866198,0.01098845605297291
6899530,0.0017890061628501837,0.001404991634086244,0.00010059117039784904,0.0051572877522944914,0.00014461176465262624,0.04215883885517361,0.0013223709189071182,0.865436211666693,0.0824860900749447
6899560,0.018022441393126195,0.0022945217530417035,0.00027165148164776223,0.004856424538885552,0.000287584550314935,0.0809813113333689,0.0013992059439197656,0.8626132516633921,0.029273607342303144
6899670,0.009185619523292436,0.0009814367611219717,8.276957119609678e-05,0.0006145213941815073,0.00022540342819720135,0.08207634941009248,0.0003125206483313441,0.8906227756386424,0.01589860362494443
6899695,0.0027178193264443145,0.0004464118756456964,6.431209450692417e-05,0.00040474201770217423,0.00010496065387885004,0.034722570072825844,0.0004056106909877818,0.9523588227669688,0.008774750501039697
6899730,0.06505559774257469,0.0007770844875994352,0.00033165647784655063,0.002356532252656201,0.0005280402050584053,0.17794014481336717,0.0019042029452769269,0.7205317148540131,0.030575026221607477
6899754,0.0014757706996630425,0.006236726628689612,0.0004828931041717561,0.03157162074120716,0.0013032734127764434,0.09788520155503405,0.003128725215229633,0.7877698986539879,0.07014588998924033
6901206,0.08550800316581705,0.0004024933660290866,0.0024793758792070126,0.004037748968066197,0.0010302577227033019,0.2680182907565537,0.013556211128122945,0.552151627154849,0.07281599185865177
6902131,0.1355969281907361,0.00010276090785583303,0.0007782092341593417,0.002011829836407959,0.0007794091070717123,0.8275246684499967,0.0012958965776417794,0.011121026540311763,0.020789271155818842
6902271,0.0024536201248366394,0.0017483482280187916,0.004754692022008004,0.048658483814315055,0.006843666357329815,0.13959831002737488,0.008076453920836491,0.722153280781489,0.06571314472379118
6904326,0.010450842933202751,0.001599632938565664,4.389081218518464e-05,0.0004838560648718402,6.913182950058043e-05,0.008315482580787015,0.00030237218921225776,0.9710822228000457,0.007652567851628971
6908023,0.004363853172828901,0.00020019109546497152,0.007083693837289237,0.0845924172332573,0.020949835406688298,0.6874060475803846,0.002537522401314821,0.01602834106459146,0.17683809820818047
6908625,0.35559183542440803,0.0007601919931925366,0.0009030350989546143,0.0014266995611394273,0.0007861948333528567,0.3196667024347733,0.005327260804955594,0.30353337524853974,0.012004704600683836
6909657,0.15020218463385646,0.0005374417647435434,0.0001037641493500049,0.00043104052508201264,0.00011243695620504768,0.016975092239218743,0.0013475567821470227,0.8203015358874655,0.009988947061931744
6909786,0.021199731703986483,0.0008729438644518753,3.863099894771876e-05,0.0006975546005588898,8.873642956819282e-05,0.022519146202395333,0.0012481257260315965,0.9289602068796942,0.0243749235943657
6909952,0.14614354992882128,0.0012737449959266864,0.0002725423756609497,0.0020247065859611895,0.0004972561359278008,0.03450355630366296,0.005979119443907536,0.794866355550446,0.014439168679685423
6910003,0.017935251834115967,0.000401807667811761,5.570215319629933e-05,0.0003958173877920394,5.9525439062598185e-05,0.005370331432119393,0.0006136748066375541,0.9694866717516946,0.00568121752756993
6910407,0.00252101273492604,3.2272262415965414e-05,0.0006800552946542925,0.00029250478345815476,0.00041404758248367134,0.9742554381688991,0.00025260861499062096,0.009472329290345452,0.012079731267826656
6910422,0.12932115986825413,0.0018660955586580496,0.00010686163499179049,0.0008511190194774022,0.00013209047955062582,0.0410557631867593,0.0029891515206311886,0.8100791202524646,0.013598638479212803
6910425,0.01885228203573645,0.002251316414764884,3.8391042338491226e-05,0.0003403978406708447,5.45048071140209e-05,0.0039283917878914125,0.00028149532202599646,0.9713532391831997,0.0028999815662581027
6910560,0.0030874183190822725,0.0009556052520603437,0.00013236224387581884,0.0723280762739072,0.00030737787540499503,0.028240932579212744,0.004416734875748715,0.7736320810662677,0.11689941151444012
6910590,0.025674957422725297,0.0007144103751879626,2.490106513376738e-05,0.00037466964075448804,3.541580895264373e-05,0.004538897178399067,0.0002385740604716574,0.9655526444220073,0.002845530026367739
6912744,0.003332762539017093,3.5355386991489306e-05,0.0005927607406707482,0.0003693340824879474,0.0008240832447247287,0.9649345354533778,0.00015206202422915992,0.005670539720844899,0.02408856680765616
6919118,0.1513654535683565,0.0005914657458526716,0.0010413151777805291,0.002919363475373365,0.0011517509981688041,0.5477023376997056,0.007542289296205788,0.2713034970565193,0.01638252698203742
6920152,0.14823658166212883,0.0004955382632995019,0.0015381376716382725,0.002679762975858582,0.0007695102207384856,0.5113537892731398,0.02177559177046403,0.29295065667113745,0.02020043149159508
6925791,0.06821815302237903,0.00023900471348466026,0.0018873436155913202,0.001128522574762191,0.0010156641646118546,0.8103667025576737,0.006387442261595258,0.08736983251170688,0.023387334578195203
6926246,0.16023184910129068,0.004538248913666431,0.0003860123917643292,0.0005259651430968884,0.000409182403688156,0.7281494668031632,0.0015972125943468976,0.09747730064538869,0.006684762003594893
6928841,0.00402999942440825,0.0031553524226956373,0.0031959310284980823,0.2598221420626338,0.016721613997996657,0.12477127476700403,0.03579448192856754,0.11843786501899489,0.4340713393492011
6928933,0.04721851771159865,0.0005255921654345041,0.0058544222125799725,0.001042290859823048,0.0017510380139917684,0.8922618307069112,0.002204232291842775,0.034560479336554074,0.014581596701264117
6937241,0.007543802979844478,0.0014505194215165514,8.610177157120414e-05,0.001057151849985229,9.392849028458586e-05,0.008399300389398904,0.00449723502479597,0.9484090767057587,0.028462883366844466
6938426,0.014060361620852977,2.9158789563827e-05,0.00017697565128452035,0.00020820128295715278,0.00018246588936812475,0.9704432183202586,0.00039271336458945703,0.010396556060853462,0.004110349020271902
6938530,0.023077567070660117,0.00010351747409866933,0.00037393087079700977,0.00031519252458736655,0.0002586041116999737,0.9505538367909578,0.00024267986126028841,0.011099904142518466,0.013974767153420341
6938682,0.623336215359824,0.00029130785591436107,0.00022265240171372326,0.0005755417289223079,0.00023789978074649322,0.0974384082178629,0.0035392407144307853,0.2684308337739832,0.00592790016660223
6939166,0.013203302137600815,1.9811223909585433e-05,0.00020933034302205467,0.00021970764623234566,0.00010118742168706968,0.9705610569843086,0.00018203719813996786,0.010008797237477225,0.005494769807622381
6939222,0.6383410949724355,0.0007212071572255918,0.0002003606868961695,0.0003685723500756975,0.00020815397907345034,0.16040207120884914,0.0009170348885491876,0.19048744283247848,0.008354061924416747
6944591,0.2475442675828353,0.011050013120062971,0.0020124856738341795,0.0010561882342344216,0.0007942625697734408,0.4210860983109484,0.008716076750827875,0.29844818475257495,0.009292423004908361
6947293,0.007960392824735256,0.000105732016917612,0.003515364040227882,0.0006396654599472759,0.0009785027117142759,0.9109660173532939,0.00338580055203618,0.059794074007775005,0.012654451033352767
6952804,0.031388555997015906,0.0008996805134083266,0.0010061939565813708,0.0021953920947376353,0.002131477460649441,0.5443092445533079,0.023410833849575558,0.3550047044108252,0.039653917163898614
6975207,0.005114636505012416,0.00021942127589105964,0.000849282238303744,0.0005686627782674579,0.00048166033707592747,0.9403837547833052,0.003991967316714056,0.03205687645496217,0.016333738310468072
6975472,0.00993210651769436,7.913178436044724e-05,0.0015678021181580448,0.0004343393296258668,0.00043757671116767614,0.9406930330661936,0.0012241830032583962,0.03448053200815123,0.011151295461390393
6975490,0.001662501275850347,3.360925085955059e-05,0.0002316580366062233,8.362045548472829e-05,0.00011668007312324463,0.9646891487857298,0.0001861599447791475,0.02148176528294207,0.011514856894624812
6976427,0.0024650631025918855,3.303672644619435e-05,0.00012525538841347988,0.00010192705018404682,9.842245411615275e-05,0.9497379881516499,0.00013866973077963457,0.03422550421386878,0.013074133181949955
10551287,0.018087216147833363,0.00046001634629679635,0.0018889802834783345,0.00356246850821529,0.004943349854737734,0.8927765136517659,0.004815129421985447,0.043992742326459444,0.02947358345922772
10554874,0.05306511497872001,0.1473294943201571,0.004854023826251039,0.00907385682137717,0.031502385960896134,0.4638810178348247,0.00909615386904304,0.2571221490915122,0.02407580329721862
10555071,0.025500859584113324,0.00032718695085789923,0.000979832211705869,0.0015114380999342665,0.0007177615663715158,0.5861563525208365,0.002704739073497915,0.35263087050396275,0.02947095948872002
10555459,0.006060010463930871,0.0002886841766532479,0.018099354025679762,0.010708436488119526,0.003945273735343548,0.5589423089938814,0.003365035971879016,0.12888249031018537,0.26970840583432726
10555968,0.0011721921653605116,0.011463694129189196,0.003990548887115426,0.0816619998522994,0.0509795368694416,0.3168471865329314,0.005196194382017025,0.3406521480610332,0.18803649912061215
10556692,0.008209887778506342,0.001404970894078672,0.0004332907508381749,0.0063014990342725756,0.0008355533119062483,0.20236436931149895,0.0015715391359496043,0.6801409025282948,0.09873798725465459
10557065,0.003837032363507808,3.1546824228946324e-05,0.0017954027477792352,0.0016427548755057733,0.0014616547438290066,0.9718938199271494,0.00023042534521453174,0.009108985887135851,0.009998377285649266
10557235,0.0032298413832015913,0.0002365577692395479,0.0058946754798260064,0.05227701137498828,0.0041565236781934784,0.784310322570385,0.001335739369276415,0.02974760790924951,0.11881172046564004
10557310,0.0010695756318118215,0.0003968374388566118,0.006351334350803993,0.003962880372701172,0.029528352733888572,0.3024294759696977,0.0018327985010920427,0.6180431236581533,0.03638562134299468
10557603,0.011762493141156238,0.00019292381991665726,0.004908258948137539,0.0019295353968251225,0.0008328107649274056,0.7857991021420682,0.0013388434062672843,0.16834495583678485,0.02489107654391672
10557649,0.008048047724159521,0.00018450670122551052,0.005280950914848693,0.006805928661822123,0.003861693301659926,0.8044646217309823,0.004705338564629149,0.0483561280515726,0.11829278434910012
10559369,0.01076847202957137,0.00046349925685055447,0.001245381478016431,0.0005053262618670957,0.0006661706400132686,0.910240221363405,0.0007444281770551865,0.07077997360117083,0.0045865271920502715
10559516,0.026079181316822835,0.0004597876144990087,0.002369255834681769,0.012157616335545973,0.004887608758166423,0.8894520183727733,0.0010331431080279974,0.04651119855198374,0.017050190107498947
10559765,0.021675398276623258,0.00013673448177488893,0.015340098024638761,0.0028687136254919995,0.0022468126877989085,0.7383252335543036,0.0011023048545023813,0.16898877417067407,0.049315930324192125
10559904,0.04866593786724549,0.0014350363607694753,0.0021002075557010865,0.004332297175783551,0.003527595021216052,0.7644684407212176,0.001650807300370022,0.13127491754230816,0.04254476045538857
10561136,0.0035142922756881503,0.0006913537951848991,0.0011625185601231085,0.0010122807103530196,0.0021187805399046555,0.8339268709147274,0.0008520362379190826,0.14605467532183694,0.010667191644262863
10561583,0.0417900158144707,0.002252890838679051,0.0015945148555182738,0.002679850066376255,0.0011746081066164955,0.739099057676397,0.00213321708308921,0.1827306775878119,0.02654516797104108
10561870,0.12221767213021281,0.00016498975922068853,0.003509141927590174,0.0008463416127671704,0.0015435871287098595,0.8230927587734148,0.0005187790199581109,0.03699057467196148,0.011116154976164746
10562711,0.00701055731924094,0.0009052999774990889,0.007987581659656722,0.03254319657221445,0.02874542770276772,0.6125382030769142,0.005142469118499469,0.23153418344189766,0.07359308113130975
10566953,0.06210676219541544,0.00013277446268483153,0.002475473784405423,0.0017156516031168593,0.0009955844152316692,0.8674906074500128,0.0009527164109193497,0.019592915929551345,0.04453751374866234
10567563,0.014408338755486366,0.0031302695009728415,0.013240892086450589,0.0020252621645113315,0.01111473497367819,0.5453541294831108,0.0038983621639284774,0.3592109336009248,0.047617077270936656
10568512,0.24656772569187993,0.0017672060256122603,0.0008075439837503483,0.00221900041741731,0.0008242518184280476,0.48214398811445924,0.0019135281309706404,0.2292876338080268,0.034469122009455413
10569249,0.054376232611222285,0.00018555571057528357,0.0005927153309680501,0.0008094438755269001,0.0007038817360291835,0.8190489380430006,0.0008134067946196027,0.11239167268992611,0.011078153208132015
10569900,0.010512486114307006,0.0006591728476440074,0.15699639630969206,0.031745177303966095,0.3450406942595937,0.24363681213855054,0.005521106310351619,0.11073565748352958,0.09515249723236537
10569996,0.07207124602833381,0.00032976769980560676,0.0005166267466423369,0.00182205759958264,0.0005476436290861275,0.8526801445791484,0.0010602862393898306,0.052043547431692185,0.018928680046318966
10570047,0.027467011326287732,0.00021094548869430313,0.003745660808142559,0.0018586844197491478,0.0012799567193457545,0.8643508067028436,0.002081403681400741,0.060253610814661004,0.03875192003887529
10570186,0.05930195589123264,0.0010047417202527732,0.0013168648245816738,0.0037230145455638846,0.0037107615507817374,0.7108013919216826,0.00267848440211196,0.1794429150644941,0.03801987007929867
10570190,0.07869466176935017,0.0001582950571905775,0.0012467857592428219,0.0017406656916199679,0.0012511571949508932,0.8663218978251411,0.0007323013505488914,0.03311003335298556,0.016744201998970004
10570281,0.05509066602805743,0.00020169392236339247,0.0005787220933331385,0.0012408005101310225,0.000582861488238692,0.8452248615693106,0.0013441876392319375,0.07866739023067329,0.017068816518660435
10570444,0.018993631311277973,0.050556540867714175,0.0022208002444495997,0.01863705826601266,0.010322971096188422,0.541367771650368,0.004458782280095023,0.2262908564500845,0.12715158783380956
10570516,0.010040581440396613,0.0005416725221103154,0.0012593281703456184,0.001099024493458574,0.0008628462555895215,0.7811816348893852,0.0009505418840858778,0.182244453276969,0.021819917067659216
10570563,0.17682968140503455,0.0009706143380228218,0.00039107178713267664,0.0025727767798387094,0.0006242543841176035,0.5714217784050863,0.0010688458755583558,0.2001560499181772,0.04596492710703184
10570908,0.1968126517805491,0.000960696595010751,0.0003957420406539664,0.005624861709467524,0.0024203036717171666,0.6122125889072428,0.000784941307171917,0.12317496698972562,0.057613246998461196
10570962,0.003386437128405106,0.00030302978106194544,0.008435594568684927,0.002845696738719338,0.0010467452590987448,0.39051704732349296,0.0035268278120335395,0.18596825302512487,0.4039703683633785
10571126,0.018328869197765153,0.0022679558052934126,0.0005188510250545953,0.0007840262816884551,0.00029194960538814175,0.42710847366418636,0.0014455204144625212,0.5312033203039894,0.018051033702171874
10571129,0.0019912264986307864,0.010599273960921985,0.0007697581082400958,0.006129869636686184,0.0018060797342905064,0.764333074858694,0.0010988038572568946,0.1554796665684297,0.05779224677684971
10571130,0.0015634394847109318,0.0031804616411620175,0.0010003382687993143,0.01493034949931986,0.0022082798175018206,0.3798259274057167,0.004915534139397773,0.5081064277670673,0.08426924197632425
10571150,0.00470716177849956,0.0013885922119938384,0.0009447983565587192,0.0011343679764228487,0.0008135216703219199,0.7774827614335021,0.0006398519189844123,0.1846277064262211,0.028261238227495482
10571157,0.18750013207264996,0.005006416782649782,0.0004736282795219798,0.004544018336856077,0.0007021155177170571,0.5673293489278364,0.003051857032053715,0.2155335411901796,0.015858941860535533
10571249,0.041000344605942755,0.0004284286117569284,0.000349549917742627,0.0006885562772478843,0.0005193196648580149,0.7066491117958634,0.0005592620274562917,0.22690494969357256,0.022900477405559568
10571563,0.007156476075191269,0.00021694324613132787,0.05423811324397476,0.002418388140314201,0.005123389563727391,0.6254934275681142,0.0015423297351484222,0.26029429026196255,0.04351664216543604
10571600,0.014780910881115767,0.0003425901781042942,0.0006513588339396898,0.001210844279608088,0.001173155317011797,0.8708765428615162,0.0008742901609700094,0.09784370598080007,0.012246601506934051
10573894,0.0035493620307224696,0.0006438840647739995,0.0013970198367150783,0.0035836638906853375,0.0015974599450949594,0.7294921128080702,0.0012303865140987139,0.19305410254870362,0.06545200836113552
10574347,0.010262151423073195,0.000987011760683598,0.0010002584387997803,0.0016926039260813626,0.0007832292393178248,0.8207353548013798,0.001983599415775959,0.14505839116870387,0.01749739982618459
10574370,0.015903147251478043,0.001162403380884342,0.0005995785236391842,0.0014050553324763864,0.000647022725234332,0.6104976329919566,0.0011935934747999235,0.31559754793917066,0.05299401838036072
10574372,0.10990090418333912,0.0009555091647865154,0.0005472851447769559,0.0011624865253115338,0.0004034029209344891,0.6641006677449228,0.0014206459231611752,0.21277853133159644,0.008730567061171058
10574408,0.0011150683183331431,0.0012523807557809782,0.0011645727844974672,0.015155764500367777,0.006752443411540076,0.7247978593971776,0.0014457361022286795,0.2097127332116807,0.03860344151839355
10574430,0.005725400152405685,9.742689068325903e-05,0.00035040640933251796,0.0005512993528769308,0.00023297310822048068,0.8154352228810864,0.0003396182852075863,0.16900831277325665,0.008259340146930439
10574439,0.004705403573064814,0.001275152511149183,0.0008058425388691357,0.003165763628686006,0.0006396515817712892,0.6976742999727149,0.0014489683844397608,0.2597010720560519,0.030583845753252938
10574456,0.005944583665346491,0.000941921442020814,0.0006281552248187306,0.001865915786397287,0.0011875641403001622,0.6474469328571258,0.0009854411792742494,0.31199976696618936,0.02899971873852718
10576038,0.005084036218890747,0.034892477217812974,0.001512941263577384,0.005018895000665042,0.004850659812459605,0.7590370695483255,0.002490460036582463,0.1367330355057341,0.05038042539595217
10576770,0.006834439868203525,0.0007796393927755044,0.0013847254243388948,0.005469509601019743,0.0007169715085941448,0.7052573385586727,0.0012465780812602712,0.2271792533992717,0.051131544165863525
10577118,0.010310405518228585,0.00016215361359739943,0.0011470445821057946,0.0007883858427385047,0.0006944325908906087,0.8826928022230858,0.0002668456981382782,0.08397432666394938,0.019963603267265644
10577354,0.05124605169167491,0.001015375497257138,0.0005192899941477373,0.0008284886836693767,0.0003526357352522028,0.8475462876786846,0.001204871576502575,0.08946253842260793,0.007824460720203548
10577622,0.02044441712454052,9.773635798524423e-05,0.0008062253392046771,0.0016597346170994477,0.00037476593273595894,0.84025304575751,0.0007394990379751016,0.12230479333001361,0.01331978250293541
10577723,0.01770404956645022,0.0003812359240593956,0.0004517232087289146,0.0011766575641235385,0.0003457836832865161,0.9108498879786628,0.0005980552126043459,0.05952472618120004,0.008967880680883958
10578130,0.014382497113950485,0.04555416291952153,0.0023105366057395334,0.007334542367456179,0.007793946161875046,0.5419073654106752,0.005214704266731392,0.3408026666753765,0.03469957847867406
10578295,0.07798723782140822,0.0010637987608249247,0.0017680291677775455,0.004919306855854092,0.0015067080104677112,0.7367646755419551,0.0021954823125697894,0.15583676478248712,0.017957996746655467
10579132,0.21424315385449702,0.00022665359653980022,0.001646045660181808,0.001486661457002375,0.0005466854818705143,0.7325221066491617,0.0015567225620307084,0.038460836297995314,0.009311134440720804
10579372,0.07834029550173958,0.0001391411714984125,0.0030964762623809914,0.000996271970139845,0.0008888798342220616,0.8253153606048201,0.0017128078416023035,0.07792714224400259,0.01158362456959427
10579452,0.018267915475323956,0.00018441917748294393,0.008232875999627381,0.00902642542074134,0.019263034404120877,0.8750797012082094,0.0026957798626658595,0.03816876539606631,0.029081083055761833
10579754,0.012899192793971314,0.00015897710756012748,0.0018366341309700106,0.007886366941731995,0.012759874239196162,0.7573653777837193,0.0075105677949219305,0.06002454168903065,0.13955846751889853
10580098,0.07873979408949305,0.0004948418374726222,0.00120441699799363,0.0019207938683444585,0.0011387564551909742,0.8526923376532618,0.0010012902427965224,0.027017274355855485,0.035790494499591534
10580150,0.053784673522121906,0.00031729768547680885,0.003963673799472897,0.003295527833950205,0.0033012173683722233,0.8239080871995029,0.003675951229163809,0.08306413096053872,0.02468944040140054
10580642,0.004189298865051767,0.0005465897026481984,0.00038984165138886194,0.0015438370642427378,0.0006039280010601952,0.9067709350070126,0.00041992061367001883,0.07402227640260624,0.011513372692319446
10580740,0.10216907004947491,0.0009229358746866304,0.00038475179787345694,0.0014363819814976137,0.0004154727317085654,0.6304407216153605,0.0009813217623302452,0.23871294739414145,0.02453639679292676
10580745,0.10902474118409897,0.00046296584110228626,0.0006294473689979818,0.0012852910424754117,0.0003027420136223258,0.6551534458821221,0.0015861900051388658,0.1987847112248778,0.032770465437564324
10580771,0.005541477068453728,0.0022729888009274104,0.0003126454934614108,0.003349547361652619,0.0006552909855543471,0.5499026931432093,0.0007481774350287473,0.3281021940072445,0.10911498570446805
10580995,0.021921258367839768,0.0004284204695380822,0.0018959903692282118,0.003060276045790237,0.000913807268355872,0.6131570489175596,0.0009742825258774,0.3002798025354525,0.05736911350035838
10581310,0.08738335522519192,0.0002021292379716573,0.0038743152550740436,0.002036784964835857,0.001007022249593214,0.6941359097869575,0.0016769145918600484,0.1967568940697058,0.012926674618809916
10581368,0.0012413367725646008,0.0026699970732371407,0.005111427663393979,0.030756466753111337,0.005882644156789152,0.508100986852455,0.0048260990804806754,0.36718089724286257,0.0742301444051055
10582173,0.005445232264192426,0.0014728389150755743,0.0007379592917837358,0.0016101084121415957,0.00095044862216193,0.8571623290418204,0.0010860934473931438,0.11674146783531959,0.014793522170111534
10582418,0.005851839152408895,0.05071697693088166,0.0012369315928431898,0.002268102391827904,0.005787944253527795,0.7205630510088251,0.0032349817255200846,0.1987358323221127,0.011604340622052706
10583009,0.13263926750256005,0.00018056385023434705,0.002325459382895812,0.0011098062496523518,0.0009764713298834438,0.8296930175391304,0.0020320567566874345,0.02113463749444906,0.009908719894507057
10583434,0.006272058904657544,0.00041106971586324283,0.015832322269930373,0.016940547212905978,0.0013624567296604054,0.7486132746405055,0.002180062928646841,0.16374959456946428,0.044638613028365824
10583521,0.4050472441999172,0.00018935528250119832,0.0003344248113366252,0.001076962111371522,0.0005032195463988662,0.5043914789964609,0.0010373947906033457,0.06992175364051686,0.017498166620893575
10584210,0.08996214721782786,0.00013280180463652407,0.0006947064967453202,0.0008734190275136798,0.00035156839831634466,0.7487089751694884,0.0012356293638752054,0.1468615904182779,0.011179162103318754
10584222,0.07372934002933847,0.0003777248047950047,0.0003581521891579748,0.00047107793007681475,0.00020360614188030666,0.8628801048139974,0.0009694011812931287,0.053983342260372796,0.007027250649088099
10584314,0.05625959817856891,0.0004932967675616617,0.00022467271587683896,0.0008189929181985128,0.0001301350090953259,0.1337096874884061,0.0012422610690539496,0.7641846320271442,0.042936723826094515
10584430,0.16549681589970555,0.0008099972163609501,0.000786530180861323,0.0016728395638513434,0.0004180445504072834,0.6595131319316998,0.0012278578887278137,0.1539410892298254,0.01613369353856049
10584519,0.03794679548974449,0.0003007699984246535,0.004569835598944275,0.001637539606965581,0.0006212940246408771,0.8286196620161077,0.0019390738123273934,0.09657741250722922,0.02778761694561578
10584820,0.020264288525175003,0.00019354513406744973,0.03839199849363904,0.0008521932861702161,0.006136204200540135,0.7652854708989381,0.0017952336796956182,0.13951319359425476,0.027567872187519715
10585136,0.002724161939673676,0.00010896994192973673,0.012811215339725823,0.004438101498802774,0.0010533371183856868,0.9346727233278558,0.0006968088462868102,0.021314563721957287,0.02218011826538244
10586849,0.028363268639575778,0.000555261765644697,0.005156418011827897,0.004774465632324776,0.0021787937430791937,0.888772088181865,0.0028029544569158496,0.054933457248935114,0.01246329231983159
10587734,0.15199462949590878,0.004648549305605074,0.0013399737960180422,0.0028734084347104834,0.0020792410301999254,0.7181192811838633,0.00277649055657098,0.054505016645231615,0.061663409551891854
10587840,0.02447192603168318,0.000740154435579303,0.004039834330441054,0.003331524752413836,0.0008991173942019322,0.8687185805038936,0.003148976578540399,0.06748840603176531,0.027161479941481312
10588529,0.852662821952303,0.003071278878439748,0.00015526846485834013,0.0006607815713968882,0.00017303049080519771,0.032618401336115405,0.0007055994788260941,0.10648544118074389,0.00346737664651133
10588664,0.4900902124182698,0.002327562437696876,0.0001728187953291023,0.0007613919897705505,0.0002590393155060833,0.09394119578173776,0.0014739510924209735,0.40447908979092123,0.006494738378347735
10588792,0.2528079186163789,0.0025490301778090117,0.00020985563139742867,0.0006216848808085692,0.0002653743715371673,0.02781110323372864,0.0005608407762995607,0.7095807238161406,0.00559346849590004
10589349,0.094470639121291,0.0006241031318850445,0.0005931708850613064,0.0011181372239478648,0.0005307227836542959,0.19878244298424586,0.004930104225039993,0.6808091128730395,0.01814156677183518
10589410,0.012604452839185588,0.02629039789432431,0.000556774235540095,0.007466632857334681,0.002192497819909169,0.42545435425131045,0.006221204157678603,0.4479719547566746,0.07124173118804247
10589411,0.025749046958094983,0.0019502517950061703,0.00019153669220791614,0.001376792913709374,0.0010130996570816644,0.3614637232149554,0.0016047466108127916,0.5919372876327906,0.014713514525341177
10589472,0.07476061891079915,0.004701922906962183,0.000524155243975506,0.0018606220554398007,0.0016257652211121218,0.18183049060571957,0.004627731953586894,0.7118348894189324,0.018233803683472414
10589485,0.0047760682372473134,0.003871350959177277,0.0002738224183472543,0.002045449331679613,0.0008774616349017375,0.0980455521730357,0.002620356526895729,0.86747850321796,0.020011435500755292
10589763,0.003826236980834677,0.00010135443126604746,0.00950606743319229,0.01176482171491681,0.0010265164226439748,0.9357152167337438,0.0014876272322725283,0.010631429622122062,0.025940729429007835
10590733,0.0016187195910177933,0.000752780220897249,0.007211224984545936,0.03136125331166046,0.0022053942081537007,0.8323178002933477,0.003502919715631105,0.031220495823463226,0.08980941185128279
10592587,0.005704968919869966,0.03602120572767886,0.0017560872539207509,0.0036782691037321965,0.014589145375840268,0.65606603755084,0.0024395472686632043,0.2252855931981937,0.054459145601260986
10592944,0.013172569693440215,0.000358282300325995,0.018724785793157644,0.01015364229321417,0.011883870659531889,0.812080063360158,0.005500176207658595,0.07480722134101653,0.05331938835149706
