track_id,Birds of Prey,Clutter,Cormorants,Ducks,Geese,Gulls,Pigeons,Songbirds,Waders
6868504,0.002633893571386727,0.12278702196272683,0.08495687621405773,0.17823096819723,0.34725505581426774,0.1524697853265481,0.020440383672610613,0.05977458560844903,0.03145142963272312
6868536,0.0036463278814221505,0.09696437034206148,0.10179301639910504,0.25688872588972156,0.1879107497800486,0.15015467221551929,0.02732233389363924,0.1281582794079061,0.04716152419057662
6868565,0.0032664577192672017,0.08337154330165433,0.0795753710073536,0.153053048910842,0.26275436479927383,0.25653723972733744,0.02833887303988058,0.08118691200873433,0.05191618948565668
6868861,0.0011463311319861213,0.0010935015304412864,0.29381351385405935,0.03388974351401767,0.5436547264909704,0.07548567011940309,0.0011500606889950484,0.011644195740119757,0.03812225693000726
6869275,0.0010207264406477102,0.0003815564284821211,0.18465937099137725,0.01053977816310908,0.6282557058080427,0.135092414927734,0.0003525925364179,0.019320366275772324,0.02037748842841675
6871418,0.004064999106681345,0.006100890665561563,0.16478331423909187,0.198740374447289,0.07770811980264297,0.27989836784589556,0.05517835518353703,0.05734637314769149,0.15617920556160922
6872996,0.12707252321705717,0.3729074894515484,0.004534154599273527,0.0028338199481783575,0.006764376299929373,0.37831191171034884,0.0013016519909522127,0.09174622162733832,0.014527851155373715
6873817,0.009454114872743613,0.03184277245339576,0.05880284590054236,0.019358434453896154,0.07689063623793164,0.541687455206306,0.007322219260070218,0.11858493547614303,0.1360565861389712
6874023,0.020315554581861964,0.0002580957933345817,0.05874143081372203,0.00450758489176184,0.006712445046591146,0.7424002258255002,0.009568140268249077,0.02177924229563462,0.13571728048334442
6875504,0.07112551404967328,0.000431245130459034,0.09127522486050257,0.0066715668829283505,0.0033488101344300845,0.5227913385092466,0.006927352526090805,0.22108263673865416,0.07634631116801512
6875899,0.20600077739788822,0.0011479208576098045,0.02138971235515241,0.0032951359518218885,0.003919667747884536,0.5476447593847095,0.003183127074752266,0.17949784914381203,0.03392105008636929
6877293,0.021172597655304753,0.006861236707577433,0.010627275719640512,0.014819535806061586,0.0031946916169077796,0.13413427460372304,0.007483586368025376,0.735112221703411,0.06659457981934877
6880408,0.0992151148740402,0.0017395491563146996,0.05654721763190903,0.024725109426861267,0.00555879236462394,0.5740407518882056,0.007675216127091681,0.14015657416258903,0.09034167436836461
6880690,0.03537872990185168,0.0006504023467930983,0.021818563443580283,0.02057667422797781,0.002702441061902639,0.6393048639527044,0.007404174908529509,0.15025581049599948,0.12190833966066102
6880833,0.4271930540088332,0.0011493014197496655,0.002223982901030968,0.0010523393511510126,0.0004554173127014842,0.16583050249031944,0.005071557682213199,0.39062076819486524,0.006403076639135777
6880956,0.016873935609919295,9.871220942736438e-05,0.0204263266924104,0.003996968907997587,0.0034388228620504846,0.9093923322471129,0.0129720723109517,0.02584564619457281,0.006955182965557523
6881733,0.8204798279450332,0.0010263855964359433,0.00036080428315999756,0.00010458547023512216,0.0010465941199443544,0.15759061613179026,0.0001952521458184751,0.018636739470999,0.0005591948365837528
6885154,0.09436104642312648,0.037319850314011936,0.011837697916080234,0.006419870170991662,0.004729290007931282,0.5195378303684992,0.0022671972387078476,0.17909183593749062,0.1444353816231608
6887294,0.05210814282519733,0.002189549457794718,0.03070473438981255,0.005048760106250591,0.0033187866010421403,0.4290270087174245,0.006274812730521426,0.44685994085203135,0.024468264319925288
6887586,0.023929759187418912,0.014990417334514977,0.01740158679615621,0.013198075860141103,0.002773206108901796,0.31106451923863726,0.005235823934845411,0.5830262408022439,0.028380370737140302
6887600,0.050071339971620735,0.0024934367187656003,0.004482911781445655,0.0027262512811739334,0.0010028900379226479,0.21118406583974247,0.004413137171969887,0.7070728932031,0.01655307399425912
6887637,0.035470521578370974,0.0075646255030671124,0.07808035500682003,0.046482263260422825,0.042352198663845306,0.23523054416302214,0.01668433218523281,0.46811963137396506,0.0700155282652538
6887702,0.11975263576440301,0.012327055258616729,0.0021094579721675556,0.001438883342796961,0.0005468607737766898,0.18829203125458385,0.00554105264864989,0.6484025524796371,0.021589470505368233
6888243,0.02738199225985215,0.0054898914945940855,0.08552573425758453,0.02433078690251576,0.006710566944096174,0.22018841334074557,0.018474043136304324,0.582112470260423,0.029786101403884442
6888737,0.02849189671159537,0.001820905674248043,0.09583743925844235,0.03746682983338542,0.010202870276140892,0.25141059144596206,0.01658039210561464,0.5169624063162871,0.041226668378323984
6889024,0.36055284042101815,0.013996370000108628,0.0010525576743155873,0.0014068826915237427,0.000630393061104345,0.12773194701531784,0.00420726545494285,0.4798447261787416,0.010577017502927218
6890285,0.3842880228946873,0.003376122419362166,0.0669385106646554,0.002914182476447419,0.0019820620726056686,0.37096684896139037,0.002672841798493361,0.1497621488638341,0.017099259848524166
6890416,0.09850079431147617,0.0033768271899133192,0.03793506374507799,0.006628130556216051,0.0017809095554599905,0.28939613664073044,0.016548170443222494,0.4269040003212985,0.11892996723660496
6890579,0.08509145697345748,0.005905714333495872,0.0019921411645202787,0.0009466391432538062,0.0006562446420968097,0.2254605043639274,0.00640810865496451,0.6668553967879295,0.006683793936354313
6890917,0.5938767631938983,0.004117310969878246,0.003022871087264505,0.00132948921413741,0.0005668771683459896,0.21480780035630256,0.00443273553990977,0.16768138401928703,0.010164768450976178
6891091,0.014662495980060926,0.007648483372167293,0.021471249344124445,0.0785645300112503,0.0034324607972113547,0.15205412001096855,0.018792325504675737,0.6780164929210699,0.025357842058471435
6891208,0.15330611349168366,0.0006114113287361724,0.0030570203738056723,0.000508822108627899,0.0003930311159060978,0.18546191566790834,0.002413984767462745,0.6515215280491997,0.0027261730966696087
6891245,0.2875710388458029,0.0024803203786683027,0.00424932373788411,0.001010376333177204,0.0005463972749145292,0.21183609818017207,0.004846624740500711,0.48111827767644627,0.006341542832433809
6891309,0.10293877409033986,0.00027142291090477105,0.012611194076902942,0.0018627853649290363,0.0007616537538126663,0.15126033624172674,0.005614451113568455,0.7169192067880235,0.007760175659792102
6891366,0.20534737523899727,0.003868505893008204,0.0007933260028305158,0.00029191034050175916,0.0003312347204572499,0.1285334031404167,0.0010469870580331543,0.657129355708152,0.002657901897603188
6891473,0.040116270803174495,0.0048536842479775175,0.02068428090405196,0.008806508495087864,0.0014082713987978385,0.289558114952458,0.006262231229758242,0.6172291473734055,0.01108149059528856
6891484,0.07229196466503925,0.00032355942562085953,0.0018605068144093438,0.00022790469945091078,0.000906402544949803,0.18531199278740496,0.0022440629205425244,0.7317919696397093,0.005041636502873203
6891531,0.37773293805375024,0.002022932188349952,0.011551942789628686,0.0018993237690635588,0.0007520732826175526,0.22027980162825617,0.003159596195987161,0.36501582605864313,0.01758556603370348
6891557,0.053846838534999615,0.0015449632593122452,0.009043309933175514,0.0015260606874270325,0.0004880131946129696,0.13659480161414989,0.023506890655082508,0.7541067539840028,0.019342368137237338
6891579,0.19134242447023778,0.0014690311390918268,0.006011596942633191,0.0019311621702338387,0.0006349834615035335,0.15946535593105704,0.007148782246221354,0.620110488573673,0.011886175065348321
6891867,0.7336420123270136,0.01052241762140243,0.002496455216936437,0.0017975981731432123,0.0006209336817100257,0.13678333744953716,0.0033897178610092,0.10212648732338751,0.008621040345860278
6891888,0.08385755165811824,0.0038023784811714984,0.0009880813689679404,0.005017952445127592,0.00043608072922699377,0.16425324078908984,0.002854412313166249,0.7125403451952373,0.026249957019894177
6892297,0.6233468969622596,0.0059868369048295105,0.0005196592851745523,0.00036976000487734127,0.0004986751724598917,0.10915347998506457,0.0005288028947011833,0.2573034113503178,0.0022924774403153964
6892562,0.46536819068473273,0.0030572495783915904,0.002989559804608007,0.0020935901855460067,0.0004910012351269921,0.1771530618129071,0.00451398071037537,0.3324084439089211,0.011924922079391075
6892587,0.3482002427458212,0.001792951151895474,0.0011784011689468924,0.0007183247377865261,0.0005920364194874952,0.21774200467000146,0.002902765943083942,0.4112379964620892,0.015635276700887612
6894293,0.004217715200219667,0.001302973132473453,0.42701906054256117,0.1287818747177601,0.05996061087362178,0.15575328611651262,0.00358331048503157,0.10262047642663215,0.11676069250518757
6895609,0.01755738985392534,0.0013089355366655267,0.031160191346733687,0.037898288993821215,0.0007244731152742132,0.16103903287225338,0.0250954177018099,0.6831790563290037,0.04203721425051299
6895723,0.15862903173353715,0.002142678793319679,0.001707376998166965,0.0003128989588152122,0.0007036729045208665,0.7754681427400264,0.002329455307895582,0.05493969916420876,0.0037670433995094176
6895905,0.2525621721478775,0.00138016822434419,0.004968745893961153,0.0005748514702855835,0.000674601039555334,0.6450205064773887,0.005504654424049472,0.08047741652086336,0.008836883801674546
6895906,0.17417608795763698,0.0020975877411691848,0.0030769147826733624,0.0004448516511352596,0.0005592455265545689,0.6593654780066495,0.006726453892812007,0.14497099695275564,0.00858238348861344
6895927,0.2138528094141768,0.009358447917703159,0.01234300443423732,0.0016606518180017986,0.0021491275054037508,0.6370419313186044,0.0055126700469866246,0.10701304019908738,0.011068317345798797
6895938,0.3051719979405979,0.0008673621010020002,0.004824578502195145,0.0003772588300474773,0.0005760252652134688,0.5800426496122887,0.0026604707709388473,0.09836081698847104,0.007118839989245536
6895939,0.14055032934187575,0.0022953223575086167,0.0061122453660761656,0.0005778289117709274,0.0009889046494202238,0.7433110631074422,0.003687448940673404,0.09212322324386629,0.01035363408136636
6895948,0.273497478197692,0.0009201190411859114,0.007060470160176311,0.00046398106456534496,0.001000361835981328,0.5858577620125399,0.0056167999516689385,0.11761155517629555,0.007971472559894536
6895973,0.15959533231047124,0.0028952305085195376,0.004764299556466548,0.0006678600017613677,0.0011186370758782176,0.6460774759086221,0.006610022888416979,0.16677648180705051,0.01149465994281349
6895974,0.2780374155042137,0.001280808790729614,0.002830313060274012,0.0003820232327831038,0.0007453233560781944,0.5670289938358798,0.0025386815338653344,0.1407218771715533,0.006434563514622872
6896754,0.19398162281044892,0.0010081401299371505,0.010217915085239311,0.0010416696576035216,0.0005053641966863189,0.2689519656556701,0.004055431538470855,0.5080059503935093,0.01223194053243457
6897915,0.04221491279379322,0.0014848838807954097,0.21036575554001372,0.04987214223047358,0.017353937990165137,0.3195292494158466,0.03262646898773545,0.18038135891445262,0.14617129024672432
6897964,0.02169453671313069,0.042049762490175814,0.0494310639889375,0.062412425685800424,0.09775192768813847,0.12562316594056983,0.03582624360460065,0.456500696700577,0.10871017718806966
6899282,0.6222440056118033,0.0020626698719755656,0.0011293122317429715,0.0003141441995023645,0.0003187102482324807,0.1824038059922966,0.00056358040448109,0.18731828794939615,0.0036454834905696337
6899294,0.4691661825533643,0.005009108024071846,0.0015261978016737848,0.0018782295060053268,0.0003900342294913895,0.16301276449412697,0.00140323156032231,0.3451380585743961,0.01247619325654812
6899376,0.23917746709019014,0.0009487588009320153,0.004511282599780786,0.0009541512487343139,0.0004478043625973706,0.13793602022839796,0.008307763163717853,0.5989430418354164,0.00877371067023318
6899506,0.37914800388104236,0.0021506307603083134,0.003908769974146802,0.0003613033966532497,0.00037227258256615427,0.4770782720716691,0.0017279607441578746,0.127630295797373,0.007622490792083132
6899530,0.007740973531929855,0.005638365931005432,0.011611841683642921,0.02026302052486284,0.0007224291399901199,0.20654454190223845,0.0022185812881131235,0.6535374799216563,0.09172276607656096
6899560,0.11977079852387691,0.006877576190003771,0.0031333714144116467,0.004754816486887898,0.0004433432641218248,0.28487286330361083,0.002036247121328206,0.5540911785646689,0.024019805131089905
6899670,0.14586846110238313,0.0044137103262078675,0.0009148363921758382,0.0005366863202849767,0.000507201836010865,0.19998425820388194,0.0024043799595910974,0.633673279413643,0.011697186445821215
6899695,0.04038371726234983,0.0011189385653756997,0.0026408720073510293,0.0020203931978641306,0.0009940539879297531,0.2192451127659239,0.011408096554192308,0.7165999312870844,0.005588884371928864
6899730,0.18472364078442235,0.002753001253240349,0.00340992064286062,0.0018431543072420498,0.0006109682818437304,0.2891321529000201,0.006066518855315987,0.48509421772831995,0.026366425246734833
6899754,0.015342119423686011,0.01705242504496715,0.005996979374714027,0.02792301004613309,0.0011973329915844007,0.260499931672731,0.014336517816826447,0.6046064774912646,0.053045206138093264
6901206,0.19135318065955245,0.0010399633528363243,0.02278628084669908,0.002282350017327028,0.0009999300407442409,0.33828251974975726,0.01248029273528735,0.38708069027180203,0.04369479232599435
6902131,0.3220719458211568,0.00037691637325146856,0.006957151890355551,0.0016414520109262192,0.0016494296681836748,0.6337996786070748,0.001343385130315174,0.016254737786894614,0.015905302711841606
6902271,0.01303195770449361,0.0022512047142836094,0.06162330954231672,0.04121499456584622,0.01701690598907485,0.279884935413396,0.00674079387870766,0.5225170988570169,0.05571879933486442
6904326,0.10144535558496559,0.004838409670946774,0.0004833328316636575,0.00036543245791888495,0.000291939582162057,0.14819270824993702,0.0005690957884542825,0.7354693402512189,0.008344385582732724
6908023,0.008907134976703954,0.0002810509356970236,0.1079366108439243,0.05341659836186398,0.020206780319819775,0.6653003452451658,0.003989887684924938,0.022467097247565623,0.1174944943843347
6908625,0.616493959700784,0.0011326198764342148,0.003791270145239457,0.0006218359256329247,0.00085018546971927,0.2581702674819079,0.0028489750810337753,0.11063183753684763,0.005459048782400802
6909657,0.2949505093520088,0.0011860607996614556,0.00111282078352815,0.00026339319226102297,0.0007184846791615453,0.1673664379228477,0.0013111120901474229,0.5269758844576523,0.006115296722731721
6909786,0.07949627117785742,0.002220931208032133,0.0041698125276319305,0.0024111152611893793,0.0008876175864935919,0.1824067768559921,0.002991962301784079,0.6967829290474337,0.02863258403358568
6909952,0.35837646157498887,0.0025140111673388663,0.0023551943584137133,0.0008679381665791431,0.0008138222319022534,0.15792723460971075,0.004448867721017925,0.4623234076074054,0.010373062562642955
6910003,0.11904316837089553,0.0009100015635600606,0.0010874436089915532,0.0008521308298797215,0.0003707857363021316,0.13060513486703115,0.0012086503990856741,0.7408218671840147,0.005100817440239489
6910407,0.017807758523323548,9.628644144706704e-05,0.003015553057739265,0.00024439208737527836,0.0032389535910729876,0.9517837483405303,0.0003536594477110968,0.012624571616155541,0.010835076894645005
6910422,0.3222098276949856,0.004866655798293124,0.0012296084553850748,0.0005950992766794398,0.0003636265470406559,0.18526090358863637,0.0037931245049618216,0.46788846462609696,0.01379268950792096
6910425,0.1631074102856601,0.008405505595964128,0.0004834502782468157,0.0002654982274555897,0.0004582377968729963,0.08486240615348449,0.0004765289434966291,0.7388294283382787,0.0031115343805405544
6910560,0.029630531765016566,0.0024674595388110795,0.016343691817608866,0.04027185330506422,0.0013699442714865664,0.18377640276515006,0.005671067770005021,0.631615765302082,0.08885328346477565
6910590,0.19247497429512825,0.0035750889948881924,0.0003738138643008395,0.0002963167857858771,0.0003195371869291395,0.11056978884576223,0.00042521188137704117,0.6885102449102848,0.0034550232355437813
6912744,0.013431950511313864,0.00011399075658518544,0.009206497346249495,0.0008808113780705276,0.004576485479910756,0.9372380466403059,0.00022476443738694683,0.011131448856886278,0.023196004593291044
6919118,0.2644613992844493,0.0014663035529606863,0.018061669872124105,0.003150790880615611,0.001295679533383377,0.45188203402916566,0.015494849169169628,0.23402221751764746,0.010165056160484144
6920152,0.22126656797229038,0.0010534871758351595,0.014225030237201213,0.001676855452029476,0.0007156394923224733,0.45117887452967564,0.022371756501300483,0.2770444005491885,0.01046738809015663
6925791,0.17029228292920084,0.00048247528621785275,0.06102624676244661,0.00928455510847424,0.0030411587278816833,0.6573682111111464,0.005132932974936606,0.07458116506791142,0.01879097203178453
6926246,0.28245241252728476,0.0076019135676747215,0.002626082729318796,0.00025415149116487514,0.0004383938022451309,0.6481697317773406,0.0012831306524717452,0.054738643884387074,0.0024355395681124065
6928841,0.0072885683235296254,0.009009819017475162,0.055173579740842596,0.18580019230093328,0.06319880621227411,0.2751045348855495,0.03570651813188942,0.0718183787595899,0.2968996026279164
6928933,0.10374697274942199,0.0008683133539355581,0.02223602044645783,0.0007066813007337735,0.0031061453557720852,0.8190034153151303,0.0027946620239967133,0.039976174835207295,0.007561614619344424
6937241,0.047843621308118825,0.004784662328472713,0.002997010562596366,0.001625908358120684,0.0008842120913055255,0.14099058325694733,0.007070559689884524,0.7654637010623566,0.02833974134219754
6938426,0.04774990968183015,9.8906284052052e-05,0.0183636710419777,0.0006918844694932078,0.002491445379375731,0.9060138212966713,0.0009883882334605085,0.02079765739122376,0.002804316221915574
6938530,0.05978104260606776,0.0002539902167571828,0.014692886355867643,0.00042718708503369497,0.0029903359949507917,0.8908351968264336,0.00047668032151352836,0.021699981937743983,0.00884269865563179
6938682,0.66491520913033,0.0004658561754920417,0.0012657691835042228,0.00015333333922117173,0.00037384225916539784,0.21086254969013024,0.001367207490410808,0.11854807333518808,0.0020481593965580303
6939166,0.05142449075565645,6.606859953720788e-05,0.010680434862356055,0.00024388844256726554,0.0014229611549093897,0.9109736911363896,0.0002813190869926758,0.022940342371754307,0.0019668035898369684
6939222,0.6827409055949246,0.0010706618807924612,0.0012871919760242272,0.0001753215227051539,0.0008435528367802592,0.22488061562322398,0.0007935854131172342,0.08490480515408673,0.0033033599983453253
6944591,0.40787216841792384,0.014450115411307456,0.008399383728428626,0.000456505378430139,0.0011483571437468064,0.3821580070973124,0.010293434718271472,0.16904089586005497,0.006181132244524277
6947293,0.02173814490870941,0.00022592312446767575,0.010671338159656579,0.0007331190506067775,0.0017471799671638741,0.9111138942349261,0.0036717343265407505,0.041139704478213246,0.008958961749715482
6952804,0.07649910645442452,0.0058965681383633456,0.02714634906188881,0.0032392949147967043,0.002772803752507633,0.5395643899513775,0.03331150726017002,0.28260353471631333,0.028966445750158182
6975207,0.017919676364555152,0.0003434525646051028,0.008203625400393615,0.00028787641693950463,0.0014050638189937687,0.933688598970782,0.0027406445860907597,0.028911465133625257,0.006499596744014839
6975472,0.026431386243315168,0.00014663081836559534,0.006747284906352354,0.0002501600781473058,0.001292946632265023,0.9335195742887372,0.0012732557875479303,0.025047843263772795,0.005290917981496649
6975490,0.02315931476618746,8.888248629384045e-05,0.0013104677901648017,8.242632574634189e-05,0.0009448304897234944,0.947497810589771,0.00023593807264501158,0.021598794584867603,0.005081534894600413
6976427,0.029531755901377982,8.491828176856988e-05,0.0012393975135095545,6.538882405897627e-05,0.0016074851336846975,0.9341338791391566,0.00012525620044900307,0.027221878515336428,0.005990040490658144
10551287,0.048963615817300854,0.0008345410488413537,0.01600502605578535,0.0012143419577722823,0.004428553390316641,0.8764335309472394,0.0037091510246690528,0.03637186738625201,0.01203937237182301
10554874,0.11013125186783025,0.2467460925816366,0.05221882814357491,0.006041486802377007,0.028127949813389248,0.42137086932836787,0.012014061575271118,0.10489136378671819,0.01845809610083472
10555071,0.07281729136318807,0.0007978148296173406,0.02487123239463953,0.005805990426615872,0.0018769478285940186,0.6031971731566308,0.0042162930952805355,0.2542267769968571,0.03219047990857682
10555459,0.021064349765236353,0.0005267704097636707,0.09830391728328723,0.006149314790894155,0.004022939979827911,0.4422070906242699,0.008951072036833447,0.1515418761541949,0.2672326689556924
10555968,0.002469533506396431,0.016927426487685603,0.04147872777003468,0.08690116492742225,0.06283546600322892,0.3922530057386978,0.005813943308630984,0.20428410143868012,0.18703663081922323
10556692,0.024506494800032894,0.002525336817118828,0.02400700343735837,0.019225999109289287,0.0028502832839137886,0.31350761458721277,0.004883525270832458,0.4832393337459535,0.12525440894828818
10557065,0.019000622183591578,8.716205775988896e-05,0.04188295895976325,0.005836365539373774,0.011781783357087535,0.8916325031198473,0.00045519197261611604,0.022617020548962783,0.006706392260997865
10557235,0.009200276548433263,0.0004130786586301207,0.03539082584957263,0.02243312476979617,0.012328006591326959,0.8125475668166438,0.0015076237944194623,0.014388512307033714,0.09179098466414384
10557310,0.004210348297900371,0.0009634429861663944,0.03654098173500316,0.01090368918548,0.0376825186456771,0.4568263353988321,0.024180592478876033,0.38243026747026465,0.04626182380180021
10557603,0.038128581195588825,0.00033210843631391014,0.05943874679589251,0.006010780926211917,0.00346993267209274,0.750169983911071,0.001750749568856235,0.12548490232594492,0.015214214168027896
10557649,0.017415586203613123,0.003836846079011499,0.0340180449661218,0.003462173532316758,0.005123441808883862,0.8063765874722137,0.00437358869274288,0.03623457026481185,0.08915916098028463
10559369,0.10932820004950733,0.0009231739903542781,0.008850390820233985,0.00035333374045691047,0.0031470543726291812,0.8160147199306874,0.0010635003317250307,0.05747887282474489,0.0028407539396610266
10559516,0.12340742233083411,0.0007674619869622427,0.012493365849039192,0.0036650785311990817,0.004789274266191431,0.8075888914459006,0.0009867981140403125,0.03808862145617279,0.008213086019660457
10559765,0.03691334124568197,0.00021223111620146765,0.09884033090336591,0.0029869061557031475,0.0056071381593071675,0.7017469339577412,0.002153931666598892,0.1071926285027886,0.04434655829261149
10559904,0.12267108512785779,0.002139492960099479,0.022339890983871433,0.00249699328623145,0.0033688037858951064,0.7276226661614973,0.0019405497899889596,0.08746515716831746,0.02995536073624102
10561136,0.019326193778369343,0.0012693480804158506,0.026817207718569852,0.002880640205952499,0.012730683681575032,0.8292607013195608,0.0016591110249283925,0.09531475478281994,0.01074135940780835
10561583,0.12814461946880812,0.00418163620256358,0.009983281475117298,0.0009853237587138578,0.0014620332285685403,0.7409784536015571,0.0016842845471924555,0.09998431144344429,0.012596056274034878
10561870,0.23903274099271035,0.0003428178649439904,0.019182052244990068,0.00046174427975437016,0.0026702326372926247,0.6979662209226848,0.0006078463445373691,0.03295002706756004,0.006786317645526312
10562711,0.017355856605081887,0.0017157753300976514,0.1283239416863634,0.029713726111663792,0.028188729867387168,0.6171386857499801,0.004839911904520362,0.11549613810367615,0.05722723464122943
10566953,0.21390629598439265,0.0002413302510313627,0.02160717908327313,0.0008140569022929517,0.0031248795544718444,0.7179706217071409,0.0008084047616109897,0.023105829330707168,0.01842140242507887
10567563,0.056313132982319554,0.00796061832936351,0.07290853592736854,0.0017718996301991188,0.01604624010981386,0.5782410247896532,0.009253243557730816,0.22029787442974727,0.03720743024380412
10568512,0.405730994711441,0.002202469033459432,0.004818008625346042,0.0008215787425632031,0.000904508059013297,0.4443949336346758,0.0017869475670497018,0.11800162135120963,0.02133893827524179
10569249,0.15756548106652452,0.0006419176639922038,0.008774703280261467,0.0004993852010759345,0.011006351556880413,0.7476361776362938,0.0010344901086267776,0.06599128343225912,0.006850210054085768
10569900,0.012844795412303097,0.0009615193590816866,0.3757129690666699,0.05105938302610593,0.22123897530853273,0.18714288147337207,0.0057256931663234615,0.07900996307577782,0.06630382011183328
10569996,0.22125012208503186,0.0006260192694819768,0.00674154931327124,0.0008662066418747035,0.002285578721293287,0.6897044166087634,0.001342884153852541,0.06122522480788464,0.015957998398546464
10570047,0.08191784569189911,0.0003132143739780316,0.03801680086701622,0.002021844775305419,0.00421172276225586,0.8117290135838389,0.0015613665588802795,0.03998313853213962,0.020245052854686488
10570186,0.1652501012437198,0.0018521901370515607,0.020300974551977068,0.002460481730244435,0.0068841627922001545,0.6740011670691911,0.002678994230161372,0.1012603763129387,0.025311551932515875
10570190,0.17659074390496365,0.0002762282275663952,0.014314647461146142,0.0010889506741192892,0.003479992510719847,0.759297395713771,0.0006827055432050884,0.03382351884960006,0.01044581711490858
10570281,0.19293922913894637,0.000399495162981907,0.012069459411424639,0.000955860676290536,0.00228587967257157,0.7131808091070158,0.0015509054974245714,0.06359946434975428,0.013018896983590203
10570444,0.07555885538189533,0.09965583601377527,0.024181652703569242,0.007408296739972745,0.005894610437657408,0.5250223214780324,0.005015533864432112,0.1542147515598422,0.10304814182082331
10570516,0.06747727162102415,0.0012888957221932932,0.014956810800603494,0.0010913631007372503,0.0013405467632919283,0.782646530078091,0.0012265523176921258,0.11597737468021818,0.013994654916148607
10570563,0.28477102163857704,0.002289872838236475,0.002599394412196517,0.0008474186549312307,0.0006825990778910805,0.5370121736031506,0.0010909899700445496,0.13869316536281306,0.03201336444215933
10570908,0.28785877737171695,0.001411596022637909,0.004347133196971693,0.0021634672243035576,0.002363964491043199,0.5976137603457059,0.0008468065587362142,0.06439912240710356,0.038995372381781086
10570962,0.011158061122075135,0.0005900514556410784,0.05032179559061834,0.0034608179988390277,0.004869451933294392,0.49735685568655413,0.012804378961004241,0.12631088616948036,0.2931277010824932
10571126,0.11305055819491129,0.005545370193742428,0.004521122569203261,0.0006120156855283902,0.000746504878142145,0.4691992830640612,0.002588529735259747,0.3822438980494826,0.02149271762966887
10571129,0.0269498946698823,0.01801256001911643,0.006146681240987928,0.004964384915435558,0.0016275452170152961,0.7325811921436411,0.001979478738744666,0.16692097581094628,0.040817287244230546
10571130,0.009318484881133715,0.0065993843378104634,0.015114802626282956,0.01872059581153417,0.004091676922673941,0.48254691425664936,0.007983871260018371,0.3563375282186221,0.09928674168527503
10571150,0.03207681745965511,0.0021909701331774955,0.019169858834676968,0.006781232627973751,0.0023894414792923137,0.7878364135771948,0.0017177625805755157,0.12437852887067143,0.02345897443678249
10571157,0.3922557131686784,0.005073913907795156,0.002394839000616656,0.0011382449361777344,0.0005960010016004447,0.4804680632391369,0.001957519200265906,0.10608121384491753,0.010034491700811353
10571249,0.10135456415586559,0.0008013129359681887,0.009765848967023979,0.0011682385330620021,0.002064070067637874,0.7354942001557773,0.0007655717424514472,0.13578000681407762,0.012806186628136092
10571563,0.013881898183082393,0.00035605643827119575,0.179993968544436,0.007342232933964589,0.00612640839432964,0.5963631765743315,0.004646908641081844,0.15789259673006545,0.03339675356043745
10571600,0.05806780218426277,0.0008181180169028778,0.01454116515100547,0.002328570801294081,0.0032511233019392126,0.799395106572152,0.0010597403893658252,0.10870755447964871,0.011830819103429193
10573894,0.031011600909154304,0.0011868657915019944,0.026086295017042113,0.007932352220882203,0.0026991267388194375,0.692185779496431,0.0048201192982600186,0.17437329869515333,0.0597045618327556
10574347,0.0615438597512064,0.0022323446972743,0.014104671229668506,0.002060662272624484,0.003306134340328549,0.7433822059143703,0.003903312938711645,0.15226908088301727,0.01719772797279853
10574370,0.08418325615364633,0.0027049512946128954,0.004960456847951996,0.0009856929439135311,0.0022846073482647587,0.6293670331207593,0.0015396829068337733,0.23141305701571388,0.042561262368303696
10574372,0.25060421688438017,0.0020342143837661234,0.003622673918717271,0.0004264562909371288,0.0004434474151307547,0.6159486760092304,0.0012935844290594813,0.1202901395332388,0.005336591135539639
10574408,0.006596302070409206,0.0019796985128781347,0.03665342162223808,0.015288827817350014,0.006652644856709875,0.7160454452565161,0.0019080484993542022,0.18539499008219168,0.029480621282352612
10574430,0.0346629176899691,0.0002532470474023568,0.019474073925987476,0.0014954954000402994,0.0009400596114869885,0.7746517380950423,0.0008547694270339933,0.1603755237208491,0.007292175082188392
10574439,0.0498043530186486,0.0017719271456694084,0.005863375491184781,0.0016015688655310026,0.0012306913146167915,0.75045631875405,0.001221483224134444,0.17612003630261786,0.011930245883547146
10574456,0.036316424578667295,0.0013673426825950496,0.008933924663703217,0.001445368801339115,0.0012387123476406158,0.7178550665727342,0.0013325331772989924,0.2173287916800785,0.014181835495943092
10576038,0.05492902314533124,0.06391374133520647,0.012167650663710085,0.0023929933592845526,0.0036984211695936754,0.7498834392019397,0.0036217221624504055,0.0805214753634838,0.028871533599000198
10576770,0.04736093866320024,0.0014231669092692463,0.017982665824268256,0.0036762804918970336,0.0010002505288597438,0.714526803687143,0.00207773949354789,0.17483192193162167,0.03712023247019294
10577118,0.03667267260432821,0.0003098485602006528,0.0327820475160005,0.0038662372043736554,0.0025327531111112756,0.813513279364822,0.002172488262833867,0.08932107329364461,0.018829600082685343
10577354,0.1711765631146244,0.0016535570922992981,0.0036676240312817758,0.00026202004425456146,0.00038879848153751005,0.7677940856380144,0.0010334342334385115,0.050123774380135426,0.0039001429844139884
10577622,0.07780745834886976,0.00020820672766792844,0.02641344212585044,0.0016897920187132578,0.0017983335932204396,0.741240324752882,0.0025418986511944615,0.1333803534149951,0.014920190366606434
10577723,0.10856899974613639,0.0008177309648358012,0.004573443127958712,0.0006357579943093341,0.0007755848488128021,0.8254733903864465,0.0011405110846813811,0.052099520913538686,0.005915060933280511
10578130,0.0636395790347753,0.07409123164191475,0.03079895920133337,0.005755031485121677,0.010144356348075602,0.5913185803695936,0.007113328125156108,0.17967908830407414,0.03745984548995552
10578295,0.20567483369448264,0.0019181261067593013,0.020465261188084193,0.0031940490664547684,0.0027887573775561016,0.6305534272106251,0.002654252757219756,0.11576192717805954,0.016989365420758473
10579132,0.33700893492304485,0.0003700326030651008,0.008977630006406844,0.0012060869637032998,0.0020526120699670075,0.5866800271680896,0.001630406182690651,0.05499673527883827,0.007077534804194281
10579372,0.18754806178710207,0.00028844374405340585,0.016773838082588775,0.0011864484271764497,0.0020507534197650467,0.7214544449277296,0.0031761036888519377,0.05809813544283614,0.009423770479896725
10579452,0.03843084653218041,0.00027593227424509246,0.06918361260455193,0.016334319921355,0.022278014951988997,0.7896111981045487,0.002891650968315868,0.03560391784917176,0.025390506793642326
10579754,0.03400895698811196,0.0003522598632418953,0.03671326171904255,0.009488141962633433,0.016791294461974287,0.7333855766758118,0.009470092657914911,0.046564310359829594,0.11322610531143962
10580098,0.2051615339512099,0.000694011014417085,0.009159827015231162,0.0007553705376399575,0.001959585255756057,0.7210314487146834,0.0009407903621931464,0.027220958301856234,0.03307647484701291
10580150,0.12416515779633804,0.000611400882450566,0.03812418430707546,0.001932870197387133,0.0051494096297133194,0.7525126526819517,0.0031983202690047665,0.057230284427793175,0.01707571980828571
10580642,0.06376109243865614,0.0006213677617261455,0.003856699770861957,0.0007733775462930173,0.001955183465623341,0.8571531623766773,0.0007731558168683076,0.06511868013607282,0.005987280687220884
10580740,0.25310057367560745,0.002693717327537729,0.0029833027623627183,0.0006939887648016924,0.0005526312192874147,0.5722170493866028,0.0010757061733671694,0.15211962404935808,0.014563406641075012
10580745,0.2707835916845456,0.0011753218520830372,0.007345589147146998,0.0006531021581391119,0.0005255627898424156,0.5741044726821425,0.0018909506393043393,0.12507665347989824,0.018444755566897873
10580771,0.02766719364833049,0.004205207537383725,0.008360791041749107,0.0037255431060272677,0.0013999322426069265,0.6440031582739623,0.00193476919348327,0.21486205081986576,0.09384135413659124
10580995,0.08548698768405978,0.0006166328742932456,0.012366217975461537,0.0227208117074153,0.0015546709395881106,0.6003678463343035,0.0022369472461577946,0.2266319048642482,0.04801798037447256
10581310,0.19030926765920006,0.0003994432034576265,0.023416926967231463,0.0021278326068791564,0.0036391792768916916,0.6496878138390615,0.003372063766768965,0.11474379792533244,0.012303674755177142
10581368,0.00452050865548046,0.011462231279276895,0.07923712052763822,0.0389709817858802,0.023132971065859303,0.5641406768193119,0.00719396595918514,0.20785393235794883,0.06348761154941886
10582173,0.042685806710842385,0.004531517689754962,0.017861669985009977,0.0023844813161498354,0.008774660100786598,0.802816385550812,0.002546224584642791,0.10311247882046967,0.015286775241531677
10582418,0.020114916769073395,0.08964318396852265,0.01529339562711378,0.0025726454083866814,0.013488297519730776,0.7221536782015572,0.0065538103034315336,0.12034783981776533,0.009832232384418677
10583009,0.38923637846862597,0.00032521574462465415,0.009994287085895765,0.000641727914388811,0.0037273860285548873,0.5577109627506961,0.0013064934053455411,0.02340375328524278,0.013653795316625451
10583434,0.013249271536558829,0.0005267754594525851,0.12855866949242606,0.06375333865628402,0.002291453650951206,0.6489265161197627,0.010607642206203223,0.10199557525306964,0.03009075762529152
10583521,0.5493126577221987,0.0002577560863576835,0.0031634866428179335,0.00037552072341154004,0.001136057418118903,0.4001386119919693,0.0006029829318122832,0.03824055737895313,0.006772369104360328
10584210,0.19365827238849948,0.0002469069380256457,0.00873626105085801,0.0009208141080169387,0.0008232660311209707,0.6315508507463189,0.002171368385944107,0.1512871684992001,0.010605091852015889
10584222,0.18796655310313326,0.0006100429168581306,0.002414953628319813,0.00021004773722996817,0.0006731212686965137,0.7640174078580712,0.0007753203707191091,0.04012778533469595,0.0032047677822759062
10584314,0.1328138047204611,0.001234572982830718,0.002256765919399664,0.0004308678007846362,0.0013866956112452342,0.2908334123887944,0.001600381654826248,0.5298021815530046,0.03964131736865343
10584430,0.30484899035861135,0.0012898782705492967,0.005314297942247384,0.0007187859324334831,0.000804436773257759,0.5793640267882417,0.0012718425246376645,0.09578670225512383,0.010601039154897463
10584519,0.08252371231642056,0.0005467783314005666,0.05574359301862611,0.003242012658671057,0.012666568511706743,0.7279424944344304,0.00516001307445206,0.08928057236565082,0.022894255288641713
10584820,0.03516895803796956,0.00028497784570147896,0.11472027392684127,0.003291870527360597,0.022077652840092832,0.7233916574553506,0.002137758804073545,0.07414687272501584,0.024779977837594194
10585136,0.013118301636009093,0.00020143001834689443,0.11750373104532529,0.02210840806824774,0.002295626967901963,0.7743586801737373,0.006991873362695828,0.045593216467176456,0.017828732260559303
10586849,0.08079536532826387,0.0006916709310682027,0.025214864228176252,0.0017159169432055576,0.005720259817897242,0.8360983030223228,0.001830641870448436,0.04157806643970462,0.006354911418913128
10587734,0.3646654607479183,0.006394405512822341,0.005920221766188213,0.0007989410487326197,0.001279055268041211,0.5806284971049491,0.0013874610320985818,0.023902263546599186,0.015023693972650373
10587840,0.08925042779496013,0.001278934718376077,0.01879577732019918,0.0011077965538402895,0.0009716134846603997,0.8284791726512489,0.0025997972203589013,0.04444200954432887,0.013074470712027194
10588529,0.8387752794631832,0.0054760988444901215,0.0003639710075965489,0.00013162005690215347,0.00048350083335226186,0.10581594788324286,0.0002609220261235095,0.04754924795074066,0.0011434119343687432
10588664,0.6645073437895692,0.002975747476754695,0.0005526942481478916,0.0001486218750466386,0.0005938582437965192,0.1523050080008821,0.0006636792576503908,0.17564744721726208,0.00260559989089042
10588792,0.5575995467057596,0.003630270099239261,0.000955840158046151,0.00022430644976330724,0.0006143074498937656,0.1288774515874967,0.00041686447009634946,0.30510990294113005,0.002571510138574794
10589349,0.29017813815952553,0.0012725857033586234,0.0055365058318742845,0.0006662686984632034,0.000621697354776231,0.28867579231461465,0.004018238255489865,0.39785792373256085,0.01117284994933665
10589410,0.06927952068875029,0.05732959140351136,0.0063764901256671055,0.005726747419576294,0.0015520197221036947,0.5028341588044813,0.007029224884570948,0.302388334803655,0.047483912147683986
10589411,0.16435933910755077,0.004424725459120233,0.0013043269575727856,0.0006024361642949075,0.0007834041180781589,0.4668083428903316,0.0012973350463569757,0.3520368428699319,0.008383247386762736
10589472,0.3040127038011444,0.009599016724952955,0.003889516733225211,0.0008571903120757953,0.0010660705567581128,0.2678622731043239,0.004149082006878476,0.3985578192925764,0.010006327468064768
10589485,0.10599516372028901,0.008810903031509052,0.002500418514817234,0.00103606327828165,0.0008601437667223469,0.2445397697457278,0.0022343209955198833,0.6241767155964975,0.009846501350635577
10589763,0.010083052188321508,0.00020826979584439892,0.10662569006418543,0.017251292015656554,0.0025366982939545426,0.8030542153195854,0.004803257292869262,0.037756068085690785,0.01768145694389202
10590733,0.012198577954021307,0.003322652475649478,0.05853195045427119,0.020298602132285896,0.009585395184153451,0.8023907065589672,0.00403084495960025,0.027999178201382268,0.0616420920796691
10592587,0.011760368059727957,0.05971855536649038,0.03077138206814456,0.005085684603752084,0.06782880909116948,0.6627321258700057,0.00658080428358261,0.11954679325834665,0.03597547739878053
10592944,0.029270526022227444,0.00047951650672139237,0.10808777445470455,0.013172445166692278,0.022752678818302757,0.7408701109623206,0.00527384269626075,0.05383878484149479,0.026254320531275417
10595034,0.029741185417030285,0.0017834131294653004,0.07688537350728909,0.0035851256319796043,0.011685998188279827,0.7915990320341817,0.0016177922953955531,0.06170595956093802,0.021396120235440585
10596119,0.10487471834632671,0.0001629067108043547,0.018277324677700376,0.0004044771420505878,0.0015897775933747676,0.8418386858856728,0.00042462624767917664,0.030201758612554253,0.0022257247838369638
10599481,0.2402585953085504,0.00026025065760947107,0.02524916264381868,0.0012549900580856783,0.006988822477566585,0.6766142860022721,0.0005089732423538256,0.04434234146334189,0.004522578146401314
