track_id,Clutter,Cormorants,Pigeons,Ducks,Geese,Gulls,Birds of Prey,Waders,Songbirds
6868504,0.21343361912319558,0.007742222496725719,0.11391417619890473,0.3539457247501756,0.17273486881613637,0.05961332024953725,0.0006893110998019835,0.006731028832294819,0.07119572843322797
6868536,0.13557725584706606,0.008273565475109186,0.12494491575890018,0.35267648315611094,0.12130509596924892,0.11023554784347694,0.0007569155257052504,0.010623212682251783,0.1356070077421309
6868565,0.19893148025217489,0.005960308456771137,0.1399686734260362,0.2923238767550489,0.20392286519886196,0.062451563079150764,0.0007257942972791649,0.008344621872395907,0.08737081666228107
6868861,0.006287710057745541,0.018341784440440875,0.0008949793640746568,0.12167230083521949,0.8059152441311569,0.02896112631678378,0.00016963342476637822,0.007311716630352038,0.01044550479946021
6869275,0.0019059620421425843,0.013049249868791815,0.00044939997416616956,0.07807375348463322,0.8552538628559939,0.031028323706829654,0.0001172729336709553,0.0056739454412911075,0.01444822969248059
6871418,0.013782382897078553,0.006849765045674529,0.18467366261950113,0.503522202014615,0.053633684250224065,0.13402207838118288,0.0008539393689599179,0.030137634840987207,0.07252465058177666
6872996,0.5475920627215155,0.0003245089237785063,0.00035791655432937245,0.007511897209184506,0.009518032311566702,0.3004327618942284,0.0060799240498543,0.0011037370200257988,0.12707915931551697
6873817,0.050176589651838396,0.0038441266292432185,0.008520106132468121,0.09067816129305793,0.1286544604749815,0.46886678070272786,0.0008746314012128606,0.009454554666250163,0.23893058904821984
6874023,0.0016125839838872756,0.0023451176587304563,0.0017897669536783517,0.02417757285794015,0.00842963181691391,0.9197607761652723,0.0013406185184338898,0.007135843423413507,0.0334080886217302
6875504,0.0022237765244042217,0.002613390606512598,0.0019974010928973988,0.01642410543885789,0.00402565021489904,0.5569806045436333,0.009087224429638953,0.006239142437679262,0.4004087047114772
6875899,0.006683631719420385,0.0012277857289251732,0.0012858345607543319,0.023302643465007825,0.010522680127833585,0.5356906017256649,0.019845972966840108,0.002205902079912534,0.39923494762564127
6877293,0.015738934525302516,0.0007691225426365563,0.0015663472625363042,0.038098528917120296,0.0023962404695970214,0.019476884726209683,0.0009324673727465878,0.0034452012491797807,0.9175762729346713
6880408,0.010040025664567508,0.005013945302716174,0.0021140179932752547,0.1114815041824712,0.014304998052647238,0.4679990286202028,0.008055357936564254,0.00839582518868096,0.3725952970588745
6880690,0.002825385809019279,0.0010825950651386295,0.004305594571060679,0.050860031253052225,0.003038632072876826,0.5552646076777529,0.004235740794675398,0.008344938538138695,0.3700424742182854
6880833,0.005039648754213829,0.00024597459463875836,0.002080381141275104,0.007064463332453356,0.001102581896884617,0.02774287853824003,0.05674260192193343,0.0005480576137644578,0.8994334122065966
6880956,0.0006437246780460155,0.0008043621273864061,0.00034833412856134815,0.008055377729822302,0.0024043935171905095,0.970809634604301,0.0014310558620272726,0.0006675055740347348,0.014835611778630315
6881733,0.01481708345522113,0.0005665856225165232,0.001528023313536487,0.01239021178634568,0.003899013127134434,0.1812427497994409,0.6425430062700029,0.000794642193490949,0.14221868443231092
6885154,0.08159814449586344,0.0009453293412604005,0.0009218475511007966,0.0295931076739864,0.007096031475368375,0.5668951100883373,0.005075942089377965,0.008336310927966445,0.29953817635673896
6887294,0.006104691229340622,0.0004749476232106405,0.00455327625313993,0.01139200358613285,0.002534712778751498,0.2273565371839591,0.0014507331557507114,0.0017986046383385574,0.7443344935513763
6887586,0.028153018205218545,0.00019410134694073609,0.0030977911821803697,0.023236584347219938,0.00143095735817119,0.09872290078116963,0.001877543112455524,0.0009061796740929041,0.8423809239925513
6887600,0.005102336621866668,0.0001687528623606259,0.002057707875531509,0.008598283598910062,0.0005539318664834234,0.03217165943545905,0.000621697646355669,0.0007461258240144923,0.9499795042690184
6887637,0.014429861243970667,0.002527934835491489,0.004701331137071442,0.14409987603055305,0.02889318773589283,0.10730471634656864,0.002921726252812773,0.0026907207424878596,0.6924306456751513
6887702,0.036290216186252514,0.00013667760859924677,0.0011087767938788074,0.005613928281810354,0.0007527218764718992,0.028683928454281256,0.005898582067326491,0.0016551572329761527,0.9198600114984031
6888243,0.007479696541642698,0.0020585951838527692,0.00612040208865946,0.026036383123801392,0.00572443423064875,0.08007856483776558,0.002322020231954753,0.001159973968682274,0.8690199297929924
6888737,0.005445973782232374,0.0028140226858897055,0.00826992454545983,0.10270918463747103,0.006841297818284392,0.09312463747818696,0.0018125130635646622,0.003989910753019928,0.7749925352358912
6889024,0.04374945439631413,0.00018347853647171345,0.0021902296545625224,0.016746239574929878,0.0011510520633575092,0.038292130729885354,0.02792924915731638,0.0014628201379364143,0.8682953457492262
6890285,0.022915166372768466,0.009741917907450971,0.0021702281532957604,0.027611901748106564,0.00533132370540973,0.4509205428311558,0.07351471004315561,0.004281313960105901,0.4035128952785513
6890416,0.015197328926706158,0.0024980315754998933,0.005005808554239624,0.01719890111121276,0.0032806294704775365,0.21476888394776858,0.011078696067755247,0.005978865272405246,0.7249928550739348
6890579,0.004695965277070258,0.00011005276491765672,0.0015862585659676151,0.0057921381467979675,0.0006008767705805941,0.015748703214921334,0.010304515742267444,0.00044509058030344476,0.9607163989371739
6890917,0.030327286048962177,0.0006605937995757269,0.005007305007353054,0.01787407180989849,0.002524030733964734,0.09860526776375718,0.15709084931409723,0.002180114824996469,0.685730480697395
6891091,0.02278173933199989,0.0005048679394500295,0.0162094725028997,0.15646659489897816,0.0035885353597072244,0.03790024050846389,0.0008038805400418235,0.0015309428927914293,0.760213726025668
6891208,0.0022063219635491556,0.00010373882454622331,0.0010948194418560371,0.0022076784382047015,0.00040026200210727103,0.026918710029182825,0.010968742637495503,0.00038322036015412883,0.9557165063029042
6891245,0.006608281678134001,0.00042788841915016555,0.0019255040034554555,0.007092533148552294,0.0014993783474055267,0.1192398227311651,0.03447017035321948,0.0006140356840018613,0.828122385634916
6891309,0.0016804131870043492,0.00033368227030769444,0.001082808791067234,0.005097883800993986,0.0007317830863543506,0.024677004447855696,0.009549912304361577,0.0008168316689241915,0.9560296804431307
6891366,0.01561345406795975,9.464355131042637e-05,0.0005210030290751949,0.0025787944623725163,0.0005546118843649657,0.011427543398800843,0.020694040347586373,0.00022433488651056618,0.9482915743720192
6891473,0.014635915605567774,0.00027228851313505797,0.006321736582355915,0.020541483768720524,0.0014959758994567945,0.09007744198501234,0.0036351310261780764,0.0011937454365242661,0.8618262811830494
6891484,0.0017937817179616803,5.50356001745765e-05,0.0006151140123281727,0.0021133885594542836,0.00022187676938932338,0.004525426356277688,0.0019932827376242853,0.0008065176048069326,0.9878755766419832
6891531,0.012109375236568524,0.0009096505681623662,0.0019596481484965384,0.01345014550419841,0.002027962029485903,0.10831216964001794,0.030600047749319122,0.0020559328860353917,0.8285750682377159
6891557,0.004217114574219993,0.0004247492020660904,0.006225934025770727,0.007059958429543462,0.0006691943511624171,0.015939952833321464,0.0017716505572335337,0.0017903075040447435,0.9619011385226376
6891579,0.006902949088058218,0.0005611824984341213,0.0039011397207710276,0.015633761385892394,0.002126574796238526,0.052147731647601905,0.01934949589246863,0.001677519518414172,0.8976996454521211
6891867,0.12129695104415365,0.0005264463351207874,0.0035717933423621492,0.028122773238937488,0.0033481513114672176,0.11834272073622508,0.1903634972496903,0.0033154386692165736,0.5311122280728268
6891888,0.016423726592961183,0.00012141732943819604,0.0013546839943852002,0.030197793638114652,0.0009875860850954846,0.020956312350971243,0.004275458288044214,0.0035221404093715215,0.9221608813116184
6892297,0.02916288901922188,0.00014207025380268815,0.0005677287969263513,0.004138334269325973,0.0008763044045944428,0.029656260841139176,0.08488990548899353,0.0004523220629195288,0.8501141848630763
6892562,0.010057910345106476,0.0002795975917362851,0.0025680154542577814,0.015373751431167242,0.0014924889085001644,0.033685004758167304,0.08252113374008647,0.0014422790834369144,0.8525798186875414
6892587,0.0063230820623221195,0.00010290356330777232,0.0007973355304090478,0.004420587574083815,0.0005574609958176222,0.054119329711214234,0.040310115473958144,0.0013054057766886827,0.8920637793121986
6894293,0.008082433997790692,0.04351948752012193,0.005541202287977963,0.3083360421459206,0.23149446644889063,0.2526423448279174,0.0006696399828421755,0.00609306256678761,0.143621320221751
6895609,0.005057069481624454,0.0011283792309424885,0.007080665546796387,0.1582284700540745,0.0021109548570151055,0.029100660035056305,0.0012893623831809167,0.004249952677419017,0.791754485733891
6895723,0.007947772395680392,0.0002916971437581518,0.0038852003960532402,0.007201789741789233,0.001982663771263033,0.870605747014363,0.013997681959040047,0.0007040713494463051,0.09338337622860661
6895905,0.0043377990953096445,0.0005228973496505531,0.005225994452818295,0.008025380299480946,0.0029642459863114803,0.7572692216970591,0.035302772184819954,0.0010282057319356119,0.18532348320261446
6895906,0.00987923766190766,0.0003024206375853692,0.014110973032161798,0.008134142199996747,0.002006425566845877,0.7065892880038575,0.01243746922636073,0.0012243570790960424,0.24531568659218828
6895927,0.03387483210964755,0.000854266855721564,0.010273139603103857,0.017172702789144265,0.005075887806248531,0.7125994227807763,0.021279325987325775,0.0016040747601294755,0.1972663473079026
6895938,0.003989753580815632,0.0004681536327903028,0.0036723401375345064,0.006942389481682137,0.003098966452352292,0.76439341580542,0.03942378775661876,0.0010162620606489617,0.17699493109213751
6895939,0.006547732310232364,0.0003674678917865359,0.002768802073779446,0.00705493362138309,0.002610922875849458,0.8448030769865184,0.009015853715361285,0.0008340842438654858,0.12599712628122403
6895948,0.004706893651084497,0.0004889336542545659,0.0036274760093889403,0.0070664203125283985,0.0031994206086323885,0.6830785024130135,0.028259155068631896,0.0010754385768264956,0.2684977597056394
6895973,0.014309642337217895,0.0003454328454696763,0.013957041692109571,0.010667770402919542,0.0021430929293384513,0.6655137442365985,0.01687812420595982,0.0016202960536493797,0.274564855296737
6895974,0.006226722658753787,0.00028902467559223025,0.0038983127186161355,0.007595820077367595,0.0022509997165640542,0.7103077269263788,0.029217072116342557,0.0008217392313524532,0.23939258187903248
6896754,0.006779283228130552,0.0003872818804725971,0.0017115473920002846,0.0068861782933424985,0.0010604661860352295,0.14518138690419943,0.011814440996321979,0.0009152544839489153,0.8252641606355485
6897915,0.0071467648889621815,0.006640960253720441,0.011174251974054696,0.3183553909798273,0.024834280054040616,0.23989533954215525,0.004104384320375663,0.017179077656284184,0.3706695503305796
6897964,0.08786240471086461,0.002442613397716881,0.014134252939773322,0.15333017784421038,0.07114991350002817,0.08906824368221122,0.002095936928103269,0.0059647502797398975,0.5739517067173524
6899282,0.014250870008039231,0.00028866024981071307,0.0006014867348169052,0.0059715546198760815,0.0011328614860637535,0.10465089426710958,0.14335416168909013,0.0009968606935729348,0.7287526502516205
6899294,0.022340879968456878,0.00025786346010809165,0.0007911309772218975,0.019355271205646913,0.0013820662883044569,0.04102625289270114,0.05613662169540466,0.002867158386364244,0.8558427551257917
6899376,0.006879144490550801,0.0005692453711635276,0.0037090398849831223,0.0089004750333326,0.0014346264045579677,0.038861006265636384,0.018656286659385048,0.001878798723147024,0.9191113771672437
6899506,0.01208865296342018,0.000536852326732836,0.0013507818594571375,0.005268961674576382,0.0012875078774691076,0.5940922204035025,0.04269138444748761,0.0018898219599727453,0.3407938164873815
6899530,0.01946547253511567,0.0001670857829809827,0.0005941503713659108,0.023081585640305935,0.000568094096931386,0.06201170962277909,0.00043776074746370365,0.005193415445065569,0.8884807257579919
6899560,0.024603264207719727,0.0002858534502986935,0.0008953429508916422,0.025947764626934253,0.0011066292801497585,0.16840793794189143,0.007039283441721912,0.005226612589851183,0.7664873115105413
6899670,0.00948624406790199,8.689394685543837e-05,0.0003391876629875493,0.0029072985729592287,0.0007261505049642275,0.09980930754437668,0.0014193233735304515,0.0006560949145843016,0.8845694994118402
6899695,0.003485095532116543,6.741316809673935e-05,0.00035216737552361325,0.0025868696509137065,0.0005113559258551034,0.03223792915816155,0.0003881842959125249,0.0003282312468143159,0.960042753646606
6899730,0.007222128121271432,0.00025368064474837583,0.0008882581125577608,0.007064742576500724,0.001341050332354577,0.1505669003373339,0.012205040746477198,0.0012908659040821672,0.819167333224674
6899754,0.025346050843946515,0.0002616471886282167,0.0017772965650163658,0.033293019604504995,0.001973024798783284,0.04201673296035901,0.0002765129954325902,0.0021141956782456165,0.8929415193650833
6901206,0.004647632639285812,0.001275229913140985,0.0031717017216378093,0.019771839448714416,0.0030183971164993674,0.24259894855238393,0.023447226466842414,0.005821727504094912,0.6962472966374004
6902131,0.001972827475669035,0.0005051369883180122,0.0007588241407025187,0.011511147379415828,0.003339947140539665,0.8995487979181962,0.041418800613994514,0.0016411987655956177,0.039303319577568635
6902271,0.009361676342615276,0.0018821427637819889,0.0029032039240389426,0.047553535173114524,0.007586807684800822,0.09751195013860489,0.0006176912267735756,0.004426051536609953,0.82815694120966
6904326,0.021126096894849733,5.816404228651274e-05,0.00015610467599915,0.0020496443523752936,0.0002601718295452713,0.009104960591938214,0.001270432039216311,0.00036776498711209283,0.9656066605866774
6908023,0.0022982130220674454,0.002516737941611883,0.0017722016887073517,0.3242117204678815,0.029418894777856478,0.600310025098267,0.0009710273898183785,0.01265141712383026,0.025849762489959634
6908625,0.008771149360533533,0.0010707204070215088,0.003949374340237337,0.015325871264846237,0.0031349824433415364,0.34511527648363133,0.08990181751554499,0.001310707941740448,0.5314201002431032
6909657,0.003347773437233776,9.975409123859152e-05,0.0003346095859086234,0.0023917421182021933,0.000375942828029126,0.013170135758775356,0.014487029164132928,0.0004528938750923971,0.9653401191413868
6909786,0.007895739463648603,8.622890130634618e-05,0.00039104065091583127,0.00432953112187419,0.00043428439782888394,0.019928023224431397,0.003155272958679376,0.0024615125286184007,0.961318366752697
6909952,0.010137835284492615,0.0002245627322122621,0.0009970765037591797,0.008482837512274332,0.0010515506241351024,0.02693420299346121,0.022826942823097374,0.0010276884243755019,0.9283173031021924
6910003,0.005406509756799117,6.343819292976475e-05,0.00019206253002506036,0.0019888211448108777,0.00028713905898795325,0.006240314630239839,0.004048696585559935,0.0005608064586342461,0.9812122116420131
6910407,0.00048246382304792943,0.00019541523310954054,0.00022608803185038994,0.0021970859133392433,0.0014584081271761832,0.9843872150692604,0.0003505395067918143,0.0007228622844742636,0.009979922010950226
6910422,0.02847313252449885,0.00025926755054299274,0.0017568716525681132,0.010559336280648934,0.0011552379441312256,0.06449802834860983,0.042055084562135345,0.0025250947615241214,0.8487179463753406
6910425,0.02670362837863362,6.629054243879845e-05,0.00013667109964842896,0.002084324591377232,0.0003131142520212125,0.00835750562627388,0.008434863091513952,0.00040979074918871475,0.9534938116689043
6910560,0.008436071771879248,0.00016501512684473694,0.0019598818327592822,0.16238187956392733,0.0014856260555464787,0.02443393623955855,0.0011414993520284555,0.010953269384469572,0.7890428206729864
6910590,0.010931823167233755,6.163569173230914e-05,0.00013677982270584918,0.0031366211479326557,0.00029161568809842823,0.009101899872153114,0.00885732896798485,0.0006783251894746132,0.9668039704526842
6912744,0.0006127996097095312,0.0006368672042646444,0.00013625991538954323,0.004012756629410538,0.003074389425679432,0.9789055562820892,0.0006617459027849536,0.001856991485399039,0.010102633545273099
6919118,0.00903845741330897,0.0011670649611401336,0.0060776389668066345,0.031316634884194616,0.004675352050152857,0.4844981143291511,0.020974044715982583,0.0013500600854660083,0.44090263259379714
6920152,0.007219562927770001,0.0014042840724020297,0.015554650538609563,0.020871292680109708,0.004171204381012667,0.485541997689274,0.030132783379301652,0.001747468967486951,0.43335675536403345
6925791,0.0031217966623522603,0.0009047798391213892,0.0020691477046189794,0.01098974104804789,0.002709695061124751,0.7882652330342946,0.014344827666394291,0.002351593499163676,0.17524318548488207
6926246,0.02439088130936345,0.00039366379172527344,0.0019602540052642723,0.007084665909653983,0.0018488412047465153,0.7779968583576191,0.01864924472081705,0.0006077520030895024,0.16706783869772066
6928841,0.02370308908740126,0.0012229639767746918,0.020474244636730622,0.710244211082498,0.032633025798769845,0.09851625479247249,0.001035689011670538,0.02414962518174861,0.08802089643193386
6928933,0.006313704982906218,0.0029469314728023475,0.002135027524380578,0.009979672782356659,0.010863749059413607,0.8664297630210336,0.007428836481713963,0.0012061899479685258,0.09269612472742456
6937241,0.00985770936466516,0.00012570410893983702,0.0014819265237790067,0.01074431625680493,0.0005515969778837451,0.00975886800182167,0.0012454046670944767,0.0033297107313436615,0.9629047633676677
6938426,0.0006875355818937972,0.0002459559218552161,0.00036203580859106663,0.0027904980525944503,0.001435207042739769,0.97315114565491,0.0037973745476766086,0.000417592860861151,0.01711265452887798
6938530,0.0013886288835006616,0.0003697297866116312,0.0002430217250305744,0.0038564399333108437,0.0013848652687190348,0.9668916398530796,0.004635624011645617,0.0018127451985542932,0.019417305339547872
6938682,0.006619396158292492,0.0005953057598461731,0.002403030621582137,0.011582059053694006,0.0024923742599446837,0.12595146922877073,0.21876056176849085,0.0021302261298424205,0.6294655770195365
6939166,0.0006271594672264731,0.00033734105706786027,0.0002405617389296641,0.0033258793566552963,0.0012821595977568297,0.9636365120497968,0.004597567264352098,0.000647567039474659,0.02530525242874029
6939222,0.024261402657559886,0.0007778166102760551,0.002491254757660881,0.017930599327342502,0.006006159244505857,0.32449284071404344,0.3697056416848903,0.0039472816579280605,0.250387003345793
6944591,0.08000963244050055,0.0017813673237192496,0.00470027581873343,0.011731593366336302,0.003470741460073083,0.4025448742504802,0.06620445909614016,0.0017025233883539443,0.4278545328556631
6947293,0.002106310172549992,0.0012469363506917423,0.0016267207878761666,0.005885109591520075,0.0035757987407233124,0.8393017370978679,0.0016545533260783139,0.0020081267785146068,0.14259470715417769
6952804,0.012068106970940183,0.0009419116145821575,0.03184230144896803,0.0405446665034536,0.007583750503017057,0.3662683490687754,0.003304579303984883,0.00606151103258592,0.5313848235536928
6975207,0.004050055186974063,0.0008182745739708677,0.005405825180182108,0.00628010829692945,0.0030539801150679625,0.9430536397929338,0.00111446283738593,0.0032191424230363233,0.033004511593519345
6975472,0.0015476266206387705,0.0005843904537822297,0.0010129001897397577,0.0037357608136256,0.0015856123716915156,0.9463798397010428,0.0012096845429194493,0.0023771936643045594,0.041566991642255295
6975490,0.0008029488021076335,0.00016483082758610358,0.00023037441451354527,0.001437692332775561,0.0008607053676605488,0.9590680368284669,0.00027680133914194486,0.0013783060139458357,0.03578030407380198
6976427,0.0008584606180684728,0.00011491806672985218,0.00016155027426145802,0.001903731882533448,0.0008289844734561622,0.8984047691660738,0.0004911000131446243,0.0018653207411240035,0.09537116476460807
10551287,0.004331996944215442,0.0008565916740804235,0.003018436836111982,0.02019849451906497,0.006435875236756737,0.8654185291322035,0.0042759865664428985,0.0014199745977875615,0.09404411449333654
10554874,0.6317589969786649,0.0021024163350066008,0.0020848252180347988,0.024757976621367157,0.0143909887261998,0.20001423685530967,0.00978723192774181,0.0012440810412710213,0.11385924629640427
10555071,0.004369290536626147,0.0006836482393568339,0.0014219000991810315,0.006772549580088056,0.0014833922550055853,0.45235376061011406,0.0061293638583723165,0.0036645011022417504,0.5231215937190141
10555459,0.004725585785816652,0.004425606003541836,0.002564667874490604,0.05463589893421353,0.011623033022131293,0.6544754973940015,0.004058070352302899,0.053490926766324325,0.21000071386717745
10555968,0.031498976280939374,0.0015356162983292745,0.0026551699672195603,0.17886872013354235,0.03409811777086009,0.2575998192053158,0.00035121597436718805,0.014075955451940072,0.4793164089174863
10556692,0.012330336992877255,0.00045493077592362557,0.00073287488554004,0.019352448747473792,0.0020104135308116966,0.15336171243720106,0.0024346527523622617,0.01199229489571045,0.7973303349820999
10557065,0.000707959283176464,0.0011695285588814404,0.000176122962555965,0.004311094631345023,0.0021190603707616383,0.9732392130267009,0.0007108655254637592,0.0005741766779913265,0.0169919789631234
10557235,0.0035922996206528696,0.002370933898097335,0.002177134616362817,0.10857915610607945,0.007335270295929025,0.7978574972715645,0.0012381928573840552,0.014613527114046598,0.06223598821988335
10557310,0.004188726331706253,0.0012697717238658787,0.0009232323873252728,0.014353084731709183,0.027261711895075137,0.2331233055802382,0.00032807115764227205,0.0026353731832134755,0.7159167230092243
10557603,0.003586362319598031,0.001801692098170533,0.0012748502674779384,0.011129288737567205,0.0026508651577756004,0.6862414941304211,0.003882321823648585,0.0027275787647635134,0.28670554670057735
10557649,0.001970945699424278,0.0011467136670439957,0.002403365276408182,0.016146661884399567,0.005920763368879065,0.9063502010059126,0.0017293963195063407,0.00814722040362078,0.05618473237480528
10559369,0.00535512366506417,0.0007649602566296513,0.0007450206065565989,0.0046798189815870014,0.00214858072670486,0.8370351807307013,0.001982453468250019,0.0006257877487938839,0.1466630738157125
10559516,0.0038814799162566623,0.0011186494873253851,0.0004759769640841005,0.01416981609451424,0.006815594729422664,0.8397243727365441,0.004117561344510225,0.0010262162548820646,0.12867033247246062
10559765,0.0019837041113670967,0.003823599039064946,0.00039972533055286505,0.011529912354260628,0.003481468867021294,0.6710036639324218,0.005532061415646549,0.004659785903504758,0.29758607904616
10559904,0.009676150369749165,0.0009970764974963433,0.0010855926737515062,0.013333108157032892,0.0042018220885273495,0.7788539514099432,0.006569070718443171,0.0026558904494614856,0.18262733763559502
10561136,0.008487959196237708,0.0011504768568229638,0.0006212196975298945,0.008258549627403996,0.003903605449385691,0.7194960307788942,0.0010228451974646472,0.0014319436591989504,0.2556273695370619
10561583,0.016453582970712945,0.0005322608141417664,0.001181788213783439,0.009727202000462938,0.0021946159932514993,0.7868367456391712,0.010189312416161464,0.00325410208806871,0.169630389864246
10561870,0.0023680752622150148,0.0009798014233178545,0.0005816385325524457,0.005914443546319798,0.0033462066371498468,0.9146175314294731,0.021712325718275097,0.0011167232172189293,0.049363254233478066
10562711,0.005953294520965551,0.0037604455861539984,0.002827310022129341,0.10294244467800184,0.02929614775319217,0.44537473397379046,0.0014925825718054182,0.003405883098528765,0.4049471577954324
10566953,0.0024503465961094695,0.0010749298826501104,0.0004710068237947862,0.010873995084074913,0.003952807186686109,0.9176810007564687,0.02027146904240875,0.0031691661089866085,0.04005527851882059
10567563,0.024008892364851393,0.005151969062634991,0.001368955122126117,0.014890421862620167,0.03200239001965357,0.523681088005701,0.0030760237928186105,0.0031444029625032743,0.392675856807091
10568512,0.021619735045552275,0.0009046848786243766,0.0013308254072092705,0.015183424543124173,0.0034807242371050636,0.592932360312995,0.08076166280966593,0.0050345108959327835,0.27875207186979095
10569249,0.0027874513768524427,0.0003188523579237807,0.00047720425243176967,0.004856630439162174,0.0017015752327003784,0.8473275832810057,0.011679031222732419,0.0006857599837878787,0.13016591185340343
10569900,0.00536624249559608,0.023289023344654308,0.0036267967597192795,0.10774616186361857,0.542191212097456,0.20439315322945806,0.0016121536037180188,0.0038170274186256708,0.10795822918715402
10569996,0.0052731566875531015,0.0006242004848158875,0.0008399359076635243,0.01144839210003243,0.002353994176900281,0.8211040213339789,0.02672880325688988,0.003631203164246202,0.1279962928879198
10570047,0.0016765047115633936,0.000620237666425483,0.0005740753076147732,0.007461373086163149,0.001877768162836602,0.9446266730970869,0.005021500797420515,0.0014665476539075537,0.036675319516981386
10570186,0.009718396636170315,0.0011096475880236632,0.002184493601956431,0.018990590336149075,0.007786658123856154,0.7067159595096747,0.01012229110290327,0.0025311756920643525,0.24084078740920195
10570190,0.002707048280272734,0.0013765772483116407,0.00048599181475330943,0.013662718385848874,0.004513095316333844,0.9044749653576438,0.015191889555976695,0.0015189310662440199,0.0560687829746151
10570281,0.004137306067122088,0.0007051497260056852,0.0009233532925590552,0.00988662324739406,0.002947908066158951,0.8318441055944642,0.01726724508546285,0.0021175002878504345,0.13017080863298275
10570444,0.2027214551544898,0.0016077572843465999,0.0019894248050293713,0.05679481009911634,0.012440017200655564,0.4263266049304216,0.0034884991276912937,0.006429051062470801,0.2882023803357787
10570516,0.0059936862099186335,0.0008809613988698525,0.0007634953877400428,0.007078412488421265,0.002910493876324939,0.7301606859424424,0.003208905230990796,0.0019294930171627664,0.24707386644812906
10570563,0.01100402853869333,0.0003939491523711779,0.0005407803600334446,0.009456689121379582,0.001661996071071224,0.7009565742207163,0.02459062149304326,0.006886459504872173,0.24450890153781943
10570908,0.014428590886729065,0.0006139184598800937,0.0007830123991450052,0.02894983000834665,0.007646040614083735,0.775761482977967,0.03657759224388535,0.006047290055228961,0.12919224235473428
10570962,0.004052124240545321,0.001672283335624709,0.0017016701117390863,0.010938633996222006,0.0029455272254291696,0.5463123055821595,0.001423322932975364,0.039952402348508165,0.39100173022679674
10571126,0.030181195344466557,0.0003812156604196691,0.0014153953636376288,0.006348909199945496,0.0017351288487435317,0.34352362220057026,0.009874312162949494,0.0037157514062354196,0.6028244698130318
10571129,0.05547106842108245,0.0006253326166668276,0.0009940064199859913,0.030589859158316877,0.005848938802813789,0.6463171901906086,0.0005486494350725854,0.005428596996161225,0.2541763579592917
10571130,0.020160465728745552,0.0005067147363185905,0.0019048882988786406,0.04212794210867943,0.004824670471858398,0.3576452781915323,0.00042880879891237753,0.002956906456472359,0.5694443252086027
10571150,0.008072486859533178,0.0004763587085248913,0.000516121884662695,0.005954198813447049,0.001717590043519145,0.6994172606041646,0.0014623024257510771,0.001951727640114246,0.280431953020283
10571157,0.04730276314421772,0.0005339152106348389,0.002663347567488933,0.016487101902971056,0.0032588335876266653,0.557504738498435,0.07702439781572316,0.0026969032802408987,0.29252799899266163
10571249,0.0038885490058184076,0.00022243763095638295,0.000266633530612719,0.004159106016601151,0.0012188983223155934,0.8450251442680311,0.009007518603979251,0.0014960710692138602,0.1347156415524715
10571563,0.0028474065099022418,0.014350943006552604,0.0015226698719772798,0.015148809495639988,0.02028490159795283,0.5567565576230532,0.0015535292204780344,0.0032866604371306744,0.38424852223731304
10571600,0.0035791973373554163,0.0006152179419721279,0.0004112961681062074,0.006166979405908363,0.0028280188616059947,0.8281810847429778,0.002218754003561378,0.0010812159110484868,0.15491823562746407
10573894,0.008651076741275968,0.0006673142223185527,0.0008206508483027844,0.020566767517589058,0.004402152816176043,0.7597572431980586,0.0015250605007777474,0.020180380175309234,0.1834293539801921
10574347,0.018690103322576125,0.001035446087395828,0.0013311867401193133,0.013128204528193722,0.0028712115417103873,0.6824974192822463,0.004684164081067415,0.0028774786473216704,0.2728847857693694
10574370,0.01722038867862371,0.0004431514591780416,0.0010073576821135377,0.013082438446428861,0.0026843706801564656,0.615371614961856,0.0047720963653680335,0.01055153080214754,0.33486705092412794
10574372,0.008788417090750887,0.0004963552874344162,0.0011430443373339964,0.006070051348225224,0.0014487426941210452,0.6869414598664288,0.025508255704475798,0.0008874443939560441,0.26871622927727373
10574408,0.008937224271075326,0.0010171321444106965,0.0009180213340442359,0.04459655822594012,0.009140641564910278,0.6398261864563475,0.00039580889753887784,0.002291584233869873,0.2928768428718633
10574430,0.002408096900289851,0.00037690551166377225,0.0004027072768508387,0.0041602879768050235,0.0010386002425400425,0.8040172913440575,0.0015421660839270493,0.0010759701128308012,0.18497797455103515
10574439,0.009435645792227733,0.0003509724063906876,0.00048706319660260977,0.009660387742143263,0.0018327434604970359,0.775033776020981,0.0018538830349598275,0.0026659419572275167,0.19867958638897024
10574456,0.004303364877665769,0.0003395444877791653,0.0004428069251444754,0.005160100161625766,0.0018168063288632893,0.45252428684484103,0.0008258947360089545,0.0007942624437227355,0.5337929331943487
10576038,0.15242053848570022,0.0008218283276253163,0.0016241175871546814,0.015192466629652391,0.012903993815178746,0.6654787153934483,0.0018814155567782364,0.0021836535425038797,0.14749327066195814
10576770,0.008556356305871456,0.000699698856310772,0.0008651050938461471,0.03944915844290004,0.002267399430325694,0.6789787845577919,0.001805833275430891,0.0029339142963679863,0.26444374974115503
10577118,0.001530401630487704,0.00061612062869677,0.00017031473062508408,0.004430547708429784,0.0013447978770530476,0.9237952018943787,0.0025501307202512283,0.0018071416347824817,0.0637553431752953
10577354,0.008183178900609581,0.0003993860226423299,0.002229693581902505,0.0065345848475700085,0.0016684911544625123,0.8395779254727699,0.014346274642632408,0.0013460940625946698,0.12571437131481616
10577622,0.0012788558362324387,0.0006061400621519024,0.0002771192613152663,0.006820084295610388,0.0014047933559945419,0.8704032681442012,0.008007008330763647,0.0013755024446878018,0.1098272282690428
10577723,0.0050144633046892125,0.0005004013666612146,0.0011170562355024862,0.007731906025158564,0.001798026029435194,0.8679901807034526,0.005836038165143799,0.0007967791174748212,0.10921514905248207
10578130,0.19408277522259026,0.002127930556759354,0.002015652162140561,0.037450001855610246,0.02334756470185289,0.4664724196631891,0.004210455229113882,0.004958537791542716,0.26533466281720103
10578295,0.013746393513845523,0.0017356415109308087,0.0014752154462165487,0.03370416071087736,0.005841685996382551,0.6964532335085727,0.024397354438764503,0.0026925492873490727,0.2199537655870608
10579132,0.00439134816472559,0.0012827187757989459,0.0010964474212904504,0.012933898136503167,0.003117026641038952,0.8307926108268214,0.04374187307949293,0.0012278180078619362,0.10141625894646673
10579372,0.0027421468332310627,0.0015763305843964064,0.0010431972032318502,0.009980019982663338,0.0050660440139889806,0.7986527813274565,0.01528882302519527,0.0011924149130192433,0.16445824211681728
10579452,0.002312694162708492,0.0028814560674766646,0.001740481620072347,0.04480286376766094,0.02966162074972417,0.8311407873851482,0.002268046951443943,0.0018754652164027252,0.08331658407936261
10579754,0.0023182266695438783,0.0010190270265505834,0.005363260026792631,0.02980953139908047,0.030728474978203336,0.8288779768756286,0.0021827207332982446,0.006757805909635667,0.09294297638126651
10580098,0.004119425733595467,0.0007486989659584878,0.00043563372437100767,0.0084066644053174,0.0030482236902777916,0.9270934653761326,0.013634987209286022,0.004045509352572171,0.03846739154248919
10580150,0.002782902034378298,0.000847294062544138,0.0022346281914716226,0.013634052372393674,0.0051835228804504125,0.881498236499395,0.01097892054447536,0.0015475266698762801,0.0812929167450152
10580642,0.0053390625418343815,0.0003859229309892005,0.00033039883514398286,0.007610586283957786,0.0022272516237445417,0.758946245060979,0.0008976588561283509,0.0007371477193654678,0.22352572614785718
10580740,0.013437547238301435,0.0004293947531833083,0.0010834575009200911,0.009496897844637961,0.001877358643050572,0.6687402351160703,0.032733149401137904,0.004081040363486206,0.26812091913921227
10580745,0.006768517898544962,0.000634595072638817,0.0010467817114575924,0.007818401860893233,0.0015932795434240926,0.665022312103658,0.03136896394162102,0.005084973767533162,0.2806621741002291
10580771,0.052837120023151704,0.00039118512053444343,0.0005718091904480659,0.022665446038698148,0.0026400224148680836,0.6047234608002358,0.0024008162604518025,0.015072624787047548,0.2986975153645645
10580995,0.005097224344106152,0.0012740129452347808,0.0004413472611282825,0.011137802534909924,0.0025366494755706278,0.5610964726561181,0.0077062387542404425,0.008214775382846852,0.4024954766458449
10581310,0.003716328722293449,0.0018278880607688498,0.0006425121283898999,0.009848606874157043,0.003054552319431142,0.6879996187680065,0.02450063090313641,0.0013492735630099794,0.26706058866080656
10581368,0.01607702455264778,0.0016458658837102402,0.002206217010365616,0.11436012027324044,0.010465367861455988,0.4884687252035291,0.0005225238507494581,0.003584547744152209,0.362669607620149
10582173,0.020414447122547898,0.0008708292372329023,0.0012095040343279458,0.014841014066310564,0.006846603527717696,0.7245438552529694,0.001583880561302392,0.0024509381837886485,0.22723892801380266
10582418,0.24187679031367482,0.001174209994314278,0.0016490190736468241,0.022383870637146447,0.02848084037656003,0.5589573492239707,0.0019886301024491524,0.0015293461319404306,0.14195994414629748
10583009,0.0030228744252279644,0.0010158698698126399,0.001005174144339518,0.00882618552723779,0.005214347313731463,0.8932852492659782,0.039998907972388434,0.001018365535608614,0.046613025945675284
10583434,0.003421255622615204,0.006885574327977523,0.001006153780484486,0.07762905675824622,0.004781737861976246,0.7275352409339836,0.0019464782337834884,0.004052717127158107,0.17274178535377518
10583521,0.0053675791365676885,0.0007844266382065753,0.0008085646982747198,0.01919248032412264,0.004346169168054985,0.6887642610955927,0.12870386874790885,0.0024889194362719717,0.14954373075499983
10584210,0.0016417439761198197,0.0004936440364881803,0.0004430608961775762,0.004979495969079593,0.0010450201604972546,0.7113614049117988,0.03040279952691222,0.0015118440920350654,0.24812098643089142
10584222,0.004968221608905617,0.00047403240489032503,0.0008416357643187578,0.005492401475937642,0.001361075171997404,0.8916909775214885,0.019815220503481376,0.001158135215782552,0.07419830033319785
10584314,0.007930114963389188,0.00022541817646743153,0.0003712434716590233,0.004207750298402288,0.0008203749032434787,0.11572202065373728,0.009264931099892675,0.0042281730977626955,0.8572299733354458
10584430,0.01975972721867114,0.0007889392972379677,0.0008106696911448334,0.013245322418718064,0.0028603216949572726,0.6602938452149745,0.05091226711627499,0.0030204643104927956,0.24830844303752847
10584519,0.0037317283873179075,0.0016235687641400767,0.0008120651735812521,0.01180300005288877,0.0039622096631512,0.8498156248723432,0.010227895912948658,0.0038951554234584436,0.11412875175017052
10584820,0.003060460251246129,0.01131405812778028,0.0008526103413787025,0.008887327047812407,0.03207089919877861,0.7698757870755382,0.0022214353975554316,0.0017522063701325094,0.16996521618977772
10585136,0.0018320404444435946,0.005111404057927469,0.0004632063750616309,0.04096212513324744,0.004541109143959144,0.8880450639944372,0.001036178384766318,0.005394208678396297,0.05261466378776107
10586849,0.006330194943850637,0.0011293835695704477,0.002022744585573976,0.030680433916916362,0.009381769230168749,0.8581181539195697,0.010852667473021497,0.0013963743360345517,0.08008827802529409
10587734,0.02764751478268017,0.001148593852056473,0.0011648858452125593,0.0176601965017232,0.00632184287510406,0.8078171633716194,0.0209832829096116,0.003810235335056156,0.11344628452693643
10587840,0.006515217232415504,0.0010541462250586722,0.001680626695339405,0.019173060757594024,0.0028598515759556396,0.8757019831708092,0.008267079335798769,0.0019402917144433736,0.08280774329258545
10588529,0.032247919004584694,0.0003349775589934983,0.0008287672367696788,0.010506767690977985,0.0016917953409465792,0.10134784473009596,0.48925441599493097,0.0016027211608504136,0.36218479128185016
10588664,0.01820914067809814,0.00022341796211842026,0.0009132358479532548,0.004932878948338606,0.0012944707433915265,0.12082030621416283,0.09998306254628381,0.0007628810577822681,0.7528606060018713
10588792,0.020058796475837772,0.00025149733396312706,0.0005859525507653731,0.0064655397156114435,0.0015274460511933514,0.057081560430582136,0.08326815108302112,0.0009849535239602456,0.8297761028350654
10589349,0.010900868473066141,0.0008187784659610885,0.0013047187772926316,0.006463722894767814,0.001442117686912423,0.10016902171116403,0.016202701231646882,0.00147792822150381,0.8612201425376853
10589410,0.23942261855988806,0.00034413869225647373,0.0040094677933411255,0.02967621075113938,0.0040202987361772965,0.2978929128350908,0.0045204662198728655,0.0043056667603511775,0.4158082196518827
10589411,0.010068487254740422,0.00014382828171294155,0.0009580832197654672,0.006454289661778132,0.0023072834338655453,0.2594231944843542,0.004632320170139299,0.000890627918033458,0.7151218855756105
10589472,0.048715338254837766,0.0003559198131711466,0.002535570733293552,0.0109533421944031,0.0036519500744830197,0.14997729827748157,0.012657104140366627,0.0012190311329281656,0.7699344453790352
10589485,0.017752911213686502,0.00019658170295186038,0.0016589436753693197,0.010475187851263727,0.0030617459312237065,0.10354556091639708,0.0013915603907539863,0.0007783655862750694,0.8611391427320788
10589763,0.002139091203990405,0.006467988694157622,0.0009128227003176628,0.12455727281748435,0.0046936051630411596,0.8239364647546427,0.0020068490974374477,0.0027471743778198004,0.03253873119110889
10590733,0.007631706651053163,0.0021093053850032638,0.002459549006559497,0.10735289099305874,0.011930591679746094,0.8184770793344899,0.0006036095799224924,0.010379578849343688,0.039055688520823126
10592587,0.36620479927425537,0.0007933582278473471,0.0007675786372681303,0.0221551963180994,0.023516622578148287,0.42159539259386003,0.0010279204448827362,0.003660013830795398,0.16027911809484344
10592944,0.0038584678973386235,0.0054214043078386915,0.003894338230232817,0.07066157551143404,0.047725343759540705,0.7535117700136874,0.0023747168874828904,0.0021871842091295336,0.11036519918331529
