track_id,Clutter,Cormorants,Pigeons,Ducks,Geese,Gulls,Birds of Prey,Waders,Songbirds
6868504,0.017120781559347285,0.09303984249053324,0.08978113277912875,0.08449573629333829,0.5928875948787503,0.044940260269827906,0.0015158220574275642,0.055498370936829765,0.020720458734817017
6868536,0.017389736219251557,0.13431067600734883,0.12074107638562506,0.07757286473134305,0.40090927344145244,0.11217065325341076,0.00233362356623636,0.07333863008180491,0.06123346631352702
6868565,0.00887550947000409,0.09529231472372197,0.09393006672822828,0.04897220872287124,0.6389606191077933,0.03903386279494863,0.0010412591828139488,0.054732301075373226,0.019161858194245335
6868861,0.00030848260229373995,0.1173533951249916,0.05500718590653551,0.003898404492051103,0.7709249053597237,0.00226889303356162,9.651744089410742e-05,0.04931526868766058,0.0008269473522880382
6869275,0.00017144762305576041,0.11494527952730607,0.05192774729507544,0.005088177709583382,0.7673162222457979,0.004584590924064023,0.00012677503461857188,0.05392425246160676,0.0019155071788920734
6871418,0.0034590186988744135,0.15709506025357606,0.2164171970886428,0.10058212722651845,0.1246839501953201,0.19748372607700715,0.004114722094053109,0.13445202466555645,0.06171217370045142
6872996,0.27047725341012385,0.05342368213149288,0.05896820208114568,0.0033897046158169165,0.04688226237965075,0.3676756633244156,0.04880448558035324,0.058304916506109306,0.09207382997089174
6873817,0.01154095090703487,0.06945825740822761,0.07206158058536394,0.022041790688682457,0.271999327266694,0.34480444167219954,0.0038776474228008426,0.08701562886547162,0.11720037518352495
6874023,0.0006313827807319399,0.06421099108184958,0.06597171049334305,0.004767398481494969,0.00867087261809495,0.7608751592586023,0.0053679906002890325,0.07734798650211315,0.012156508183481067
6875504,0.0006988780722677736,0.07835267357926551,0.06794655680924887,0.003172099658380297,0.00431484253222671,0.5178223488673761,0.042909090774163126,0.06602078650265168,0.2187627232044199
6875899,0.0012612037042957066,0.06277252289876321,0.05949713802209385,0.0034908145959268817,0.007254368579942113,0.5724837858646706,0.11397987111678502,0.05831761031997462,0.12094268489754789
6877293,0.006408861283721008,0.05415562268665997,0.06802186450103956,0.013067813683163412,0.0037151027474346663,0.025655724563288643,0.005786441878857797,0.06955405165958624,0.7536345169962486
6880408,0.0032298832237068254,0.09940650015820542,0.0584196235767425,0.02289100602478009,0.01463675779106532,0.5338378726848363,0.03947124933219908,0.07335604976043814,0.15475105744802634
6880690,0.0009321069665439804,0.05394927350852921,0.07568876001030823,0.007680106908713153,0.0036874678502942207,0.5355193761732354,0.015016102251513872,0.07634772861005983,0.2311790777208022
6880833,0.001919254170079489,0.05132923023376121,0.06909793944619055,0.0015965717916671222,0.0011149903168776816,0.03440712285077129,0.24319121482925624,0.06034885872586348,0.536994817635533
6880956,0.00019424407248454684,0.05872889887248946,0.05442551350349997,0.0016969697337077194,0.003857373293003534,0.809173298170624,0.007475355955149147,0.05853278714980408,0.0059155592492374925
6881733,0.0006465395263854484,0.051046323075137574,0.055067232475766024,0.0003021353704902512,0.00048277702475478924,0.03275509717715672,0.7989773729399856,0.05305382589829347,0.007668696512030203
6885154,0.027431582850548586,0.05768030577933151,0.060576846646075815,0.013242569271195862,0.012163218979951824,0.5848379817376038,0.03784046837567054,0.08517988264350297,0.1210471437161191
6887294,0.0021161678020998253,0.06159479565462318,0.07283735941177642,0.0014367295964103726,0.00374432183888226,0.2709741543484242,0.005976382639440551,0.061767550037232895,0.5195525386711103
6887586,0.009692171102029988,0.048583681764001914,0.07277818014737317,0.006623577677040972,0.002528909366472522,0.2292154939734184,0.009372588718071449,0.06642030415692617,0.5547850930946655
6887600,0.002516135014930298,0.04942896985229873,0.06853844352227383,0.002002169363797492,0.0007198376649839148,0.04544919759922349,0.00506800326475233,0.06379849886508249,0.7624787448526574
6887637,0.006813020941282336,0.11684121277236609,0.09707836318170585,0.05057193977121993,0.0735403211473844,0.26091528387682705,0.020274217250302155,0.07175657863815695,0.30220906242075507
6887702,0.027490853064617824,0.052237912301587204,0.07767807138082343,0.002777103186706318,0.0016364078047359494,0.08190045307127321,0.06571575066282477,0.06541980017985334,0.6251436483475781
6888243,0.003175271805688307,0.08013970807198371,0.07463906711957265,0.0069533125239070424,0.014618646795202936,0.15388262308172707,0.010438115406826008,0.061187588589470585,0.5949656666056218
6888737,0.001915481293292112,0.0749792365981827,0.10585397842713509,0.01816650541793956,0.011068846655710628,0.11832079145156639,0.010676658959010774,0.063884979970437,0.5951335212267257
6889024,0.012632100220158165,0.05122211754700924,0.06635887977857216,0.002910367328557539,0.001133646903151502,0.04020560540585548,0.2287326549250268,0.06439271237062305,0.532411915521046
6890285,0.003989717963615753,0.09005076290491068,0.05973016885578646,0.004792272175817542,0.003289482673183572,0.32402088659332773,0.3798802475277148,0.0598846254036829,0.07436183590196062
6890416,0.005403977174524644,0.07211098893540226,0.09431170979347946,0.00587169693692627,0.005505031901568407,0.22125707879092996,0.052157911128092566,0.08941252283915962,0.45396908249991674
6890579,0.0020994431679124894,0.04913633833241894,0.07829190219605284,0.0020160798690063548,0.0006111276089893249,0.032032889181024926,0.0564183684360849,0.059725535193024974,0.7196683160154853
6890917,0.005987952150159744,0.055457925815321905,0.0745215600961421,0.003114554976185416,0.0014347761252435582,0.06501920907827147,0.4829619993438191,0.061865731388652555,0.24963629102620405
6891091,0.007058349502943196,0.05080594416927949,0.11325040945821772,0.040902233890862276,0.009135193893672974,0.0654715961867759,0.004991549044310367,0.06764840816676594,0.6407363156871723
6891208,0.0008731403116330348,0.0502512219588932,0.07050320475114619,0.0003948894233298779,0.00039766179802182527,0.03550005104722611,0.03700093768202972,0.05395153143978122,0.7511273615879388
6891245,0.0026240204986829854,0.051274364418196244,0.06789038100848623,0.0014258397285407244,0.0013899558860134432,0.10978565677337297,0.1805830253965053,0.05663449689662197,0.5283922593935803
6891309,0.0004506777507125817,0.05138186861760408,0.06101645520171122,0.0009108111084158904,0.0007037551103965434,0.03587814488116674,0.044017463137800784,0.060600541200068476,0.7450402829921237
6891366,0.00899423183364018,0.04978959143825328,0.06312514144898604,0.0007720799600659189,0.000763051938789553,0.019913995240766046,0.13189441528010853,0.05693907435658554,0.6678084185028048
6891473,0.006310348476269329,0.0557026128823833,0.08204415060693405,0.004553657207525822,0.0030030054733392497,0.21637634412090906,0.020436403227329442,0.05988526520585997,0.5516882127994499
6891484,0.0007030943406748568,0.047385072806676413,0.0677624550547722,0.0004209547590943074,0.0002501355669275952,0.006460282122833305,0.01441898743375964,0.06271158049647194,0.7998874374187895
6891531,0.003160142049356022,0.056410081833899936,0.06630508986718288,0.0034458389006441696,0.0016814920916058632,0.12360347362608282,0.3080354665910274,0.06105229932901812,0.37630611571118294
6891557,0.0020105330623029854,0.05262888316402459,0.10933624177745258,0.0019088920577283398,0.0006998133033118424,0.02036825998388956,0.00955398779557771,0.06726796207987619,0.7362254267758361
6891579,0.0018922901890614664,0.0546364590529168,0.08276870856253149,0.0026738262636533975,0.002061899474426296,0.045276782497126626,0.13879127954042791,0.06129389913524894,0.6106048552846071
6891867,0.012749761899684608,0.05277142160334631,0.06397580716769853,0.004587966442397494,0.0014624314706419867,0.0661901386917984,0.6103820891915376,0.06059589087503823,0.12728449265785668
6891888,0.009100798906789774,0.048532961510089574,0.06904768794760417,0.006466377002178386,0.0013285200300187146,0.02575904415508562,0.025793370225032447,0.08188042469427846,0.7320908155289229
6892297,0.007448692809234646,0.05239381935125498,0.05771255379378239,0.0008836485673726528,0.0005251131098892999,0.02690967502569689,0.5142534003836008,0.055018144002160964,0.28485495295700747
6892562,0.0035523786005405775,0.051543419868451006,0.06459904287278073,0.002907194599357286,0.0013307504013652378,0.03964653304015801,0.4418539033459046,0.06563696755973732,0.3289298097117054
6892587,0.004136487595962465,0.051793438999031695,0.06272498747211543,0.0016435572247364173,0.0008870392390513053,0.10648603272225633,0.3069870457092775,0.06428845587631171,0.40105295516125716
6894293,0.0029739847159423087,0.33644558342488684,0.07914847561705628,0.0633413329691065,0.20274422691559463,0.1465895941458101,0.0028906892085900924,0.12562260566713687,0.040243507335876505
6895609,0.002113045660518859,0.051488556019760046,0.10880693446493486,0.022099459429205916,0.002975162119005612,0.038587301144443656,0.008786088589322215,0.10064132648550644,0.6645021260873025
6895723,0.00285634223889527,0.05082368575804191,0.0637614642783819,0.0010017211229860759,0.0015414868461706354,0.7233871546917019,0.06429898213852804,0.05977053294351603,0.03255862998177817
6895905,0.001133048662345935,0.05054353084348587,0.07172817115666788,0.000988795704951496,0.0018466903216680511,0.5474688483908448,0.1820340852379291,0.0614465544406384,0.0828102752414686
6895906,0.0022443833157248477,0.05348769714605549,0.08210830707538924,0.0009447412039736672,0.0016405297687784451,0.6072046331654283,0.07969649965877372,0.06285435018958183,0.10981885847629443
6895927,0.004909127739211831,0.06154334299890879,0.075893487893261,0.0026591930231219534,0.0035119027140401524,0.5671043421920332,0.12104348101413459,0.06781984029240988,0.09551528213287869
6895938,0.0009972739660372213,0.05216759081141791,0.06982783025405132,0.0008176360933162654,0.002536567545375873,0.5395306163778747,0.18833528176132866,0.06127194379407524,0.08451525939652275
6895939,0.0017119658246816476,0.05401467104493909,0.0655365083478947,0.001147391873556279,0.0032194178992353654,0.6957902560205449,0.04128483225542959,0.060239166007452424,0.07705579072626606
6895948,0.0013394635150371422,0.05382898999897493,0.06671498109343543,0.0009897388281833056,0.0030598168648671375,0.5797850331879225,0.10138727550991584,0.06327652524570868,0.1296181757559549
6895973,0.002317510700730709,0.05067389792212059,0.08898937747094705,0.0013614336421672718,0.0014651905476913744,0.5911770807216332,0.08179057450626798,0.06510285011087553,0.11712208437756627
6895974,0.00142971707813146,0.05093333388801449,0.06912145217440868,0.0010425493523527167,0.001764320364491026,0.5326802155022817,0.1595062788735753,0.05997174358960723,0.12355038917713725
6896754,0.0024334420578229618,0.05256921256118698,0.06754160181943313,0.0012812801484654284,0.001182943073705134,0.21668206279147068,0.09175452645586102,0.06186089753278725,0.5046940335592675
6897915,0.0035762023276918373,0.08766223653325715,0.1266549750143483,0.040200246271882206,0.040724408927067704,0.2890346579346011,0.027551920237411397,0.17220173791331844,0.2123936148404218
6897964,0.025396100625398522,0.07886761222729875,0.11821646183768728,0.03483790450998372,0.2713284321270464,0.10605450705056664,0.01157765471682933,0.10323816581524055,0.2504831610899489
6899282,0.0018715914619551874,0.054309558217761844,0.05496750714663381,0.0005467316793992868,0.0004349746946176249,0.05474396326352223,0.4767572071496643,0.059222601577239,0.29714586480920674
6899294,0.007355245084757734,0.05346994003168811,0.05986482842896007,0.0036945885613951777,0.0012326760685399797,0.036061424392655146,0.28723168263014043,0.06349078591723971,0.48759882888462347
6899376,0.002314529530643326,0.05632432390748011,0.07154924430344183,0.0017965694724948551,0.001686582334123804,0.03659806237534099,0.15711750757995765,0.06558476219187126,0.607028418304646
6899506,0.003339484670050176,0.05892061738954406,0.05860630444201053,0.0008407864069493497,0.0010928440731169614,0.43039881304995486,0.2309066743341936,0.05912499781639278,0.15676947781778763
6899530,0.0051302672460758324,0.04715993965042602,0.056937930824360994,0.006927956682335283,0.000558698039847365,0.05839975877737228,0.0035230220193207657,0.08219304454557608,0.7391693822146852
6899560,0.012112674108028866,0.052792144595225673,0.06014798082003388,0.0077021316539572825,0.0015489957925069525,0.2378850310444956,0.03428206867748748,0.08330179916710428,0.51022717414116
6899670,0.003472077240119634,0.05004220340772808,0.05382693006840004,0.000447916823803475,0.0007146048437074914,0.1279334699529653,0.010397358738994888,0.06859116936257903,0.6845742695617021
6899695,0.0009085119246973492,0.04869353054594337,0.06113017373900147,0.00039391243292171747,0.0005725291112897312,0.033075068912712766,0.002433170668005256,0.061966555653556014,0.7908265470118723
6899730,0.0023567385903318955,0.051018401228279976,0.06136907051871323,0.001830928949220364,0.0013446998778030282,0.14717103600017636,0.03439650659306948,0.07290464036627767,0.627607977876128
6899754,0.008070136370599853,0.05056902544925799,0.06757964139795909,0.010658123286819495,0.0020765670663809715,0.060507017243614396,0.0020481721092374533,0.07632465611478337,0.7221666609613474
6901206,0.0015153585923443843,0.06457506577899497,0.08035360439306621,0.0034388348309220495,0.003746988436302703,0.2621108914400114,0.15302076799921907,0.07969988378208254,0.35153860474705684
6902131,0.0005017901699332305,0.053441229774513314,0.053901170704950506,0.0013579490324754243,0.0027429507637319853,0.6757037616079266,0.13322609315855924,0.06919268507630312,0.009932369711606765
6902271,0.004783622426827083,0.0751762381797893,0.0766225925067624,0.012214516788579495,0.03040372663056997,0.2747317012655095,0.005554357462468566,0.08515739839835738,0.43535584634113633
6904326,0.016710630399057104,0.046470863651755026,0.05847324159916728,0.0008472044873469618,0.0002617515549567425,0.015135489523607213,0.013948648630287875,0.06569161195370062,0.7824605582001212
6908023,0.0011905510377430563,0.06407748064507186,0.058547233935927055,0.07933095941258277,0.021879068857075114,0.6486598733445863,0.004320820021905409,0.1099432843077127,0.01205072843739563
6908625,0.0015259224384544324,0.05571442170653629,0.06290911235450561,0.0018504699893342918,0.0015250264395144859,0.227429303926396,0.4542854737719431,0.059350089876815955,0.1354101794964998
6909657,0.0015984921828157692,0.05049749410150239,0.05805392302083923,0.000614441662253418,0.0002872417288570635,0.020240764471045277,0.19084689494696594,0.060877786188669694,0.616982961697051
6909786,0.006526244657205539,0.048087066372736895,0.059583002267076995,0.0022228187833870316,0.0004635681291554042,0.05151206269901624,0.0328690322164947,0.08015350674713768,0.7185826981277896
6909952,0.003520260914410217,0.04977376391024712,0.05768704292735823,0.0015169348307257958,0.0008551290527113147,0.018898919635523478,0.21296182244694561,0.06563833542973982,0.5891477908523385
6910003,0.0029204806453624887,0.04968628706765904,0.05732342154125875,0.0006987989747069994,0.0002786220923819759,0.010501856824129673,0.05467109703568765,0.06442301447551096,0.7594964213433025
6910407,0.00010379328456384753,0.060105865274022556,0.04685987575142574,0.0003703485225656022,0.0006761726339686977,0.8153054107421036,0.001124954802520709,0.07389883531499705,0.001554743673832245
6910422,0.009607770110455336,0.05013665231539874,0.060966386309931564,0.0023784445662270452,0.00071234814039509,0.05929859418968846,0.4006456469767678,0.07100489694541821,0.3452492604457178
6910425,0.008261932510542589,0.049953267440224984,0.053517413324500676,0.0005949593727277717,0.00021448181076514248,0.009775756974719208,0.04216108325150739,0.06295861183293452,0.7725624934820777
6910560,0.004660639569143763,0.0470290282244691,0.06652721204267102,0.04118869226295926,0.0017967048913951084,0.04713307998260684,0.007115432784127138,0.12997175053188548,0.6545774597107422
6910590,0.00436380996640461,0.05032892411313953,0.05308950272631015,0.0007729169021907084,0.00019752663273773426,0.00946341389292188,0.07239452920194638,0.06332547277561137,0.7460639037887375
6912744,0.00022369613955812074,0.0501833081572862,0.0505547665396168,0.0006529026297311098,0.001770229067315743,0.8103708717302596,0.0036131458473725835,0.0794607573805903,0.003170322508269648
6919118,0.0025530868919310047,0.05981871811546477,0.0669089148799368,0.004409738554308941,0.0035030990443272697,0.43389106986546394,0.19390321641159924,0.06142079212346522,0.1735913641135029
6920152,0.0018493263441728385,0.05658234215065114,0.08749254648316315,0.003865589025564063,0.0027137614319752775,0.4114227484734177,0.19758863130728457,0.06628459380825429,0.17220046097551692
6925791,0.0010246660304878935,0.06245441678217806,0.060419817438256467,0.002177809571883049,0.0015118777856006718,0.7106578730025813,0.0533953680229167,0.06801966615129239,0.04033850521480351
6926246,0.0032548163078974916,0.05213979068213721,0.059535364926518446,0.0005420086602197275,0.0005896654814726201,0.7250677835283872,0.06812780544219095,0.054814251676974755,0.03592851329420173
6928841,0.009279891949911957,0.07589510054367656,0.11157554617488459,0.2570724253007823,0.014150164970303044,0.15012272236177118,0.005682347516673126,0.2994928407337363,0.07672896044826094
6928933,0.0007949184011253486,0.07283052477497724,0.06133528270255644,0.0010449228267408305,0.002822941694683128,0.7714988209377416,0.02566834414126327,0.05364970701916152,0.010354537501750806
6937241,0.0073526795708974725,0.05174567036519845,0.0683463945024633,0.0026836306890650253,0.0003578659856216689,0.023361074759208966,0.008563532616216606,0.09433747684735065,0.7432516746639779
6938426,0.00011810105074675105,0.057728272410834766,0.052659554961306664,0.00025016136467835126,0.0003325857577644641,0.8158970848969643,0.017456020540360592,0.05338703804464738,0.0021711809726968198
6938530,0.00017898541278849666,0.06161888099427894,0.05129581213781429,0.00028337591933790094,0.0002587264942264283,0.8096066031869686,0.019826123738208048,0.054615195211134435,0.002316296905243079
6938682,0.0005515340613612736,0.0526749308258044,0.057165039555056814,0.0005853650722156351,0.0003659175702524403,0.04860315126130807,0.7270443424235513,0.05564556759367636,0.05736415163677365
6939166,6.44042434557699e-05,0.05810682146601261,0.05221336751726555,0.00015806058670413128,0.000155576202333719,0.8189022995557377,0.015503815509183403,0.053245123634367904,0.0016505312849393633
6939222,0.0008566365424181015,0.05437572636388644,0.055990835801568155,0.00046973005101969304,0.00033535790735482007,0.05812253835055764,0.7575348034516642,0.05552954847398665,0.01678482305754439
6944591,0.018882022164380775,0.059631331769621154,0.06814328696865236,0.0015251489307753561,0.0014070109124100828,0.3553284804220201,0.3506792662934502,0.06371576006880705,0.0806876924698829
6947293,0.00041990564890351326,0.05743588424470102,0.06289198579968974,0.0008021222415132734,0.0012468011970186322,0.7807007825617267,0.008419418268298427,0.06313871529124557,0.0249443847469031
6952804,0.0040314554304192755,0.06485531741311783,0.16230160802515572,0.004235357047616655,0.009368366358569144,0.43179119313304265,0.03718673716097194,0.09071345701143169,0.19551650841967522
6975207,0.00026412845370114277,0.053096700073306635,0.06143391534922828,0.0004785644532839168,0.0005009487914004121,0.8068423249199245,0.0027935975856933754,0.06983045555052789,0.00475936482293414
6975472,0.00018025494829641774,0.05409795776545684,0.05477444193042768,0.00032804945682897294,0.0004270842426491044,0.8092996383464199,0.003502706366873579,0.07179173765769219,0.005598129285355291
6975490,0.00011480476486246176,0.050238288816428764,0.05469921174411508,9.336736599214459e-05,0.00020343788861962463,0.814925991260759,0.0010013919797176962,0.07376893561298166,0.004954570566523439
6976427,7.588017564007675e-05,0.046984864388715866,0.049846157902705655,6.841347259287462e-05,0.00010370380988338494,0.8209275448535189,0.001853367509565503,0.07543145747238326,0.004708610414994586
10551287,0.0012774264469532584,0.057068879345075145,0.0562476479222334,0.0062177705237301,0.0051630035432847325,0.7593764516302296,0.028217985776358263,0.06053751580890469,0.025893319003230785
10554874,0.4245323053597462,0.07172622486867598,0.06224939304848864,0.008392976372686023,0.018175520897567306,0.15997411550638713,0.1131444786750195,0.061553725957762886,0.08025125931366647
10555071,0.002485961213978292,0.06019382099105447,0.05739771662138444,0.0025244156996377955,0.001477637587175164,0.4359043310090844,0.03598232259876137,0.06606077839638497,0.33797301588253903
10555459,0.0028969795197029786,0.114696738880496,0.07900910013103941,0.018328116354310833,0.01682958859536748,0.317593667252094,0.01902478422799922,0.24268629855152726,0.18893472648746273
10555968,0.049479758968309515,0.07066136403700146,0.06442316773052258,0.22563237353594862,0.05059040007254003,0.1677984454777179,0.004258402485881176,0.09695960145563047,0.2701964862364484
10556692,0.011239310795602643,0.05129882176778203,0.06474322665955462,0.016213265747433748,0.0018595294920535001,0.18894150604889592,0.0161765878339701,0.07975516474272737,0.56977258691198
10557065,0.00025236582902574947,0.06764411587714624,0.05196769896092918,0.0009741954288535801,0.0015348945032763995,0.8076146334630518,0.003903854362913024,0.057888200491197986,0.008220041083606138
10557235,0.002189571114107109,0.0738846384462443,0.0577436512643729,0.06113467830778111,0.01087457441813344,0.6496090569488584,0.005841294543998469,0.09960849551832857,0.039114039438175804
10557310,0.0018884482388853525,0.0703523458090112,0.06102868027948065,0.00950369329622447,0.03872478789361336,0.2401689330725893,0.0022428733475258725,0.07089840597553956,0.5051918320871301
10557603,0.0013002066561954874,0.06694168833432042,0.059576283329100685,0.004255003306829654,0.0024629737115318636,0.5965287323207382,0.01989810061126875,0.0643629265291996,0.18467408520081527
10557649,0.000847445860532048,0.06327801402503595,0.06188900716040874,0.004560867022256904,0.004836339353526786,0.7251843266778626,0.007504217069016627,0.08042685187067095,0.05147293096068942
10559369,0.001438696222699337,0.05839323611952773,0.054624592856956804,0.0008753854271374996,0.001194424334451352,0.7603017228283747,0.007678937748054418,0.058366398180428006,0.05712660628236995
10559516,0.0022032849031815714,0.06831781429481604,0.0556318340034354,0.004615868479606745,0.007609229943564522,0.7011294227317376,0.027072260245773562,0.06214009888840558,0.07128018650947895
10559765,0.000910189708046352,0.09388196751584622,0.05033818747668848,0.003571326563260239,0.002637009677036201,0.6612541562317,0.016463679703851184,0.06814572510711982,0.10279775801645151
10559904,0.0032340264590719208,0.06755875344870282,0.058964805145784345,0.004871627175847676,0.0031855803724940264,0.6252800333059293,0.03753401738946532,0.06296375455362638,0.1364074021490783
10561136,0.0027592844467266694,0.06103032733341212,0.057915662357821286,0.002717961447053194,0.0025158498983598406,0.6884927449574368,0.004447161546933706,0.06324283253632222,0.11687817547593418
10561583,0.013917797713550124,0.059575192576579124,0.05530437885109143,0.00230506069795101,0.0019170773873487719,0.6105185895017811,0.09210223376971415,0.07293677785349352,0.09142289164849081
10561870,0.0007715241338713511,0.07250238345520352,0.05122875095812408,0.0010916489902998456,0.0018475873336899987,0.6347284961361328,0.15627271048822045,0.05593571175378148,0.02562118675067634
10562711,0.004656084501735182,0.08594408983368035,0.07268749124939664,0.06647437143683309,0.04750722847091585,0.3711176308175387,0.013640468848149623,0.08322853811874559,0.254744096723005
10566953,0.001044029630657809,0.05967257920480841,0.054111515875105425,0.002793850576771613,0.003485897556135945,0.6123029553702494,0.1876490048697803,0.06481082338610254,0.01412934353038869
10567563,0.015139927289442136,0.08184107413159415,0.06608570023433523,0.005615756522893906,0.031753087428383675,0.556545385950129,0.031233557774266507,0.0699141921445818,0.14187131852437354
10568512,0.006411579455203002,0.053869317213168254,0.057024398019876944,0.003148746521044448,0.0017803741260813675,0.32619591305945284,0.40865720345721374,0.06350886962220893,0.07940359852575056
10569249,0.0007272061605858569,0.05377635512435854,0.05415546764677228,0.0008931615983455615,0.0007276089968439403,0.6606919182729133,0.13650164028352557,0.0581319780517133,0.03439466386494162
10569900,0.002228474300322778,0.23939611217341744,0.0693710721784768,0.061598748296405464,0.42310299219903047,0.06276247930658063,0.009594829165389274,0.08830839799960567,0.043636894380771625
10569996,0.0013845298894814985,0.05430700649739763,0.0574188323510365,0.003052141168159704,0.0010742749700934507,0.5351952651313999,0.2618717587603067,0.05998550086475918,0.025710690367365206
10570047,0.0007021454190568749,0.06740596330516109,0.05255087913637575,0.0021669230931794766,0.00134499186064637,0.6827188487921921,0.11193720390563473,0.06456843421799169,0.016604610269761937
10570186,0.003985183447419399,0.05469324744896853,0.06022715984535508,0.008068951435805997,0.007299327231142796,0.5940119129492979,0.07729211572408287,0.06545683250932118,0.12896526940860634
10570190,0.00078379672356633,0.0681398303994412,0.05120631052185128,0.0029132983134828,0.002391433753219331,0.5559803148367939,0.24197200061530266,0.05754100895184755,0.019072005884494925
10570281,0.0012678101567667314,0.05683196417475008,0.05442299473640474,0.0025204017357426628,0.0017780380919994291,0.5918539923761682,0.18149043961317754,0.06014635601325486,0.04968800310173581
10570444,0.2627688160606643,0.057427156430964965,0.06283717275982048,0.019548093764841186,0.011387591454014164,0.28544050856076136,0.02912288582377928,0.08163153511332949,0.18983624003182478
10570516,0.0031548500337203267,0.058290258707098065,0.060046181312590846,0.003185985328632481,0.0034643796517967946,0.6500024247233155,0.026006597871526947,0.06475197617803752,0.13109734619328176
10570563,0.009712126499914694,0.05143628813856154,0.053994077794574886,0.0031156086824655296,0.001081677183109314,0.4310557421244767,0.2605015177603959,0.06926553121706637,0.11983743059943507
10570908,0.0060644912717981855,0.05295850629836489,0.05278301831958729,0.0048426442182683445,0.003185854016537463,0.349260960891216,0.42365258055818544,0.07199699886582955,0.03525494556021262
10570962,0.0030725412596058497,0.07792029079916209,0.06723988473703572,0.005989449874101984,0.0032631423635849205,0.333216773907441,0.024528330066393184,0.24658519993002012,0.23818438706265505
10571126,0.025144909561122076,0.053236646702825595,0.06002435366618242,0.0030718404921263732,0.0014152175444332093,0.35240963299038597,0.10200624806548382,0.06441969246258934,0.3382714585148512
10571129,0.08296233965971361,0.05527670338703078,0.05511098727654724,0.021019845486308187,0.003923049156141626,0.5971149973449813,0.0075837694508272616,0.08736028140979092,0.08964802682865917
10571130,0.01296248635100966,0.05301319367194969,0.06143483444279367,0.032344489808619425,0.005450164248466743,0.36779900128168175,0.0061423206627797475,0.08337448310983997,0.3774790264228592
10571150,0.006310275109958874,0.05635548531958241,0.05575505216065339,0.003211510022917692,0.0018719562002263922,0.6713754722718305,0.015209073603016769,0.06724739316283983,0.12266378214897425
10571157,0.028361758963512562,0.05216839081700808,0.06078915304836421,0.0038846518155631403,0.0013184292332691179,0.18862300773917462,0.5152841770394619,0.06047672715379066,0.08909370418985557
10571249,0.002184600907607726,0.04950578681353147,0.053860924237960545,0.0011224217606325278,0.0008616589269632359,0.6074777119999255,0.15613019152853444,0.06749875054099075,0.06135795328385376
10571563,0.0014236228060422525,0.14122126554136172,0.0662643331268982,0.004460163071407921,0.011053013347462386,0.555541388810333,0.011764935550705291,0.0706560413114328,0.1376152364343564
10571600,0.00200033853354959,0.05343744968993832,0.05477621890013387,0.002379492296774973,0.002213088615817433,0.7262012495086199,0.0215373181067194,0.06585690195210933,0.07159794239633717
10573894,0.005475002805862868,0.0621961129575945,0.05184444272134803,0.012231812922498623,0.0024722775329459597,0.6900185006748973,0.01809534510970731,0.08953798301689848,0.06812852225824687
10574347,0.014522034414605608,0.0535974712278993,0.060520588716154476,0.006284038521528689,0.0024506202377176205,0.6364240578435749,0.07710539250763188,0.06547332285099249,0.08362247367989498
10574370,0.023389834318073534,0.05018852641528463,0.0597549104425668,0.006324984534094017,0.0025636945653484955,0.483048329304326,0.06734529448583057,0.07554239528952929,0.23184203064494674
10574372,0.005306803822425737,0.05152020480954432,0.05668644047458808,0.0013507680241517503,0.0008257646080087658,0.47182791901621657,0.2552748532011759,0.06413434324071471,0.0930729028031743
10574408,0.0059537818138391055,0.054969279394171386,0.05746411813052756,0.035198870676011816,0.008197990845613555,0.6204854355830083,0.0033938575740433603,0.07234744784341879,0.1419892181393661
10574430,0.000837947190989798,0.05028253332125313,0.05682332615858251,0.0016854798849142679,0.0006752340590361834,0.7009227871439353,0.014737424075107754,0.06442273015081101,0.10961253801537002
10574439,0.008588795251907002,0.053080721065572746,0.054721019680378624,0.004047646284518259,0.001637493321893129,0.6811824389359112,0.02846765881365064,0.06723346706807665,0.10104075957809178
10574456,0.0041335387960278495,0.05134952240233527,0.05837610201913439,0.002400547262116105,0.0014910998503205831,0.4665867626579737,0.00966290596181763,0.06392784065198143,0.34207168039829305
10576038,0.147749677317001,0.05550902992511857,0.05955705477959892,0.0056879670546174255,0.009002026452814988,0.5681070045955399,0.016754150647296368,0.0713188155121479,0.06631427371586494
10576770,0.005409631232970772,0.05810975663587068,0.056455312838819625,0.018087508131147692,0.001733400428288323,0.6188076103478074,0.026102655018822366,0.07007543092356903,0.14521869444270422
10577118,0.0019916675369060794,0.06300458288055075,0.049508109459049536,0.002497496132301223,0.0018618172006859416,0.7504911867652824,0.022693090275069824,0.07284069120374784,0.03511135854640632
10577354,0.003290343405872974,0.04988355069690906,0.05863900683721354,0.0009793649549199406,0.0009408504255069935,0.5814350530652602,0.16865723671374,0.06024130953617383,0.07593328436440354
10577622,0.0005997048283854054,0.06054663749490971,0.050339445237008555,0.002137108669907434,0.0011318952971956244,0.6653617878606193,0.10316153283410706,0.06810475383688518,0.048617133940981744
10577723,0.0025466575374758,0.0546055109443625,0.05692612538085874,0.001831620869431606,0.0009757160789882352,0.6998375759842144,0.09145569935603728,0.05724052530896319,0.03458056853966824
10578130,0.1485516589465341,0.06076188783391617,0.06182369279152602,0.024308381337140073,0.016710147141787438,0.41589894884417344,0.029687571427447813,0.07279153247621539,0.16946617920125953
10578295,0.0029104025724445487,0.06447650017353707,0.05640752237203644,0.011540938641002332,0.004035945615092501,0.475263665506662,0.23969314948510345,0.05981974873938534,0.0858521268947363
10579132,0.0005180627915633608,0.06367151244079072,0.05283775135025198,0.0012414665173792695,0.0007870829611103119,0.47859894618342175,0.3332563402210293,0.0540039257761984,0.015084911758254821
10579372,0.0008924884025750946,0.05597573700136367,0.05918473808552011,0.0014716047645592458,0.002331940057350563,0.6247950602078101,0.16603064492846234,0.0574502094834521,0.03186757706890665
10579452,0.0015562830371048328,0.060200554698795275,0.06296751224251798,0.01642989894433222,0.022368600186248335,0.7215083248356222,0.023810890056377584,0.06724087243305807,0.02391706356594357
10579754,0.00143596919559613,0.055437737718460875,0.07122102580274639,0.009573755903095997,0.04111423332973859,0.6327962086569566,0.02314903291362968,0.118599108683236,0.04667292779653965
10580098,0.0030142438247169217,0.060390992050730945,0.05335581958750582,0.0024002498007160665,0.0021283824812647085,0.5027523204682279,0.2802158394550756,0.08455337351367703,0.011188778818084845
10580150,0.0008992235107066719,0.05869325174487844,0.057318684392751895,0.003669329367756676,0.003004050731548656,0.6260810626637813,0.14493696012091198,0.059787847499842825,0.0456095899678216
10580642,0.0020027539565625157,0.051912337378319684,0.05393538726432354,0.0020864597515008656,0.00122395926590324,0.7345244583508473,0.00881815324268858,0.06403616471758163,0.08146032607227262
10580740,0.00840073996616009,0.05190349484360565,0.058285453474435665,0.002212371647994919,0.0010575249043613994,0.355446453745624,0.3177860243429696,0.06144130437806665,0.14346663269678206
10580745,0.0022222583547705406,0.057333381688465156,0.05779834425123058,0.0022649177522943934,0.0009065614118788036,0.39247142076412295,0.2913762306791711,0.06238093311629545,0.13324595198177094
10580771,0.049626282617106846,0.051115314912394225,0.05374270194719522,0.013009956768282387,0.001998132844970189,0.5484189092743994,0.03761131287277148,0.10040122646434026,0.1440761622985399
10580995,0.0029820365272839725,0.055005646952723836,0.06175860942253433,0.005084842641378299,0.0018626506968004598,0.5147730433574879,0.09142916626157255,0.06854393911429553,0.19856006502592316
10581310,0.0009288399869345476,0.07431729155797394,0.05514393917465412,0.0017154470954070789,0.0009656522140019078,0.5381474992179931,0.21644225466165126,0.05198584047210606,0.060353235619278085
10581368,0.016207084125786846,0.07974074517016223,0.06217300166497043,0.12592321754539557,0.01109174974728528,0.44296742847707826,0.006745909751365984,0.08261573027195673,0.17253513324599862
10582173,0.007106984625791268,0.05934287401021352,0.05785630239668326,0.008392060553970043,0.0032743084428526943,0.6916980181864714,0.014749676304788571,0.06532885756950167,0.09225091790972773
10582418,0.331325176925251,0.05976117999677349,0.05920229722181597,0.00655952796033356,0.027874593108433855,0.3858661487970376,0.01339117429288443,0.05719612611327724,0.05882377558419291
10583009,0.0008182422005415643,0.06877736043469017,0.05165508215815549,0.0015217565610823954,0.0021525640436741017,0.42449725545245404,0.38731448980209493,0.054907372272692254,0.008355877074615159
10583434,0.003399474871976549,0.0995987848118179,0.05934709147586317,0.09308339652671861,0.0032987959231796627,0.5287530257752725,0.02685887922808817,0.07484143022634594,0.1108191211607376
10583521,0.00043472903074236803,0.05289579319247965,0.05380655091671527,0.001018947363592498,0.0007167200840701511,0.16152336308147067,0.6507466166916868,0.056311369633783866,0.02254591000545863
10584210,0.000763143384288878,0.049740017049017204,0.05942305838058242,0.0013822186536276738,0.0006905370135092965,0.521729868714786,0.23967020777323786,0.0573268744146113,0.06927407461633947
10584222,0.001287141603455523,0.05290036833224079,0.05660067981729138,0.0008884434786092499,0.0005015553126072966,0.5848533999753718,0.22794550154661394,0.05522385412768928,0.019799055806120708
10584314,0.006038208679381311,0.05257930047783524,0.05960309306339986,0.0022506279134181747,0.0008926160475906252,0.15336252829777391,0.09845601508400398,0.06681371957212744,0.5600038908644693
10584430,0.004564087204949758,0.06299497936342782,0.05585964458182935,0.0026419845289748175,0.0012140738846849086,0.290553280151836,0.42765048216349333,0.05458713807988181,0.09993433004092221
10584519,0.0020535626528382137,0.06939364655698411,0.05677017102471002,0.005297998760461022,0.0023473679880308116,0.5387782949526114,0.2004858846191943,0.06921650102512932,0.055656572420040726
10584820,0.0011202014273907364,0.13360538833602525,0.05140314496679237,0.0021458942271181496,0.018604862114961963,0.6812998458941392,0.016816433773686957,0.05774146921787907,0.037262760042006425
10585136,0.0012966075123058227,0.10077503409684334,0.05241698856266038,0.022056632577091274,0.002945401314896467,0.710884963091924,0.010905397823647097,0.07718728919940643,0.021531685821225253
10586849,0.0017150220406256375,0.06725802987282095,0.05446766525391202,0.009250705371655617,0.004701069695031949,0.6365529165065246,0.13768750863136706,0.05874764113221745,0.029619441495844768
10587734,0.020679998618370093,0.057369448175420605,0.05870995274360251,0.0036911952124162,0.004763509176112928,0.47464482176178574,0.2671546573650531,0.06797887840806871,0.04500753853916992
10587840,0.0022066072745883752,0.0639252570771723,0.057000853714463444,0.003588254588210267,0.0012653528507903344,0.6635213986816012,0.12131953220839106,0.05758896121115964,0.029583782393623356
10588529,0.004209621334123309,0.05233855281109255,0.053697306040957606,0.00028539827454998623,0.00015022860760865642,0.011198512917316635,0.7970925737201768,0.054259925170241495,0.026767881123932726
10588664,0.004978987160624329,0.04830831663948237,0.05821974822140969,0.00061243043985783,0.00044186094759192114,0.045575015771418266,0.621240245894767,0.057588709428834754,0.16303468549601377
10588792,0.01452875557560741,0.05298906422442773,0.053406415155167905,0.0007280494459805678,0.0005959585708903236,0.028811174083528925,0.6098319783028368,0.05993664931121726,0.17917195533034325
10589349,0.0032412586174002758,0.055713897208475464,0.0623707125245315,0.0027596254576898113,0.0024222146839043895,0.2045407585607341,0.21848991888243352,0.06155266262411394,0.3889089514407169
10589410,0.31694084235014575,0.0515475105438313,0.06138440966880903,0.010050181679035618,0.0024412670320898464,0.26198394797872576,0.05120632002276827,0.07577124775513593,0.1686742729694585
10589411,0.015272962737263477,0.05311064424685339,0.056406523478574784,0.0019632642496008397,0.0023810776508815528,0.3708795580488207,0.054678220258067685,0.06327980666083065,0.38202794266910683
10589472,0.047238005727943455,0.0544761607715844,0.06415258503553686,0.0033105264820833236,0.004332798478921142,0.18376787968414252,0.1308815704641423,0.06458738349693077,0.4472530898587152
10589485,0.07941815421061149,0.05222266498262753,0.06386055030396998,0.005748520745516146,0.004643125914113364,0.17535447745703006,0.026847891183361578,0.06708052096858325,0.5248240942341866
10589763,0.0012063925249181544,0.09857231446771761,0.054869978369284464,0.035236415961310795,0.00484271515272713,0.6798688881335092,0.023044291532216946,0.08130604907773556,0.021052954780580103
10590733,0.00375308968785698,0.07995998255655623,0.04932867500232076,0.10867665026963948,0.004487339530284966,0.6485595272850914,0.004590731573126305,0.0882587175265245,0.012385286568599458
10592587,0.35372120412874947,0.058986897726079096,0.057138818955491624,0.00870628012235713,0.019749800925542457,0.3375661334821351,0.010220394017523213,0.06594052843544516,0.08796994220667657
10592944,0.0020381789529035498,0.083419870643379,0.06364802259040382,0.033160324999061803,0.02864144555189683,0.6498208416821234,0.03313124817714979,0.06526916301433774,0.04087090438874405
10595034,0.005337443331436105,0.08358602309224923,0.057581436530507436,0.005839381086038419,0.018337269647073554,0.6898348699374512,0.010779542040129465,0.0648532838072487,0.0638507505278659
10596119,0.00042492941854196915,0.06313667077081905,0.05443957336839194,0.00038621630518855964,0.0007524796277260596,0.7647907203679394,0.035334732142498174,0.05399826936784329,0.026736408631051613
10599481,0.0004268439138403446,0.06252965239068783,0.05049261731223233,0.0006962071994740659,0.0008495765984909884,0.5471796814926219,0.2750348341442846,0.054681734697960345,0.008108852250407585
10599552,0.23602655791993268,0.051546934952061314,0.0646793211944066,0.0054388567102348385,0.0025838520861193575,0.2803793778521794,0.043957131222574414,0.0690567906364202,0.24633117742607116
10599609,0.051563244666748664,0.05624833290011307,0.06769102434016412,0.0024930384147259965,0.002230794019003393,0.14045185598152302,0.3519245253934728,0.0632725433927666,0.2641246408914823
