track_id,Clutter,Cormorants,Pigeons,Ducks,Geese,Gulls,Birds of Prey,Waders,Songbirds
6868504,0.03716622776718492,0.027142147183139887,0.08984806340202349,0.18338114927100285,0.38359598928937444,0.099233106788769,0.0017879852191274217,0.027227602034695125,0.15061772904468282
6868536,0.050790985797099314,0.022609974259692456,0.09566409940397967,0.1310554245728034,0.25459018063789135,0.1813689378500873,0.00229081751037957,0.02587649946612485,0.2357530805019421
6868565,0.012656456727315189,0.020679662601664442,0.06047999438306602,0.10617162027513202,0.5847937476340522,0.1014454890919134,0.0013590276584713949,0.02102318717480671,0.09139081445357852
6868861,0.00015622313217538325,0.03550552197544912,0.0006148088051413125,0.030273912100282803,0.9225762493512769,0.004802354721004629,0.00014134703960984446,0.003693540912157391,0.002236041962902554
6869275,4.371525567745287e-05,0.01659391675627178,0.0001886626047229581,0.015306961716563875,0.9600037380800137,0.003555710914295299,7.600149760522729e-05,0.0032954261304490155,0.0009358670444006816
6871418,0.00406805916038282,0.03972357771709453,0.23593269145470763,0.24983040084100128,0.1077204524876538,0.20548410029541064,0.0029708283329217835,0.05819473956584571,0.09607515014498184
6872996,0.136509581907221,0.016664350559826284,0.002808497559088588,0.002830483686781098,0.015050835486108294,0.7232448490242541,0.0634518623953604,0.006856874298916071,0.032582665082444215
6873817,0.006641186166386872,0.021764845052748234,0.008598021967543609,0.011175219367070102,0.6291150498616818,0.24586310611400558,0.0035227983878591282,0.017359677904221046,0.055960095178483674
6874023,0.0002222297303166128,0.03922687357431807,0.006812174660458296,0.01709450291016713,0.017798204495376647,0.836770169549417,0.009137850999130111,0.03288190425277485,0.04005608982804147
6875504,0.00024209988991603465,0.01489281142442442,0.011143022392513314,0.0052437956023940364,0.004040416590265502,0.44650931895280965,0.015148465172930881,0.020343299441286582,0.48243677053345957
6875899,0.0018383744160319485,0.0139384326434451,0.007862685016496975,0.0020516229344590977,0.001921244390027267,0.7027706132332718,0.08760754073221205,0.01078956263344406,0.1712199240006117
6877293,0.009453093780857931,0.005667000786610274,0.02325410548710836,0.021261076268006582,0.0030444432950657817,0.040804643705954075,0.011095606745595354,0.05332156940985912,0.8320984605209425
6880408,0.0012837350099216104,0.009010086161640243,0.010575876382770926,0.012263023613574746,0.003015459110679324,0.7267409009270337,0.03194654214551665,0.024737253874516422,0.1804271227743464
6880690,0.0008452863428921509,0.006810539271781243,0.023354777797412858,0.014255949334079036,0.0037522310239753555,0.615093769508988,0.015859552769989457,0.03167727655563733,0.2883506173952446
6880833,0.0017107305765340188,0.0010268385844700433,0.008332257389388677,0.0007622664830413154,0.0004831295196010599,0.04776180050683265,0.3586189323870522,0.0040476387338089755,0.577256405819271
6880956,0.00020571744531629015,0.011039535505304942,0.0013956880187054419,0.003136799198575375,0.0020165231617617746,0.9500009883296556,0.007592189883020697,0.005736318569595996,0.018876239888063837
6881733,0.0006640392464473191,0.0006500302773857593,0.0007496371859107997,0.00021757249349005727,0.00029041830140482544,0.032057565614571126,0.9402499701111755,0.0008668650228535617,0.02425390174676106
6885154,0.027511925291599005,0.022385942803156304,0.013344938303141624,0.00863939958029725,0.009023602796332459,0.6173441976968661,0.04728808617444825,0.05326476646724525,0.20119714088691384
6887294,0.0031431617916925884,0.0025812811381425538,0.011296217001568853,0.0016297152999029084,0.0021800237623724648,0.36189355030390397,0.007783004341186919,0.008227659790308662,0.6012653865709211
6887586,0.023379541792048333,0.0014963176675559763,0.013622516255806462,0.00677810853609665,0.002196375896943912,0.15298532189703518,0.00978169647401541,0.019708795052702437,0.7700513264277955
6887600,0.004833823774720225,0.0006385456663149637,0.01183479503463809,0.0040164346225998624,0.0009126396274762444,0.028221617339209436,0.006590983116263789,0.010748238894848145,0.9322029219239292
6887637,0.015060377270471053,0.030282938213414184,0.028740958927170636,0.029237974325535203,0.02239167675687217,0.16030962382798128,0.02185196143316073,0.030055194088312955,0.6620692951570818
6887702,0.021341924485357475,0.0018524134043335666,0.01474651704882374,0.002098451271808816,0.0009953876188549564,0.07091639532660535,0.07655104615946287,0.016188274529374158,0.795309590155379
6888243,0.0020588369124738305,0.020603692010432495,0.020854205874012443,0.008462051633050204,0.018711564252092434,0.16558626796992365,0.014679970671914018,0.022551515907773573,0.7264918947683274
6888737,0.0020043819054008523,0.013951793620033388,0.04667310931198558,0.03308826817777835,0.018380622972297953,0.12856327262152314,0.01352796960383362,0.031309423537474276,0.7125011582496729
6889024,0.012033135627957187,0.0012332901495642503,0.01523089404738111,0.001762971851558947,0.0008651489635141419,0.02159546734041321,0.4437152694134786,0.012393323179409964,0.4911704994267226
6890285,0.005819742615739863,0.0147706894456767,0.0050224300799470555,0.002463278682970998,0.0020472433337243062,0.2624083059143473,0.6255641697854061,0.009631912827845788,0.07227222731434199
6890416,0.005701428021295231,0.009737165862594765,0.054699675432229665,0.005383625989747283,0.001995825119098604,0.1953380975524996,0.10764102666982683,0.08327468695687924,0.5362284683958289
6890579,0.003240194837643425,0.0017248698284591931,0.02314033508417357,0.0014601606900365327,0.0006165236253853474,0.016489044026131362,0.14940562263280607,0.011690177985609562,0.792233071289755
6890917,0.0044298938505156465,0.003956092539137833,0.008155630113217805,0.0018602068015284644,0.001246901467583337,0.10310250599891231,0.628931214554814,0.008399357422923418,0.23991819725136704
6891091,0.005790471951071609,0.0011038909196583264,0.06515072274590028,0.04501714131866451,0.0024088837062983042,0.017808358302105594,0.0029014480642025396,0.027496348625350303,0.8323227343667485
6891208,0.0007608713095628621,0.000501344532547279,0.007612137750662993,0.0003425712460390938,0.00031012383786278586,0.032348494157749666,0.055725215861923943,0.0026701587149890456,0.8997290825886624
6891245,0.005237247316600492,0.005199028611709594,0.012511730602018246,0.0024687763081177416,0.002584025343135327,0.15763367429092315,0.3044864622480532,0.007372768336127574,0.5025062869433147
6891309,0.0004602574491869474,0.0016849998152116629,0.006223210548155144,0.0006370938956102225,0.0005248465481855045,0.030434246599347355,0.06336642876176345,0.0036221651195951494,0.8930467512629446
6891366,0.004282619256234186,0.0008567649020372946,0.0029052180286531365,0.0007405147724858405,0.0005970052172370189,0.013593282473169235,0.09052383368568771,0.002074991981952656,0.8844257696825429
6891473,0.0038194529934206492,0.0012702936879564453,0.021503497437980502,0.003047105656734162,0.0016891877349139298,0.1149714737832222,0.010263337077930357,0.012197225121799868,0.8312384265060418
6891484,0.0006008831555071536,0.0003650721731310576,0.00391582857425266,0.0003957979571404363,0.00021304441454714592,0.007835473301038981,0.020795391421813924,0.002867033240261881,0.9630114757623067
6891531,0.004680711372525263,0.00889649021846446,0.007875241837892805,0.0022551165656325813,0.0017291395456386928,0.08019534873477709,0.6036815800528789,0.01058451685837638,0.2801018548138138
6891557,0.0018300647751234556,0.001718408634200333,0.08069580144415024,0.0033633852410703794,0.0006146323966920299,0.01070984222943619,0.008429826012181554,0.02278584531954343,0.8698521939476025
6891579,0.0028257916122755595,0.003625443200056765,0.00922027204257511,0.002909916755547644,0.0018587916053284803,0.03333294563110834,0.24595331888240762,0.00792552138327589,0.6923479988874245
6891867,0.009254221867638602,0.0029214201664931015,0.009095586296767842,0.0019693242259600703,0.0012935679651823546,0.02829141208579964,0.831661658707957,0.008284078931368137,0.10722872975283332
6891888,0.004003110196068692,0.0016473694439075523,0.011438768838979617,0.002342020136529726,0.0009950174453509104,0.012271711638717786,0.04836104298701674,0.021420336531453487,0.8975206227819755
6892297,0.009689605646154897,0.000871219199805907,0.004180071174460443,0.0006624746675879379,0.0005820315721408603,0.02714862564916975,0.6020081156246004,0.0030960681085361553,0.35176178835754357
6892562,0.0026372680206252636,0.0025617866103482823,0.00782202609957331,0.0014413219062380323,0.000810433602670489,0.040405244682475715,0.6314783120848356,0.006671465564666209,0.3061721414285671
6892587,0.006480652406993992,0.0021080469842878306,0.015092505266955426,0.001604302837261506,0.0008373497558375623,0.11489519608543129,0.22048545648180765,0.024110667220639332,0.6143858229607855
6894293,0.0013452023589869948,0.11476721069392438,0.017482598895251944,0.1690915934613571,0.15735841817659119,0.3016009727165627,0.003984835698446042,0.15820482333036776,0.07616434466851184
6895609,0.0022213194562515784,0.011776592392092366,0.07701566627408774,0.04781066655788493,0.004218825235282448,0.03311729128129932,0.014280708432566356,0.05407544719972425,0.755483483170811
6895723,0.006011699219817896,0.0007962332206608125,0.0036572810736699352,0.0004388551429725572,0.0005265346450788263,0.7997046778518395,0.1527826293390064,0.0029576013267460554,0.03312448818020805
6895905,0.0026041300627401946,0.0013117807085427674,0.00623124413650192,0.0005660598609157976,0.0010528219433077297,0.6583427350060175,0.2225466832698339,0.004192634243846334,0.10315191076829389
6895906,0.003926589580558379,0.0009008486302093002,0.010202457600448453,0.0006500957441518975,0.000617020536777346,0.7820308282782721,0.11919831371454842,0.003928401595286656,0.07854544431974751
6895927,0.01196946423642465,0.0033320994772688614,0.009713286597505732,0.001622626147959204,0.002147181501924181,0.7971654068282809,0.050374369943717974,0.007103101297926175,0.1165724639689924
6895938,0.0028872331050829704,0.0012435979491216289,0.005465021518206254,0.0005656580113473025,0.0012285767727921327,0.5456261003812715,0.3526432748933841,0.004347111255940675,0.0859934261128535
6895939,0.003969371308857828,0.0010998194835061376,0.0053095083362906005,0.00040282741983024763,0.0007671039739983135,0.7279436246947631,0.09148201646241166,0.005372745213848718,0.16365298310649334
6895948,0.0016780487944155153,0.0011121205476875195,0.006131501406759134,0.0004447567087642215,0.0007668790705574961,0.6529382159260075,0.11519862015942343,0.0056090029514918515,0.21612085443489326
6895973,0.0041056330325178565,0.001032718732133041,0.014991187823640425,0.0005901606933068169,0.0007220466658846501,0.6603915752498692,0.10793068950313722,0.005554417143102407,0.20468157115640837
6895974,0.0028399106660816024,0.000864456486593994,0.004910861754908381,0.00035644961763286326,0.0005842932337919615,0.6245182571463638,0.2581123366527403,0.0035356038431941586,0.10427783059869306
6896754,0.0020267303985945194,0.0022957412254690415,0.008448710116121937,0.0013702835014354929,0.000989449335736394,0.22440525273402195,0.1731583473250737,0.008239502190528422,0.5790659831730186
6897915,0.0013896279445056278,0.06030135784689823,0.0875928604621452,0.0778760011535912,0.036667436995102734,0.24631969772910173,0.021903659704597785,0.17805417416358327,0.2898951840004742
6897964,0.056293567976318425,0.013742861002297716,0.05487063263677193,0.040328521808963944,0.06704607582199348,0.13638550084131076,0.01830017219413381,0.04090683544346174,0.5721258322747482
6899282,0.0015418595795943068,0.001383876762990545,0.0022699230147143817,0.0009699364889963697,0.0005562463848650235,0.14245067895201685,0.4862794267359714,0.003984356221234851,0.36056369585961623
6899294,0.004408096423490248,0.001333709320396418,0.005999674038758656,0.0011611435022804706,0.0005855808552581699,0.018662362162067556,0.8446913872647769,0.013593571555832677,0.10956447487713888
6899376,0.0012634983825726017,0.0035365185712890462,0.01751516718039843,0.001831571556823937,0.0008451640871425153,0.016604632394814484,0.21811289015532573,0.008907942665611384,0.7313826150060219
6899506,0.0034756918424143778,0.0007463443108905927,0.0020171743362188714,0.0005096434117151532,0.0003532398622529658,0.28915158406766883,0.6189275941625854,0.007614324945476217,0.07720440306077768
6899530,0.007052524132559238,0.0011879918452421302,0.010329923205866573,0.015623310481473668,0.0013489085628208258,0.06963508200274392,0.006789949644332454,0.054575376443767004,0.8334569336811943
6899560,0.0038820826212049788,0.0017988032203278108,0.01006322359658042,0.006184164218565227,0.001088418942508704,0.23791938358785428,0.0714347075272001,0.03767176708007095,0.6299574492056874
6899670,0.0023400036086690256,0.0006217858605881543,0.001031748804840098,0.0004623585794440529,0.0005356584366122348,0.07865037558627931,0.030403952246509262,0.005679130412797219,0.8802749864642605
6899695,0.0008199149964013689,0.0010686972895000981,0.002635682223719012,0.0014245181700766395,0.0006643735724936161,0.095238985374521,0.021817847220711,0.0050504951257107225,0.8712794860268664
6899730,0.0022169046835375365,0.002473176027594879,0.006274969672534819,0.001409843528791864,0.0010943318422469313,0.1757816590969346,0.21021988392390836,0.011348304340215682,0.5891809268842354
6899754,0.005359459139267328,0.0021182544417395173,0.01921530238383233,0.0697277933801195,0.0049694277188087315,0.09468974681614012,0.008525173234415092,0.04097975341894786,0.7544150894667295
6901206,0.00223867117028994,0.005450122454716346,0.013327424938369928,0.0025783320391309624,0.0014732341569886217,0.29577922821015756,0.2635570487688096,0.022523613795219895,0.3930723244663171
6902131,0.0002614145294979578,0.001788242541793068,0.0016548768348330308,0.0007188698944265268,0.0008595918596248114,0.8457576465508636,0.12146519250843417,0.007693668110109079,0.019800497170417646
6902271,0.001680558029557733,0.004358782967341948,0.018290434922370667,0.013418116722163927,0.012470686496390042,0.1433908181492246,0.002996557971447469,0.026800872665051566,0.7765931720764521
6904326,0.001226199228070632,0.00017904466588515838,0.0010911516071743003,0.0004148661719910996,0.0001251094421057268,0.005173581008130447,0.012975930223000108,0.004664757179101901,0.9741493604745406
6908023,0.0001952677137063186,0.029692993309819334,0.005113906022846211,0.07662042132375364,0.030858834592125323,0.7636952044192094,0.005276270197410006,0.07870733945864868,0.009839762962481133
6908625,0.0017206401927996888,0.0013450192623005485,0.003198760867168209,0.0007819175446982293,0.0005477799445684673,0.2095111572832904,0.6537191459730503,0.0036072245867883558,0.12556835434533584
6909657,0.0012598574164949868,0.00045561835254518746,0.002985918507095414,0.0005188720943508832,0.00021354278824101385,0.014778078596990709,0.2065576536802209,0.004166640371473801,0.7690638181925871
6909786,0.0025498603302753667,0.0003708344586866165,0.0022482343293067676,0.0006523130755449783,0.00024713578453170745,0.02299024341308301,0.020569456963100616,0.01805592575536706,0.9323159958901039
6909952,0.002024333115185647,0.0005738290248742235,0.003196668344101466,0.0008265766043398552,0.00032175357381078354,0.011471557880417468,0.5140259460681077,0.005384433847967332,0.4621749015411956
6910003,0.0012147772799138454,0.0003059880210562275,0.0015988989215200632,0.00041553078863907256,0.00015126160030654403,0.003942789979365242,0.03463760845220263,0.0027134368132320365,0.9550197081437645
6910407,0.00011594735340590955,0.0013612310103802891,0.0007252216584103766,0.0005646444898412134,0.0006360370191361763,0.9778883101793482,0.003665763033868432,0.00828673393844701,0.00675611131716244
6910422,0.01119628603384712,0.001565086914462158,0.0158997549767212,0.0024354604006263138,0.0006398525177265194,0.05105178882679171,0.37946844707221056,0.033229328147376856,0.5045139951102375
6910425,0.0019685016793996386,0.0003047326929543726,0.0015113100509655817,0.0005431271794504254,0.0001905058553886065,0.008584624269245694,0.05399362430512927,0.0032509614024309854,0.9296526125650353
6910560,0.0028412668387528127,0.0017421538641093784,0.0276234608368845,0.043112786460651045,0.0011524666454041255,0.032802325054728465,0.010571784775600425,0.14685089220558853,0.7333028633182808
6910590,0.002597314753040335,0.0003843214536114057,0.002885958111784756,0.0005979605964282032,0.00018229658844019032,0.016186629519287392,0.11029355320999644,0.004966517263225651,0.8619054485041856
6912744,5.2362371846185676e-05,0.002060350621343417,0.00043360803399632966,0.0004641417219217908,0.0014957082171812978,0.9782380222107369,0.00500653947418452,0.008278945261579495,0.003970322087210153
6919118,0.0021207854862045168,0.0050550946894209236,0.008162410045351974,0.0027668725897108575,0.0014010498909194646,0.4994139483077624,0.17696845557039645,0.00897915983492905,0.2951322235853044
6920152,0.0013481749256021459,0.003377086646773611,0.015899163247354214,0.002105941763518861,0.000989755828436966,0.5299514300966536,0.21610528568948945,0.013277450993596899,0.21694571080857422
6925791,0.00012594020492581024,0.0019277195079614243,0.001854050147214643,0.0006931696234102197,0.00040871525060137,0.915961744520488,0.03743717893924098,0.010886037334254663,0.030705444471902866
6926246,0.004651617379765058,0.0010497384593861827,0.0014304548432485802,0.000436478297597674,0.0004138857955874152,0.5821538528192036,0.39548487374383334,0.0023669188111098078,0.012012179850268371
6928841,0.004116931130066566,0.027187601836358273,0.043882114759957735,0.29285241605158485,0.026701303499868878,0.15981906986244218,0.004074334131382656,0.41097713058084184,0.03038909814749695
6928933,0.0014356892179749597,0.0029411206651735753,0.002179744680236218,0.0004403157428737581,0.001053270083540875,0.8616440931275222,0.11236318846791253,0.002788423729541226,0.015154154285224508
6937241,0.004237117581526093,0.0007609674923618227,0.014370574977245615,0.002363701604079205,0.00035516724234977765,0.011729087301111333,0.00877712520818974,0.04412398234762572,0.9132822762455106
6938426,0.0001030702590978526,0.00048395149399073746,0.00041803491376006405,0.0001597143697167157,0.00014342227514844682,0.9742589819374254,0.020491891273085136,0.0011177148161143223,0.0028232186616612286
6938530,0.00030026001068542314,0.0005626316046770973,0.0006027546820055999,0.00024278875443756003,0.00016624441497660718,0.9364141351368542,0.05325797578675692,0.0037347400140642114,0.004718469595542223
6938682,0.0004646424540645628,0.0004043199164295041,0.001375831511669343,0.0002997581696502602,0.0002097220911225576,0.05893668243799543,0.8586498108543479,0.003141576380295898,0.07651765618442448
6939166,6.221859026261994e-05,0.0003121583110144481,0.00027598559016624435,0.00011957188120903886,9.041566763287097e-05,0.9637562024487776,0.03114733530749287,0.001156518962934446,0.0030795932405099204
6939222,0.0016429316542767834,0.0005271553210011376,0.0013239587982836701,0.0003080014548014243,0.000283340494966055,0.0741259735247832,0.8998274912806286,0.00411294237375996,0.01784820509749909
6944591,0.005331560420032075,0.001342537256759836,0.0073129230026175215,0.00045732596597824923,0.0003827512814431754,0.2842157389053488,0.6730716914736494,0.003918755381741631,0.023966716312429207
6947293,0.00012536668135564106,0.0010979369067603483,0.006982725970035746,0.00031676963197161084,0.0003881011816582254,0.9601455951663893,0.011564549685604717,0.006810293541107185,0.012568661235117202
6952804,0.003350663907682333,0.0024642515686274687,0.12269282136166615,0.0029842010572960487,0.0019451664008683864,0.5684553064989587,0.04461862175079276,0.026317895528792337,0.22717107192531585
6975207,0.0001815571940773678,0.0006931437395394811,0.001991035504275738,0.0001173128620819263,8.622171762862921e-05,0.9827649385993575,0.004774587054449363,0.004307621758953253,0.005083581569636634
6975472,8.467556399029618e-05,0.0004883232875089223,0.0011739315092802638,8.012628435360071e-05,8.342340483599543e-05,0.9708036080816944,0.015526601011969374,0.004662867779230108,0.007096443077137128
6975490,0.0001594218994225338,0.0004939271791088161,0.0005435729033971937,6.771407884282351e-05,4.834587616902428e-05,0.9757975528325398,0.0031852256376469126,0.007156538545786457,0.012547701047086489
6976427,0.00013036830690666939,0.000647376359701118,0.0006029982755935478,5.724113071459899e-05,7.333944369885734e-05,0.9678480206196148,0.004038455330423471,0.00506115705919367,0.021541043474153226
10551287,0.0008174338258133489,0.00537024538675652,0.0007598520842096086,0.0009319486070027156,0.0016421575337053737,0.949023485123895,0.02563749001086641,0.0031384163386176905,0.01267897108913332
10554874,0.12494031793343778,0.028341931683506294,0.015150134848865297,0.015543129924427787,0.022476345135229177,0.5150530733925346,0.12110094658439632,0.019183077254586078,0.13821104324301667
10555071,0.0006699709827317428,0.00237381356211893,0.002054925744430502,0.0014839621689495192,0.0008593012556844422,0.7118029549535603,0.06450674366871409,0.008662853039704424,0.2075854746241061
10555459,0.0014762255377333462,0.04111415028347132,0.015775154790587644,0.00999611835028572,0.005030018010943943,0.42576637773650816,0.014777457882900247,0.16895567023074357,0.317108827176826
10555968,0.01629739575748002,0.03295119268629446,0.010077468589108777,0.19288207119074072,0.19026486302335682,0.2676497219637618,0.003462896057336449,0.06748314385047352,0.21893124688144744
10556692,0.003499958180996049,0.008582363614157738,0.0049702420635603095,0.004849455751557448,0.0020644695509753072,0.3158076708163313,0.026767520300000444,0.03185220557769474,0.6016061141447266
10557065,9.394653043376833e-05,0.017458344262635903,0.0002964791152552865,0.0007288859171825336,0.003139889220158905,0.959987103256857,0.00831697284634567,0.0023201461831347187,0.0076582326679961975
10557235,0.00038659080103829084,0.016038976179066727,0.0049713531383651765,0.015291876832372226,0.005971444957167331,0.8967244988802868,0.006589973739037429,0.017130652035260624,0.036894633437405386
10557310,0.0037341520974035654,0.1101485970380507,0.005626933642257557,0.014297153786334019,0.09469650073319995,0.45309803729102616,0.003185370994033026,0.021987841952560237,0.2932254124651348
10557603,0.000488397320087497,0.01814957114352693,0.0007954457523230371,0.0022483868173373577,0.0016093126332521108,0.876301191659199,0.011016036799900469,0.003926330389898856,0.08546532748447483
10557649,0.0004977065677927419,0.020042054614305804,0.0038346751321657177,0.0028784741900256877,0.022325816720769758,0.9021676489466331,0.007292529736403899,0.015120997620702945,0.025840096471200356
10559369,0.00146020291239355,0.0047721413978741144,0.0006710782317994744,0.0004916640699378249,0.0013012963024840811,0.9379921760009241,0.036691514607834444,0.001109232155010771,0.015510694321741644
10559516,0.00022149567482118834,0.01633277826235366,0.00038506828491456185,0.0005042032136283085,0.0011989583397889524,0.9366126511859076,0.013027814138277118,0.00145744974305121,0.030259581157257364
10559765,0.0003129810213476957,0.026009609135935564,0.0020809100079245435,0.0032710047286991983,0.003819394659047918,0.8059981961749509,0.028348030715489084,0.013983651762217967,0.11617622179438708
10559904,0.003181552068221456,0.015083108242053217,0.0016344096328147074,0.0038985592403470593,0.0032664271715504224,0.8423147956997112,0.05311794309145462,0.007587725399970658,0.06991547945387672
10561136,0.0020725481249778636,0.0063295236326595394,0.0006920848410721705,0.0015581617881900676,0.002851333682925152,0.9272116508056369,0.009416904881861206,0.003749526139696166,0.0461182661029809
10561583,0.00304149221346483,0.005597677123455798,0.0027357323908118562,0.001104036096331596,0.0015556790987618526,0.862983108452871,0.023264929932338807,0.010770971534893474,0.08894637315707082
10561870,0.0002334168212144138,0.002902005338063042,0.00023392880447073786,0.00015973489071204232,0.0007473085222568733,0.9099472176603494,0.07791256771527766,0.0006008620540950541,0.007262958193560731
10562711,0.0023361839374545393,0.3454834778138583,0.004160591271231117,0.0518458270088636,0.16668005874476724,0.2571884227986418,0.003279758009177074,0.01874043247757378,0.15028524793843256
10566953,0.0004819242460849381,0.012985213307354145,0.000988068171412905,0.0011044484439127773,0.0009825185833897002,0.5878312944529032,0.3648597128939086,0.016079691206331397,0.014687128694702404
10567563,0.013597971744140869,0.01757912200498102,0.0025698654759368795,0.0028313696787071623,0.010718887908839196,0.8121717001385728,0.044877572661703696,0.00854078610127312,0.08711272428584525
10568512,0.001923885537781912,0.0015198312109291662,0.0011062123783808706,0.0009405059006260463,0.0007842439258288862,0.21407504844753603,0.7376182009142156,0.0035232228031980284,0.038508848881503424
10569249,0.0004994057644936882,0.0013896339108287756,0.0005770163400106269,0.0003268604282656643,0.0008650176333769132,0.8254393469721069,0.10900559809579248,0.0023957203358333447,0.05950140051929166
10569900,0.0023609468923817133,0.15191135676806478,0.0062195188192569655,0.08610266179172354,0.49965418800554734,0.11357279812833766,0.012616691560295688,0.04195494343690824,0.08560689459748408
10569996,0.001833515496544895,0.0019211680059157419,0.001332325387567044,0.0016583445343044928,0.0011659557099936507,0.5897891328038681,0.35268029190763545,0.005591555818751686,0.044027710335418815
10570047,0.0003976980562867427,0.0071042464502103575,0.0006920613493515143,0.0005892671361209246,0.0017835108823258186,0.9488962408507966,0.02675930199162458,0.0029380346654086444,0.010839638617874826
10570186,0.0018689739608717046,0.003402814749813641,0.001240099650280989,0.0033021581202319116,0.0031472509501948498,0.7865348448901903,0.1061844234745308,0.005661611387269779,0.08865782281661594
10570190,0.00035508091451070346,0.0033787806359482663,0.0006133653733904232,0.0016274105628319145,0.001746841305509876,0.8487476340218335,0.12431822582611719,0.003052843295558721,0.01615981806429946
10570281,0.00047991310117536973,0.002422923805414877,0.0007260838879781187,0.001295441208794545,0.0009355226790212125,0.8394340077781717,0.12386502929966624,0.0032328363989473025,0.02760824184083072
10570444,0.15862385359023942,0.009434592676061433,0.005820424733743442,0.031948485254481004,0.01562640484380936,0.6264725885337439,0.040853209953376476,0.02669294784495292,0.08452749256959208
10570516,0.0027148613848896963,0.004215070972725226,0.0012213985913401395,0.002535267087654919,0.0025488490865158133,0.8368918541061843,0.09399555791942193,0.004837754735026958,0.05103938611624091
10570563,0.0031191586739722425,0.0021059727201893632,0.0018280678143808172,0.0019857846465254013,0.0013241596672292771,0.5700959363312305,0.28190796303627874,0.008934401748483693,0.12869855536171
10570908,0.002330781274963816,0.0021619253489705186,0.0012936182135970548,0.003910527606615356,0.0025267717592243636,0.7387255085880725,0.16509644161952813,0.008635190208140298,0.07531923538088794
10570962,0.002085717108022574,0.040529194035012865,0.015303981897988678,0.006067339043062928,0.005183120804462665,0.17002056469059668,0.02495928665544852,0.4882463099156911,0.24760448584971395
10571126,0.0058430209661127505,0.0015760819517762316,0.001780833403797262,0.0010492746932699937,0.0010212648220473725,0.7177227133317281,0.1204671127222065,0.007762882485640886,0.14277681562342084
10571129,0.02591525175776415,0.004562710251451767,0.00279278596595177,0.013910079666432405,0.0061339839644419854,0.8556157103670579,0.009723689205520593,0.021741547924968824,0.0596042408964105
10571130,0.011899767515962905,0.018137309229545116,0.005805782468542204,0.055537452680748105,0.018332503854726966,0.5371806679604905,0.00490464921803675,0.04117105335998359,0.30703081371196395
10571150,0.004632066989515274,0.0032949826183276522,0.0011075821021306342,0.0022189927784851673,0.001847331721689995,0.8990025850352407,0.019761302498916302,0.007614780567141464,0.06052037568855275
10571157,0.010847491254839352,0.002472897701943453,0.0033808307593659447,0.0019606581360348003,0.0013898607660039874,0.3795645758360764,0.49958028995052545,0.01224948349167561,0.08855391210353505
10571249,0.002326883923829906,0.0025575134567936515,0.0006885648282210282,0.0006767050860177473,0.001050892122101412,0.8554466485623871,0.05871946830654392,0.0024100305414166655,0.07612329317268848
10571563,0.0014098394267593017,0.09381743715573897,0.00445293398343557,0.008669217640500423,0.0676614139911251,0.6465894434672897,0.033888407216089905,0.022888621794067004,0.12062268532499401
10571600,0.0014837735974384714,0.002534260674816699,0.0006937771841834725,0.001094758068640255,0.001957568642161394,0.9092815202769047,0.02852025263950506,0.002628644712644494,0.05180544420370552
10573894,0.002648876640649755,0.009731662506680555,0.0038003566405137006,0.01973620556280585,0.013178359450385868,0.7442603913585507,0.025322219977813854,0.04961252788227754,0.13170939998032222
10574347,0.0017920361914520954,0.0019887349509822125,0.0008743385081974391,0.0021110330174882014,0.0009094095508867935,0.9279989146475747,0.024582426478183823,0.004376908732678788,0.03536619792255603
10574370,0.0029582995856842903,0.001274513904667433,0.0006527153311956231,0.0015815511414998245,0.0009643763081086266,0.9034784091920784,0.01884938783422094,0.004644599145557593,0.06559614755698738
10574372,0.003209923043737575,0.003001230595358129,0.0015738828934053649,0.000962538846239857,0.0008520422722800065,0.588254604389087,0.35985884412443736,0.003165473265691101,0.03912146056976357
10574408,0.009605296345998712,0.02150577228745458,0.0027222674673507046,0.04416306238005613,0.023041475607903535,0.7551851628754543,0.002821584004906415,0.019592704344264068,0.12136267468661163
10574430,0.0007828897545261377,0.0022915425777418727,0.000532116620938312,0.0009457056973122913,0.0010589338210615063,0.922320897690756,0.0169448992205244,0.002734949342073236,0.05238806527506613
10574439,0.006228178282774344,0.0030641789137099773,0.0013360780911097837,0.0028500180192498926,0.0015956088608932435,0.8972147976588041,0.015252487388503141,0.0056224254450298675,0.06683622733992568
10574456,0.004154870720355324,0.00639530676933533,0.0008590980330295345,0.0018149940030478464,0.002732693728597834,0.7652606934387907,0.015344122515503393,0.0041086739254042205,0.19932954686593585
10576038,0.08693394535329738,0.005818398896568,0.002010531514737592,0.005252902370798988,0.008571208317462789,0.81503518000539,0.02383233174640522,0.008226624077278075,0.04431887771806209
10576770,0.0024544129522039632,0.003995551659684193,0.0009927254678705195,0.00790303520247162,0.001624158611675028,0.9168230514363265,0.006050020670329342,0.007264440000274832,0.052892603999163984
10577118,0.0003066477041239804,0.02451346939778723,0.002311527692597347,0.0031701488884993824,0.002613490213162432,0.768909283923422,0.050820121592706116,0.01519561160279185,0.13215969898490978
10577354,0.004598646312885367,0.002009352689595375,0.0015174423898884684,0.0006096052214273759,0.0006630548528109709,0.49110450825983254,0.4770969196487411,0.00330757157003588,0.019092899054782862
10577622,0.00021212169844547914,0.0068184411031820815,0.0017801033760803423,0.001804154380410827,0.0009036474245450775,0.8649923562527677,0.0419330618855395,0.006683919020003706,0.07487219485902546
10577723,0.0006097645494723214,0.0006637989399122903,0.00023507310636655703,0.00021937125624125738,0.00034299659299125845,0.9337124045507366,0.0542272005848157,0.0007883322890940146,0.009201058130370037
10578130,0.09274727731445212,0.00899362551295893,0.005754286025287476,0.015234346669070342,0.011935804663697036,0.5721476960699341,0.07653824658070985,0.01859892418956123,0.19804979297432881
10578295,0.0017193410651802148,0.002538657838543291,0.0016169578695046552,0.0023769043017570924,0.001218913965669652,0.578831041325203,0.30592648947382556,0.005802275247199234,0.0999694189131174
10579132,0.0002775083031056908,0.0006526094132863242,0.0005690337771824659,0.00033428443358222103,0.0002706090374444705,0.45473256203071855,0.5225622953686984,0.001695935300767954,0.018905162335213936
10579372,0.0006717890122840846,0.003978881657457775,0.0016714017690756349,0.0008356186997572451,0.0010581595941645395,0.5717615000694798,0.37935278564958597,0.004290347857555265,0.03637951569063974
10579452,0.00047920159887016576,0.03243563238390916,0.0039388540265724225,0.014912501173002945,0.1484126398780436,0.7308254381292192,0.018608308819888477,0.021066270151587553,0.029321153838906523
10579754,0.0009377772248578139,0.007633397254831801,0.010253833934432171,0.005550000207300176,0.051985491427062165,0.7978642281724293,0.02983733448259898,0.06138917114226094,0.03454876615422666
10580098,0.0009724127975524269,0.023612820515593526,0.003951951886467679,0.002510532443196361,0.003270033855410268,0.7170805487036389,0.1661659951537689,0.0390197411568115,0.04341596348756051
10580150,0.0007117220382193775,0.0026103343280196468,0.0007731294814160445,0.0005793187853125298,0.0034546598939993603,0.9306808472329808,0.0479116067219605,0.002097560819869022,0.01118082069822266
10580642,0.0026154862715311693,0.002155193707372295,0.0005099263261497302,0.000999848518591668,0.0015477352912060829,0.9095514684705651,0.016948883034597607,0.0025363826392195304,0.06313507574076684
10580740,0.002083616737789948,0.001589686370088958,0.0010237005751341634,0.0010725123779979212,0.0009705288794252216,0.7340814401564602,0.20694128932164413,0.0034440875301708354,0.048793138051288786
10580745,0.0010639876837068743,0.0012190174905947644,0.0008485283548237701,0.0006318195314520177,0.0006872149836334719,0.6218940356052263,0.3156564611296721,0.003900079619784497,0.05409885560110628
10580771,0.0026463511424165867,0.0018839914454744794,0.0012104854271135716,0.003921716181206875,0.0014331899269569921,0.8442040368589087,0.014513619402254398,0.013460700066616357,0.11672590954905201
10580995,0.0012003704798057562,0.0057141466387273555,0.003436805530155951,0.0033973200513290995,0.001630031167024338,0.5169444416742605,0.09425249173532307,0.016610560686102106,0.3568138320372719
10581310,0.0008149250750430245,0.00734697036360925,0.001452820592508123,0.0013060342084708371,0.002672623492376609,0.6736975552549052,0.2450269614093719,0.004684452626262624,0.06299765697745256
10581368,0.009277684469677963,0.01759336005587368,0.00589253211080818,0.1922743022388368,0.036091731738353915,0.5139507649747845,0.004154928353801551,0.12479215126728957,0.09597254479057377
10582173,0.00854187684002911,0.0023870463812473764,0.001794956043338659,0.003273526406034338,0.005346042852136216,0.9011631681143137,0.03087459054569534,0.006327275015659321,0.04029151780154581
10582418,0.06377142900800714,0.00612764702171709,0.003954784799943937,0.004769818148798805,0.014826614114852692,0.808976787881146,0.0339480845089149,0.007817272815355967,0.05580756170126343
10583009,0.00047857059113274523,0.0014755130374379628,0.0005299161554491097,0.0003656792426456198,0.0008424556843860389,0.717843126064458,0.2684974685435639,0.0013392349313745802,0.008628035749551906
10583434,0.0005007492893182966,0.050587569445748104,0.006456039935164715,0.02941625517653877,0.009657803845820715,0.7367520773680738,0.014915451062325866,0.021767791176993692,0.12994626270001605
10583521,0.0003803381287719246,0.0011544979308932392,0.000747489291912057,0.0005918750552696702,0.0007291997104275643,0.5617053568427237,0.3963560940045865,0.0022549571152723122,0.03608019192014292
10584210,0.0004036324731481637,0.003435768482644514,0.0015790509829808198,0.000704951346852379,0.0006326112779200224,0.6480640046215291,0.2641938859532545,0.003504253516142071,0.07748184134552837
10584222,0.0016080115407532275,0.0013535134781375246,0.0008927216600023017,0.0006039830466712083,0.000637717559545019,0.8014075782560568,0.17164409262359787,0.0033767375787433474,0.01847564425649265
10584314,0.0025001616473215617,0.001910157677653013,0.004493080509442573,0.0015799115544439203,0.0008076573972830487,0.16878112622575916,0.24070781771459868,0.01898059777666314,0.5602394894968349
10584430,0.0020584865533656654,0.001021134836934684,0.0005888241174583755,0.0006475880337422552,0.000508298146065927,0.6440400812560684,0.308414999912139,0.0023737607821703796,0.04034682636205518
10584519,0.0009900862269324332,0.03005534133180451,0.003560283204447052,0.0027341902030008467,0.0045289329792357865,0.7668363115736146,0.1298842165339699,0.02019070996713447,0.041219927979860405
10584820,0.0009388917820676733,0.03251480798434036,0.0018040540962554297,0.002967854927319716,0.05121742574622528,0.7951040899092601,0.050730710594945425,0.01576067965822655,0.048961485301359554
10585136,0.0007085231357453683,0.14909496044211956,0.00534259114226099,0.026168827790470126,0.014747490430198226,0.7029874522822941,0.019887017837005687,0.046669319610907034,0.03439381732899874
10586849,0.0007210409769923596,0.0033795687574053037,0.0013441775815693638,0.0015515139702187723,0.0022547348570211567,0.9391900572391678,0.03786934346093849,0.0030230541801340473,0.010666508976552613
10587734,0.03158349957862654,0.013326128200987197,0.0034441148548347645,0.002449460635973914,0.005333848696770445,0.6588988612453595,0.2373614246252118,0.006389269533556297,0.04121339262867964
10587840,0.002771885857577299,0.005538173886545819,0.0020287882824911252,0.002124556601628175,0.001777813878083462,0.9254719520100414,0.04785478665048923,0.004724114817460675,0.007707928015682805
10588529,0.003788464887610124,0.0004958618645365563,0.0013477655206373023,0.000411788239400024,0.0004872107790455069,0.025845522046064433,0.8689586725918887,0.0027258388140340797,0.09593887525678316
10588664,0.004266646065543801,0.0003975601753427719,0.0010579047145091937,0.00025805643839009885,0.00042194412488834765,0.11067685669057167,0.714415230304568,0.0019649180300549485,0.16654088345613122
10588792,0.005899117204434231,0.000969301740042434,0.001590432043694006,0.0006962083660687279,0.0008517717216449402,0.038442066487756985,0.3554180507342277,0.0029620786950837552,0.5931709730070471
10589349,0.0011859280432918872,0.00046677773734437635,0.001549377383177873,0.0005833372122255604,0.0003881959313003169,0.14257142544093385,0.2904816877864688,0.003397749972586516,0.5593755204926708
10589410,0.08663594470603347,0.003819338217681022,0.008828902079689649,0.012238734071978754,0.005680048370947574,0.4815220773944773,0.08875123880255785,0.06816933520994947,0.24435438114668498
10589411,0.013652475816707975,0.0019403990952725479,0.0021700026575080444,0.0012034146145409046,0.0017743189057726496,0.36888109043536854,0.17101535618045946,0.004791005690650446,0.43457193660371934
10589472,0.013234760604596336,0.002597256914151481,0.0029754539401648213,0.0017389428104427397,0.00216279626086591,0.16226103130174055,0.3726076492975918,0.006842161562537889,0.4355799473079085
10589485,0.017087348509635652,0.003681821837360681,0.004639089697145019,0.003919555365387166,0.0033724544178943957,0.2190600289197757,0.0409353314806671,0.014703971006509489,0.6926003987656247
10589763,0.0006152888839551543,0.15031082854219543,0.006219414622727081,0.030384755054521196,0.005603410425455691,0.7301321562019599,0.021383170507736474,0.03431250962466922,0.021038466136779888
10590733,0.0018301262290775383,0.012393820463847717,0.005585779828527585,0.03921234393959945,0.01990948255995278,0.8597822045305545,0.0053106526726747014,0.04184062534708846,0.01413496442867727
10592587,0.04832184599346881,0.005071472077693053,0.0026145379577448475,0.0056395837995116774,0.012530446141886342,0.8463806787649607,0.00794190449645707,0.0074060246428580894,0.06409350612541935
10592944,0.001001000716660499,0.01727304144796327,0.006118573603416336,0.013502253083298867,0.12940161149749238,0.778348744131804,0.016104151938312793,0.015242575680776884,0.02300804790027496
10595034,0.005745967772133454,0.00730457360645819,0.0013573471008737075,0.004640761002530813,0.008305469703256184,0.8981366311731906,0.019236147951912606,0.009473231433328915,0.04579987025631546
