track_id,Clutter,Cormorants,Pigeons,Ducks,Geese,Gulls,Birds of Prey,Waders,Songbirds
6868504,0.012247548557425958,0.14249756630757401,0.1818702639628755,0.05647007368230337,0.35608015276316013,0.03464126810780651,0.0010238052115907174,0.2007403111445019,0.014429010262762025
6868536,0.013456161210115024,0.15709777719073914,0.19851555595673853,0.04898958670206376,0.2391959188170782,0.07963194238946908,0.0016884051074010013,0.2169040174841937,0.04452063514220148
6868565,0.006103379967600347,0.14663171799759375,0.18529205497974627,0.030039872202395186,0.3913399175999793,0.026689042759416595,0.0007191742739542941,0.2004484441990816,0.012736396020232778
6868861,0.0001659352338357363,0.1867471396116337,0.15159258353808963,0.002534734488178127,0.46089929985750266,0.0014287499034034523,5.232715245873835e-05,0.19612153190524748,0.00045769830965059437
6869275,9.498525840720981e-05,0.17091873422756598,0.14248097835059492,0.0036874879564299115,0.4735774756356281,0.0027836624397716957,7.14321464287304e-05,0.2053412016280779,0.0010440423570954348
6871418,0.002176703898618178,0.18700879583584637,0.23327996477787788,0.06575271494858909,0.08691148974165207,0.12286966900377182,0.002738870992887798,0.2627246740635948,0.0365371167371621
6872996,0.18117763770258263,0.09865977161208911,0.14946473856292006,0.002102778308538724,0.027060319480788353,0.25335567753282756,0.03288430245541919,0.19741167826018524,0.057883096084649234
6873817,0.007643749597518323,0.11390813623393188,0.1534134371274412,0.014254239664765697,0.1700723260439098,0.2385309002820979,0.0026786214362134616,0.22626775893357542,0.0732308306805464
6874023,0.0003733081505136685,0.1050828087275121,0.16077795669460088,0.002812408757067478,0.004944544186502418,0.4875352315656205,0.002985852395217071,0.2279688477740428,0.007519041748923023
6875504,0.00045394827854850644,0.11950005892693741,0.15769196595850143,0.001828382070438327,0.002599962717308636,0.35848646819580066,0.02819179364011558,0.20016314199038363,0.1310842782219659
6875899,0.0008990776175734433,0.11325853171973145,0.14582886395694028,0.002620356882385429,0.005362589664316485,0.38095282124008467,0.08288878129896013,0.19838119281776256,0.06980778480224557
6877293,0.003864232685677172,0.09978009285878521,0.16306879256294868,0.00784321543744054,0.0024192777189109738,0.016317187687088553,0.0034558859529332255,0.2232286646030184,0.4800226504931972
6880408,0.0019940963939426718,0.15517724664627972,0.1388728903478833,0.012387121405510746,0.008530379824681895,0.35013477919955494,0.02379778684761581,0.21072741300311093,0.09837828633142001
6880690,0.0005528300045757996,0.09743283487820789,0.1764042515847669,0.004621366113517709,0.0022097856692786977,0.33496712974756937,0.009780556771475796,0.22039668666162768,0.15363455856898012
6880833,0.001080596217613832,0.09803874594938014,0.1618008311647061,0.0009038232136773357,0.0006746610277849988,0.020899643404928406,0.14257091162148502,0.20961987340569757,0.3644109139947266
6880956,0.00014291626884243452,0.10803531937920183,0.14180121722829558,0.0011495752361047602,0.002714771763873325,0.5338698673884014,0.0049764659601097974,0.2036233082428139,0.0036865585323569566
6881733,0.00042730145676109487,0.09790210510069058,0.14382504480376285,0.00018962535450089147,0.00030113074178310926,0.02054918181144206,0.5332206142739022,0.1989685716101287,0.004616424847028507
6885154,0.018010668895371285,0.10035250794698847,0.149084447959596,0.007659704340617487,0.007173561344423511,0.3895682429791263,0.024539972693466902,0.21799403935687983,0.0856168544835303
6887294,0.0011763641531507578,0.11534901749798483,0.16628219310238834,0.0007681986550621797,0.002269945773282356,0.17273484083251825,0.003776742111375044,0.21278945377720948,0.3248532440970287
6887586,0.005521856392588317,0.09242284392670813,0.16999307538296113,0.004132313611268522,0.001685339168499408,0.1589492408809364,0.006118337946068946,0.22167631838122487,0.33950067430974445
6887600,0.001415794878038606,0.09462997686468548,0.1711850271374995,0.0011243419524101872,0.00042580761699939043,0.028359376850451222,0.003024253992621668,0.21368442097161625,0.48615099973567777
6887637,0.004635550528741447,0.17637136053329275,0.16506179253124917,0.028172329955106053,0.04164529717096181,0.1599119557076612,0.011832935992629322,0.20812363530716493,0.20424514227319324
6887702,0.01617523610800361,0.09917130606552055,0.17291577044290435,0.0015953420609422257,0.0009628066701499147,0.04899661607640014,0.04452934735014849,0.2075790809472667,0.40807449427866405
6888243,0.0017816754126951189,0.13539904277082604,0.16490712728924795,0.003695237461979992,0.008673162754498705,0.09483843901381375,0.006342035318439892,0.203819255737546,0.38054402424095257
6888737,0.0011048578662885668,0.12183442908352823,0.1961879054149309,0.010541367759456733,0.007112782790915919,0.08053903871062684,0.006838794931838327,0.20814889536530634,0.36769192807710815
6889024,0.00767139890454149,0.09736026101451785,0.1560092826839172,0.0016781451651072593,0.0006509710209476132,0.024973999185002038,0.14022766561744504,0.20910973825474674,0.3623185381537748
6890285,0.002576702101706417,0.1335162613962644,0.14554889610068786,0.0030885318097464347,0.0020431756051134315,0.22142912445420176,0.2406876368475456,0.2003114250631291,0.050798246621604926
6890416,0.003467256174827995,0.11666186766114457,0.16609028004324522,0.003618595425945375,0.003586139683336124,0.14967999345701596,0.036840047888280436,0.21728861147094508,0.3027672081952592
6890579,0.0012566236576700847,0.0938802016423598,0.1732352226724659,0.0012250663682462394,0.00037069945029669554,0.02042867849200725,0.040362900722262986,0.20666803670718994,0.46257257028750126
6890917,0.003772355690263415,0.10373384905564566,0.16086003517324537,0.001808623770924367,0.0008636045093639179,0.04187804590369046,0.3256172879006321,0.20170386395996365,0.15976233403627108
6891091,0.0044515950160319406,0.09380173578679424,0.20875396991384393,0.022952098475978858,0.0071909027369283255,0.044489076509985445,0.003413220725139032,0.21950397352426063,0.39544342731103765
6891208,0.0005358121241828501,0.09644935581864832,0.172452170573453,0.00024833209477044353,0.0002542421358554985,0.02231299781556077,0.026395677791736405,0.1967561606629196,0.48459525098287315
6891245,0.0016747426279345818,0.0967468725939114,0.1629015012840166,0.0010152509337994305,0.0009746110198541925,0.07670715646046815,0.1238650668535885,0.19892324153686797,0.33719155668955925
6891309,0.00031175993217466157,0.09808228699036876,0.15329991887473376,0.000608452708733055,0.0004873624854051128,0.02596779530980452,0.03259811137232124,0.2088069745530583,0.47983733777340065
6891366,0.005477563763585724,0.09539792707727585,0.15819731276168947,0.000448848134013513,0.00044450013146322536,0.013201935701306424,0.0948295860242248,0.20350971388781286,0.42849261251862814
6891473,0.0038103942402091247,0.10414667016009431,0.17452068920861996,0.002950353860276118,0.001992006652215396,0.14322505114731907,0.012888607437580354,0.20504323627581159,0.3514229910178741
6891484,0.000350310829437006,0.091872985106048,0.1675571895479157,0.00020741046642825674,0.0001297082858114325,0.0034911991136991356,0.008034055966977031,0.2179488404520582,0.5104083002316251
6891531,0.0020309011865513333,0.10348934062397243,0.15202549176874827,0.0021578997210835427,0.0011007852968764429,0.08894175560281857,0.19846891119004695,0.2023705669583175,0.24941434765158507
6891557,0.0011423046270303628,0.09873334296714424,0.203439839853907,0.0010204246978349116,0.0004169822430336868,0.012661021960436222,0.006410239332446664,0.21043760950717336,0.4657382348109933
6891579,0.0011562876482666517,0.101661690322091,0.17308166999438265,0.0015954746800651205,0.001274218898476701,0.030980306316430103,0.09512115662238824,0.20015708222837025,0.39497211328952925
6891867,0.008364203088426512,0.0991122223529085,0.15065229248877435,0.0026595792987070925,0.0009042693152554534,0.04302518256032945,0.4134463337396496,0.2041047428407196,0.07773117431522947
6891888,0.005574009788137581,0.09260327772431917,0.1595267974547639,0.003943904353944603,0.0007696320050591514,0.016835600657875278,0.014983723253611535,0.23193762578568194,0.47382542897660684
6892297,0.004719141085339476,0.10047615276718921,0.14630371738402617,0.00053114384063312,0.0003176276709090812,0.01625502391732276,0.33210679155830164,0.1995834914631425,0.19970691031313603
6892562,0.0022288102196886014,0.09759907177460528,0.16145228708116188,0.0017996622410647763,0.0008202655455403897,0.025049386798846905,0.2994454694646651,0.21040533292652414,0.20119971394790295
6892587,0.002567515738053255,0.09924575047792424,0.1534170683742349,0.0009981916258023679,0.0005599666750639378,0.06922913802431595,0.21237970316521937,0.21360165237131698,0.24800101354806894
6894293,0.0016750856228344444,0.30644316519814646,0.16448332238615582,0.031307268087461815,0.12333484974444511,0.08921539699381871,0.0016601346783327857,0.2595175305984758,0.022363246690329026
6895609,0.0011585866758517384,0.09327002748472393,0.19667851914905418,0.0126757401577007,0.001783139748707658,0.022396787483769276,0.004766089014501915,0.23872401623781636,0.4285470940478742
6895723,0.0015850559076226386,0.09736999463332222,0.15481550006311445,0.0006003462990518806,0.0009353795239726765,0.46637289416640915,0.04495095551149059,0.21116150644637394,0.02220836744864245
6895905,0.0006447275925377355,0.09577799795913138,0.1615317183660015,0.0005990978513687452,0.0011344834898957914,0.36292617723715925,0.11207364424224456,0.2106068259952324,0.05470532726642875
6895906,0.001226132301533924,0.10109987259204407,0.16560789304606527,0.0005758273753844422,0.0009736576891074332,0.3974446829454675,0.051601773027032546,0.21126650875306285,0.07020365227030208
6895927,0.002678813419149684,0.11521809487539612,0.15572869748813595,0.0016522344722423297,0.002348656012850536,0.36725176331349896,0.0823858122284332,0.21333047204707417,0.059405456143219064
6895938,0.0005840878842798197,0.09835262789228172,0.16139014029876383,0.0005151115082656732,0.0015856286518065347,0.35624272020746867,0.1174527535211827,0.20846045034789257,0.05541647968805845
6895939,0.0009622561474603061,0.10165011783679581,0.15817324763129567,0.0006836698710873246,0.0019206676588536837,0.4517199385878162,0.02637666541503917,0.20748029512458432,0.05103314172706749
6895948,0.0007825357945339991,0.10094880240646878,0.1539079447706491,0.0005967656420722571,0.0019409370590460061,0.3817183228204564,0.06536308477944046,0.21042441000216397,0.08431719672516902
6895973,0.001320115123693102,0.09528881856896282,0.1659975531993997,0.0008340722962190384,0.0009335405482404222,0.3855037959061285,0.05693459348266243,0.21483619855893232,0.07835131231576177
6895974,0.0008131999770925293,0.09707150945473947,0.15979557892371585,0.0006320958668763158,0.0010690322111205621,0.35509885463132274,0.1018485143551611,0.20663085529981706,0.07704035928015442
6896754,0.0014950019011069926,0.0986033980852236,0.15220572495231857,0.0007716637720004116,0.0007319760305326606,0.13799070600408872,0.06200305323403511,0.20758347931401983,0.33861499670667405
6897915,0.002192560338542635,0.11997876271003043,0.20451684051384145,0.023284308504717428,0.025143423274788086,0.19689988548901666,0.016563471737559263,0.2762353717958698,0.13518537563563415
6897964,0.0159865676286648,0.12785815889728722,0.2091704969150333,0.017278992549234692,0.14270063963741417,0.0797333635516466,0.007685154305022617,0.22175577280703995,0.17783085370865676
6899282,0.0011248874936861484,0.10440437757299538,0.1443531421528953,0.0003141827481703669,0.0002546467688132422,0.03471913457364417,0.3017364956010402,0.21118757179992256,0.20190556128883264
6899294,0.005089814478962103,0.10187100254117175,0.1515929945198133,0.0023903998470744025,0.0007689716909363604,0.023438553762077766,0.1890147550588157,0.20861430260353692,0.3172192054976118
6899376,0.0015736091412892885,0.10400186064832039,0.1577390700449191,0.0011805896599135046,0.001125823231023594,0.024391825123265445,0.11292140259917682,0.20991596965492482,0.387149849897167
6899506,0.002070276403583716,0.11043961292821942,0.14765385281324003,0.0005188309032952351,0.0006837102846000591,0.28421748846964,0.14470463145826945,0.20689911935182398,0.10281247738732815
6899530,0.0031211600689529675,0.09099963405091925,0.14948943063344663,0.004446850018686348,0.00034905751499789676,0.03760246292910842,0.0018827346084009868,0.2440128672712833,0.46809580290420433
6899560,0.007389752880855105,0.09813554392547305,0.14177722210399907,0.00454350096790074,0.0009550816574547525,0.14398179072244005,0.021814097116435446,0.23677309188372853,0.3446299187417133
6899670,0.001978757168114646,0.09647121608345292,0.13849441202184717,0.00024229882592960886,0.0003855152948351525,0.07417603213005741,0.006693486966112561,0.22826125571217853,0.453297025797472
6899695,0.0005057277361170629,0.09455322743857368,0.15501044489594812,0.0002088827321364227,0.0003244231579195208,0.019894924677768554,0.0014366575609584588,0.22255622425980065,0.5055094875407774
6899730,0.0016777860176834017,0.09709709181970037,0.15725580586038013,0.0012709676721244486,0.0009158170645757325,0.09967036766184147,0.028272500793100203,0.22044558460090208,0.39339407850969216
6899754,0.0051225787706739604,0.09609044872009734,0.1654697863662345,0.005992248909990233,0.0011806121026124558,0.03924835157262834,0.0012203702885616322,0.23075094075940525,0.45492466250979613
6901206,0.001036401824787514,0.11134155604518126,0.15947172102294754,0.002522345641775046,0.0028789406270482197,0.18013766627193228,0.10946622688604896,0.21528947609707683,0.21785566558320235
6902131,0.00034244485316133023,0.1004869060101931,0.13813397503828717,0.0009261159679287603,0.0018434147029052896,0.43954967287648194,0.09255841564581038,0.22004462913851205,0.006114425766719939
6902271,0.002719973827347945,0.12454398756618977,0.16831771091712572,0.006759855712868282,0.01984049206775771,0.17794414811119597,0.0032050363331276293,0.2298266416183105,0.2668421538460765
6904326,0.009459981564933499,0.08995704796683104,0.1497255798034505,0.00045288104674862133,0.00014275220170083307,0.008318544723515613,0.007539086801011678,0.22626538257672307,0.5081387433150851
6908023,0.0007177737376911897,0.11168712872175808,0.14863945858158611,0.05364636809887617,0.012795479669862955,0.40124246429124566,0.00279498247754864,0.2603252245173597,0.00815111990407151
6908625,0.0009029898086419119,0.10400048977651062,0.14978912188704832,0.0011230327271785265,0.0009647290156458224,0.14523524662486242,0.2972529301765848,0.20495158128056332,0.09577987870296426
6909657,0.0009674594542932916,0.09718892616430921,0.14718852305256097,0.0004000311267727705,0.00017559276760845526,0.012034152674478547,0.1193181296719273,0.21463624735161438,0.4080909377364352
6909786,0.003705215253360588,0.09296384721410585,0.15074346500054114,0.0011752456991430496,0.00025970242998264026,0.028796567590320406,0.02014795567182184,0.24054132314321186,0.4616666779975126
6909952,0.0021632655144857836,0.09486659893282837,0.14500570663174123,0.0009379143884701452,0.0005358064093359696,0.013046611892588487,0.12525659029023412,0.2180419379036423,0.40014556803667367
6910003,0.0017573327714092957,0.096050985316301,0.1512545101008162,0.00039779734362812495,0.00016342793401935446,0.006620369275533385,0.037904655439534515,0.21699044207951695,0.4888604797392411
6910407,5.5989029747220206e-05,0.11779064591815501,0.13224876319519233,0.00019798509196282033,0.0003526915354864143,0.5049957456992409,0.0008037685733314207,0.24249553911839655,0.0010588718384874462
6910422,0.005887853207045147,0.09598204706505335,0.15240537377451474,0.0013486282305691217,0.0004156693621253389,0.03597018405734788,0.2657063413072385,0.22118612018470257,0.22109778281140333
6910425,0.004701440361392206,0.09641055834117687,0.13909142194631482,0.0003178749657183138,0.00011505495511134132,0.005559586070192087,0.024927671481193743,0.22043064195127682,0.5084457499276238
6910560,0.0028629422089242887,0.08915810238627064,0.16039056877543179,0.02341429505190256,0.0011066055874861054,0.0299808063407173,0.004995560591650841,0.2753992458520027,0.41269187320561385
6910590,0.002748134210374905,0.09726883532011647,0.1408323619879134,0.00045257907772455167,0.00012066021226338481,0.005510791769689176,0.045773487285493596,0.21833856047746505,0.48895458965895944
6912744,0.00013526504525785565,0.09564866012100154,0.13314120876426616,0.0003766765873467572,0.0011125746863283029,0.5174366637262293,0.002288150717920113,0.24750292744107036,0.002357872910579518
6919118,0.0018123133327680226,0.10905055459789045,0.15319520704728448,0.003205416013895598,0.002593726627446667,0.2964850781033756,0.12399025174411157,0.20484248801599503,0.1048249645172326
6920152,0.0013976641089556375,0.10152522806378737,0.16537924306673069,0.0030409734672630206,0.002171902441006244,0.2692205704611645,0.13452099991653485,0.2128816877684666,0.10986173070609112
6925791,0.0006290766371650615,0.11450335909611709,0.15268736047696527,0.0012405841568181946,0.0009471141458852238,0.4503121283478581,0.03622286615804761,0.2165642233370225,0.026893287644121015
6926246,0.0024110910826808498,0.09922904921162047,0.15107515279446895,0.00032664053280016884,0.0003520300236391107,0.47883712533163664,0.04527994263471242,0.20009767666835193,0.022391291720089516
6928841,0.00660124156077203,0.12233250681209822,0.19795111946610677,0.17092414584420307,0.010134360253832594,0.10650886370649254,0.004051880557189474,0.33114884813706236,0.05034703366224292
6928933,0.0005635889534008826,0.12906075349649007,0.1555492768088873,0.0007113776350373331,0.0017310309239023571,0.491537728400127,0.01600157013939236,0.19847844582133772,0.006366227821424951
6937241,0.004251858266134499,0.09860152571625694,0.16056642009822264,0.0015460643343178323,0.00022522341281891591,0.014542707268949092,0.004942259422507191,0.23743978222189516,0.4778841592588977
6938426,7.369865653462771e-05,0.11124206300920136,0.1357926826242393,0.00015770467400693356,0.00020664681656279606,0.537693529479418,0.01160599196711319,0.20188968594341783,0.0013379968295058981
6938530,0.00011735724111246079,0.11838986539935024,0.1347867068386659,0.0001792053701343798,0.00016777918146392316,0.5271840292775366,0.0140684000987779,0.203521186784261,0.0015854698086976557
6938682,0.0003484781570017922,0.1009319276543141,0.14402344590322422,0.00038083352151711456,0.00023342853792287474,0.03211573131237227,0.48287311057030663,0.20323467285917127,0.035858371484169704
6939166,4.100190347010962e-05,0.11225586470453558,0.13519456095272148,0.00010018049835645919,9.598223958515781e-05,0.5398086293213233,0.009867225647090479,0.20154496594230667,0.0010915887906106899
6939222,0.0004823317183913877,0.10441159123056733,0.1436512632584756,0.0002804556315441862,0.00020239430575095507,0.0351227547883219,0.5046547399305676,0.20155805688355832,0.009636412252822687
6944591,0.012180321052719132,0.10838835195649107,0.1575525448232933,0.0010350121414173458,0.0009395937811833574,0.22271004445797118,0.23092697574630988,0.2105763357824025,0.055690820258212065
6947293,0.0002468038929001908,0.10721033449967313,0.1552030734676106,0.000472099629562915,0.0007556268900392967,0.4945173704389665,0.00543371163413966,0.21926922192229922,0.016891757624808438
6952804,0.0023537389946451763,0.112783375902733,0.2065432660777453,0.0025608120353674464,0.005568956569841773,0.29133285312338286,0.02277508905123203,0.22481285741848606,0.1312690508265663
6975207,0.00014370891138438345,0.10154894954989005,0.153639337621847,0.0002739960124910055,0.00028028818567591714,0.5043917609872526,0.001773716780314446,0.23466708306770995,0.0032811588834347947
6975472,0.0001030733626579554,0.10426163978617116,0.14952416532580953,0.00019033116823659695,0.0002462330897637928,0.5011569386893283,0.002263153290304508,0.23849184202011256,0.0037626232676157135
6975490,6.386996290359554e-05,0.09817662576190432,0.1448836670682759,5.4319069617636715e-05,0.00011745265659693134,0.5085031982793456,0.0005715895374489023,0.24453499307042423,0.0030942845934826754
6976427,4.441487041081855e-05,0.09151399301674144,0.13135344846810748,4.1063816603343596e-05,6.440125407136088e-05,0.5220642030137748,0.0013489186178436451,0.24998554500331716,0.0035840119391299806
10551287,0.000852591686598819,0.10722550758356555,0.14496179379550972,0.004515596348631247,0.0034852333279665193,0.49240488838305807,0.018651993449593767,0.21013944069722487,0.01776295472785136
10554874,0.2879099722661535,0.10638024532221847,0.1516585296824431,0.004660276717865431,0.010655244228748228,0.10524418002623552,0.0773623536206375,0.20436370897008374,0.05176548916561464
10555071,0.0015878040299087469,0.10845619396460292,0.14907265604151074,0.0015332372482291978,0.0009080743818384088,0.2907746804046091,0.02489355250740813,0.21386068490155036,0.20891311652034236
10555459,0.0023021325161295524,0.15120816110227706,0.16617846864997057,0.013024676488989261,0.011767205165072847,0.24797437747732962,0.014035745114801042,0.27000939215977704,0.123499841325653
10555968,0.03273778775951265,0.10726990713210102,0.1523233889024771,0.159033784318185,0.03050601710992212,0.10406810256456814,0.0025965756895330143,0.24701265115399743,0.1644517853697036
10556692,0.006818023564935891,0.09332605217427012,0.16069842266992312,0.009698117982064446,0.0011326272143339462,0.12597693382342692,0.013256025366245523,0.22300591956036608,0.36608787764443396
10557065,0.00015498256226518327,0.12282204978199245,0.13642107070305706,0.0006423071336411454,0.0009632891202505698,0.5194572731592748,0.0026660218666368952,0.21089550289931275,0.005977502773569145
10557235,0.0012365726159365349,0.11699908281810732,0.14814700104638703,0.034551549446262805,0.006391573337310633,0.41767198705592773,0.0034482418836391565,0.24944834378849684,0.022105648007932088
10557310,0.0012290427812191116,0.11016456454620686,0.15553188926888134,0.0065393982681769295,0.02031965955210467,0.15917971246836862,0.0015154712542177532,0.21845448974818765,0.32706577211263693
10557603,0.0008266205250184046,0.11189566734970116,0.14749765960936442,0.0026400954284371467,0.0016192865552596355,0.3864205746499207,0.014200931556194707,0.2144648201434089,0.12043434418269512
10557649,0.000534918867728957,0.10920830414839479,0.16578585789161424,0.0029494339203243866,0.0030261606326438062,0.4530167026662936,0.00507575189489905,0.22886655589459204,0.03153631408350919
10559369,0.000890590420979097,0.10514842647174069,0.1443534933599671,0.0005698693842760376,0.0007039583623391584,0.4937531504057975,0.005103927369612763,0.20786140038144812,0.04161518384383951
10559516,0.0013775809480512454,0.11693940684393075,0.1409754770900772,0.0030960091951227446,0.004800927826631234,0.45295769284440535,0.01772234993900884,0.21020735866682755,0.05192319664594504
10559765,0.0006558094686187101,0.1468079902059126,0.13186387331798718,0.0022878621582974336,0.0015987181803682016,0.42573762217194056,0.013193122185928361,0.21562758404084098,0.06222741827010594
10559904,0.0020828568379865106,0.11410885630592163,0.14697657366642308,0.003029409810961821,0.0019853607596097213,0.4043849538531161,0.024972605866662223,0.2083430373568424,0.0941163455424765
10561136,0.0017783901202877155,0.1051703358339205,0.15222158340048036,0.0016913433108662085,0.0015331279794170863,0.43068363584774455,0.00314559900559076,0.21311686407036845,0.09065912043132444
10561583,0.007841980723423733,0.11017115508781986,0.13876559403302235,0.001456155177716614,0.0011684837102296129,0.3919504690561777,0.06361673200963747,0.2236015815190827,0.061427848682890016
10561870,0.0004485385927785533,0.13560126657501087,0.1347343036231191,0.0007047720064142787,0.0010431171517457124,0.4073672802335002,0.09620615296034413,0.20717664268933728,0.016717926167749808
10562711,0.003088131166904024,0.11451580183706526,0.1664264205962465,0.044002323442754426,0.028883566574747964,0.23815631872246001,0.008888152693185863,0.23199830088985884,0.16404098407677709
10566953,0.0007696368092820931,0.10577750976324277,0.13926049829715706,0.0021492411173520166,0.0025172537233319357,0.3879494301302292,0.1370707082964894,0.21461082741721996,0.009894894445695575
10567563,0.010885295817531627,0.11598411156451938,0.15930059827950319,0.003715381889534774,0.019515155159225726,0.36257005296924366,0.02066733351628378,0.21180720656037336,0.09555486424378451
10568512,0.0039296058666054914,0.10186912877569748,0.1460590981219214,0.0019114428316341437,0.0010902085407855807,0.20898134230880183,0.2747963545531783,0.2094668323330856,0.051895986668290164
10569249,0.0005138775310397825,0.10350001992533571,0.14034975597277588,0.0006741686854488443,0.000509593177009215,0.4201328578553555,0.09040460960446958,0.21222271199223297,0.031692405256332566
10569900,0.0013287769934122217,0.23996137639118703,0.1653192593463507,0.0373654121633269,0.25085517529925805,0.04439272882998732,0.005795507791224116,0.2269272670209368,0.028054496164316774
10569996,0.0008664649779683783,0.10303988771662138,0.14807929822201116,0.0018030426821842986,0.0006157856629306909,0.35404335598791914,0.16782101838454438,0.20542911678264097,0.018302029583179634
10570047,0.000437585906816306,0.1264588502221189,0.1383494058288378,0.0013977095742032314,0.000868760675618595,0.43962765842056895,0.0698711794623699,0.21211048316255504,0.010878366746911266
10570186,0.0024419433439056503,0.09853999141979468,0.14383815719734272,0.0048660508980907695,0.004326258695647471,0.38999209155271447,0.04670859563747596,0.21650688136447185,0.09278002989055649
10570190,0.0004491681350178802,0.12880674018711466,0.13780614421609363,0.0016609839242945036,0.0013175332066000737,0.3532504728073589,0.15559279516939567,0.20893048622140403,0.012185676132720789
10570281,0.0007480270062587233,0.10701963363181395,0.1405214294269258,0.001466336264715191,0.0010491372368967244,0.3812285843842377,0.1204719678853816,0.2117094558504266,0.035785428313343644
10570444,0.15916029125158285,0.09946205464319625,0.15474053971338425,0.012953157870051642,0.006673597748744739,0.20528978981160062,0.017091757227171003,0.21921499387197846,0.12541381786229014
10570516,0.0019494721193497847,0.10337629062615249,0.1479589816290516,0.0019150214159848566,0.0020826949428549672,0.421557781741416,0.015798052756557324,0.21261479760183954,0.09274690716679342
10570563,0.0057574749241595885,0.09751362524130794,0.14167062460955135,0.0017948986405137703,0.0006350734165319424,0.277522033669207,0.1598212258255673,0.2249648598431162,0.09032018383004473
10570908,0.0034899475258172255,0.10122482272302871,0.13531038685745697,0.0028706845079340044,0.001776683586983066,0.239798811752206,0.25928212643169546,0.23051770187137027,0.025728834743508407
10570962,0.002254843925410726,0.12538858793467234,0.15369341198585612,0.004172609663808526,0.0022705321264164277,0.2600975291420621,0.017389933757194175,0.27394064083380804,0.16079191063077153
10571126,0.015856106589852464,0.09905069804174949,0.1516429838257677,0.0019149894011598093,0.0008715473710351035,0.22287874347028233,0.06907785098707274,0.20724849386734417,0.23145858644573608
10571129,0.05229304603842524,0.09965743985614366,0.14164417527258752,0.01272382831587349,0.002222224804991041,0.38686091995980953,0.004753652295892015,0.24257061915352418,0.057274094302753376
10571130,0.008736599663866706,0.09644160062566336,0.1505817067962271,0.020542410564061916,0.0032443787491836127,0.23453049234699389,0.0036305237335344173,0.23962107240251318,0.2426712151179557
10571150,0.003748017134531546,0.10513973994774405,0.14195172889737212,0.0019994462438373316,0.001293468567204013,0.4306733826160099,0.009770067914594095,0.22019539218302783,0.08522875649567924
10571157,0.018536354555240636,0.09902933120117233,0.15308194733960212,0.002567577796715227,0.0008054772125314313,0.13272582031753322,0.32212054069018003,0.20436534007068147,0.06676761081634358
10571249,0.0013421984430031183,0.0942647221031736,0.1386069531025705,0.0006973068546956285,0.0005275618795627252,0.39031783125386055,0.10432717935770812,0.227464761011185,0.04245148599424057
10571563,0.000975465384492982,0.16595974942639463,0.15950301744008494,0.0027846345899010753,0.006483334761901854,0.352080775186699,0.007808522192838583,0.20797465101308182,0.09642985000460519
10571600,0.0013075939157677328,0.0982428262245433,0.14506721362364772,0.0015680871201403383,0.0013557205059454536,0.4689253350552141,0.01437841146493785,0.219082390132546,0.050072421957257536
10573894,0.0033413965002665816,0.11573306891063452,0.1359564268001399,0.006819798842529666,0.0015121492726337957,0.4300647230499106,0.01171371848104431,0.2452865720155376,0.04957214612730296
10574347,0.00889456189123757,0.09719157040766795,0.14965183607709262,0.004101982559384865,0.0015817582224920796,0.4167640696881307,0.04755670924459313,0.21840598108181933,0.05585153082758177
10574370,0.014217965973584542,0.09343718681927443,0.1490468796620893,0.004271335809961526,0.0015766382699291624,0.3155491994191782,0.04354207604080673,0.22907523529050877,0.1492834827146674
10574372,0.0032819537047854997,0.09745448140296396,0.1435979028319674,0.0008214595190042024,0.0005217502606201503,0.2976572661456408,0.16868558641210493,0.22109883949375836,0.06688076022915479
10574408,0.004145416478926873,0.09994378965195667,0.14857198573497818,0.023446656497390455,0.004931266236674445,0.38975479804254065,0.002296861455866704,0.2300672324771037,0.09684199342456232
10574430,0.0005145526286881939,0.09609713246285013,0.14642374321773333,0.0011749019940580545,0.0004305059893471308,0.4546478044472082,0.008469551958647105,0.22381285257758715,0.06842895472388079
10574439,0.0055194799069643915,0.09965878904622064,0.13999262930777123,0.002837992407646931,0.0009841883595592391,0.44412734315956204,0.017879481288731642,0.2257774666594472,0.0632226298640967
10574456,0.0026267967133600635,0.09633305069349705,0.14894349160193426,0.0016379521310006663,0.0009342574357168822,0.31190049989078833,0.005760574062526561,0.21950197154267898,0.2123614059284972
10576038,0.08699394345739239,0.09988503350644495,0.14649656073095638,0.0037741664561644866,0.005766266247784567,0.37589750356874807,0.011096713607709077,0.2230559263393575,0.047033886085442594
10576770,0.0036718535099445,0.10885489474267344,0.14669487777544826,0.012178938867036034,0.00110916317580166,0.3949485067421773,0.016765410908372146,0.222124005814766,0.0936523484637807
10577118,0.0012386295494704587,0.11731796169060107,0.1295191213377191,0.0014525660277699298,0.0010962812473146247,0.483957577596964,0.01573564955510931,0.22728156522013698,0.022400647774914587
10577354,0.0021093298908047026,0.0947213066334801,0.14592899396236986,0.0006159255552808367,0.0005702464456263834,0.3826236342744623,0.10600362082748091,0.21290401426065392,0.05452292814984111
10577622,0.0004358482664593852,0.1148118009060739,0.1312178397419641,0.0014399891354439397,0.0007465908468199876,0.42127831249764164,0.07021699696675816,0.224043723384648,0.03580889825419103
10577723,0.0017577823514265344,0.10429404717576957,0.1442836546788456,0.001331499363141242,0.0007024147510307948,0.45167253230407267,0.06291085525773675,0.20750295201208624,0.02554426210589074
10578130,0.09222900059546207,0.10393414613700289,0.14876634643368214,0.015069931295141805,0.010170956578355532,0.2757469482858217,0.020720373409838233,0.21785882934144593,0.11550346792324967
10578295,0.0017503008397155898,0.11769825789020298,0.14324972483843054,0.006645464447393353,0.0023816892909075864,0.3232086358456215,0.1447339322976508,0.2048662628145056,0.05546573173557216
10579132,0.0003692754992874638,0.12175808072725179,0.13898419424208708,0.0008229056656434029,0.00048451575187621074,0.3113610211168601,0.21585052534354315,0.20062974248787346,0.009739739165577205
10579372,0.0006657777120482847,0.10600443620895011,0.15204597137112014,0.00121144375090685,0.0017923436681046376,0.38898448617313097,0.12157379063331908,0.20630199348873202,0.021419756993687922
10579452,0.0008997477136082157,0.10775496378618568,0.16514679552979006,0.009693305219728634,0.012978731415397356,0.4604153640850537,0.013749446901922813,0.2151255532343298,0.01423609211398377
10579754,0.0007919601605305738,0.09952362261855092,0.17056014512797596,0.00567052415991803,0.024534677789610493,0.41231723559187716,0.01238940944748688,0.2489607908320695,0.025251634271980496
10580098,0.0019754869354505324,0.10948103089062074,0.1382032192382688,0.0015284946929205346,0.0013904838778736727,0.31902874881884463,0.1920528487053944,0.2281842568292179,0.008155430011408754
10580150,0.0005821279808692706,0.11144422140302458,0.15400834958897622,0.0026643998092112484,0.0018897832507379277,0.4083223489598634,0.08428464113118228,0.20723642217100907,0.02956770570512593
10580642,0.0014007611294147172,0.098738651629603,0.13919389720968195,0.001716814982961193,0.0008840413850130324,0.46317741081327757,0.005987802050998277,0.22445561003419162,0.06444501076485867
10580740,0.005272700593040065,0.09842331398045809,0.1528577557301405,0.0013579361705098676,0.0006299792049921871,0.22390863974346534,0.20735767247331638,0.20984847018140884,0.10034353192266879
10580745,0.0013070991639328791,0.1078797233351757,0.14951314219251324,0.0013436331900980665,0.0005241713862497594,0.24830056670703005,0.1886943031529794,0.20948857499011003,0.09294878588191083
10580771,0.02868178981436886,0.09542746336066821,0.1385430328632043,0.008606735479543787,0.0012229770267320871,0.35857513490592163,0.023792880610381796,0.25311620686523917,0.09203377907394018
10580995,0.0021204514791786496,0.0988489847667078,0.15629962070523112,0.0034342243096272098,0.0011873960601524506,0.33382527697600284,0.06628470905628633,0.20956457435004802,0.1284347622967656
10581310,0.0006769439370558747,0.141737185034438,0.144823345418421,0.0012534591761430226,0.0006619862684727242,0.32103573133756225,0.1527299252628516,0.19836922682019553,0.038712196744859984
10581368,0.01086458997180249,0.12922533318685558,0.15721247303609584,0.0773032630841451,0.007269336881275301,0.28041441760716923,0.004152686708125499,0.22356032809259818,0.10999757143193281
10582173,0.004705364356994898,0.10731208370208505,0.14488643272231969,0.00500985660501711,0.0018436323631641706,0.4532824177993825,0.009033127355567598,0.20974411664194226,0.06418296845352674
10582418,0.22708668553539985,0.10775376368910954,0.14582476624743318,0.004155177207701118,0.016195243572914172,0.24535937509218855,0.00935909868103333,0.20038524065322977,0.04388064932099051
10583009,0.00051256177257507,0.13124781723152174,0.1369043159860716,0.0009078996554182062,0.0013184040309835395,0.28071630390907976,0.23828977913445293,0.20477637237031193,0.005326545909585263
10583434,0.0021277372413145454,0.14635358683806268,0.1466666927069965,0.06029997659317088,0.00187274738549658,0.3360358127384895,0.015931413533774946,0.21457750353850352,0.07613452942419086
10583521,0.00027228348385278787,0.10148825901256105,0.1439086759089432,0.0006113870913507197,0.0004340513055563198,0.11370464549413015,0.42249074450389146,0.20217202046187768,0.014917932737836708
10584210,0.000521032067340168,0.09393945779917943,0.15167850719673984,0.0009593710270362161,0.00048187927801793766,0.34190588925940424,0.16489733885454333,0.20377750100528114,0.04183902351245773
10584222,0.0008382269688881832,0.10077668247756197,0.1477979049113158,0.0005533703206145861,0.0003046715743733845,0.38687881377690536,0.1487851893262273,0.20054447157418723,0.013520669069926182
10584314,0.004343647041034275,0.10053035646078268,0.15453097550716105,0.0013583344354610098,0.0005510464957667134,0.10265996144035613,0.07870186183448019,0.2131063955625147,0.34421742122244325
10584430,0.0029792283202176193,0.11964549686174161,0.1467667024885278,0.001562412488872688,0.0007170579037074855,0.19214329855438583,0.27398600416216645,0.19588872751997238,0.06631107170040815
10584519,0.0015393036904462155,0.12090335478371185,0.13851560521110634,0.0038332621354767284,0.0016016403138385303,0.34647602461750415,0.13850998821648125,0.2090348593216203,0.03958596170981457
10584820,0.0007698048407513947,0.1852800060632493,0.13217668852809017,0.0013382622570267885,0.010425146607363692,0.4337583164997534,0.010361309112163587,0.1995332967496447,0.02635716934195704
10585136,0.0008086002506926884,0.15303471977847577,0.13616332620905006,0.015031358937690096,0.0015825754789004704,0.45602106485045224,0.006197353242917293,0.21855009539614678,0.01261090585567455
10586849,0.0010851451350620826,0.12487469160638402,0.14153453782182607,0.006171477816362016,0.0029404272584034555,0.41448369596177875,0.08226259442507636,0.20795729505693406,0.01869013491817316
10587734,0.013563754447430685,0.10208707628768612,0.14372176251471,0.0026105590610037877,0.0030443823830428323,0.33022988521222635,0.16322282020384982,0.21261547941726158,0.02890428047278894
10587840,0.001495107818819051,0.1202501369229615,0.153100094154689,0.0025282731221839827,0.0007809831522297636,0.42387472974487717,0.07576279942707566,0.20319039562430585,0.01901748003285806
10588529,0.0028190687103123928,0.10091525033582975,0.1405241162855242,0.00018823703590847,9.515256197940026e-05,0.008279066570712841,0.5269782153163337,0.20197624660082902,0.018224646582570295
10588664,0.0030816875219526335,0.0927605373023655,0.15321139479498708,0.00036956334183660703,0.00026642435709843895,0.031224979478746126,0.39207926110922664,0.2063286172975634,0.12067753479622353
10588792,0.008376629447068466,0.1019531074608419,0.1397477130738855,0.0004309665438993108,0.0003439168761018435,0.019971989778172064,0.38091366036843144,0.21486771206203653,0.1333943043895629
10589349,0.0019150456650422116,0.09965387003227996,0.14863674586245929,0.001663980529043861,0.001470865244675238,0.12600936669654078,0.13232098778120885,0.21071967801154057,0.2776094601772092
10589410,0.19646607854598555,0.09810820552089425,0.15163068997295945,0.005968890526598109,0.0013873376291707957,0.180657683586276,0.03131854910220301,0.2283134229360323,0.10614914217988068
10589411,0.00946041715449251,0.10137052190491909,0.14019443845492457,0.001255227718273443,0.0014027657229182327,0.2367789559273914,0.031956049111431156,0.21823254224822372,0.2593490817574258
10589472,0.027481253170317747,0.10114857516058974,0.14853732888310817,0.0022786086332265225,0.0026300716542799188,0.11123133152642486,0.07528739844369058,0.2124775674076814,0.3189278651206809
10589485,0.049749687307529517,0.09776390203538257,0.14585122533203138,0.003485041897826789,0.002730382642019693,0.11995604942335886,0.017197620468964142,0.2202894007925774,0.34297669010030957
10589763,0.0007834955421237249,0.13636294935491364,0.13735446339537988,0.022120494461996203,0.0029487031665422097,0.44941256405169816,0.014459978843251755,0.22408271381641992,0.012474637367674499
10590733,0.0023891841996033273,0.14321441560963402,0.13720150998579347,0.07382603965253497,0.0027786393384610837,0.38656828277550687,0.002858399680219233,0.24398585785477514,0.0071776709034719775
10592587,0.21990647993725576,0.10639607994113634,0.14517600400783115,0.005015856832003644,0.010972107268450704,0.234089075152297,0.006562724192484513,0.21055692481108032,0.061324747857460574
10592944,0.0012590952854105969,0.14030038251775062,0.1625778623602627,0.021294826950216922,0.019004730992564188,0.40619140883749727,0.018868947910216295,0.20671513241516765,0.023787612730913774
10595034,0.0031521024574089167,0.13876396097101729,0.14598291962755774,0.003682343773929399,0.013398408002871728,0.436781590134826,0.006780819122889058,0.20624147558282607,0.04521638032667393
10596119,0.0002629710007344952,0.1198195131763786,0.14220551343617707,0.0002468119515286571,0.00045623956671810695,0.4940862493586979,0.020048246186387297,0.20433916483348127,0.018535290489896647
10599481,0.0003037624633205247,0.12050989837913233,0.13233751169240876,0.0004598775890986534,0.000529300478983552,0.35659381448696653,0.1799484512050533,0.20361142889882083,0.005705954806215668
10599552,0.14656371039876243,0.09532123556692512,0.15818787063014103,0.0030959617151415098,0.0014870520879881164,0.1936745555934285,0.03076279599972437,0.20949593712409353,0.16141088088379538
10599609,0.03093558187610784,0.10541326896850284,0.1589648066389817,0.001428592302683743,0.001308421102980764,0.09066811948554883,0.21917301304730072,0.20350747685009388,0.18860071972779976
