track_id,Clutter,Cormorants,Pigeons,Ducks,Geese,Gulls,Birds of Prey,Waders,Songbirds
6868504,0.012569634124673351,0.13298576031932238,0.17943391980945353,0.05749180743786124,0.35751261963542497,0.03584281396367657,0.0010436708933432906,0.20835718871773168,0.014762585098513095
6868536,0.01385677965044485,0.14976552162414936,0.1961388588262306,0.04920007915351164,0.23828516528135682,0.08119243188299916,0.0017254019141472094,0.22431327531700274,0.045522486350157515
6868565,0.006242997749979037,0.137182826522391,0.1825777052417134,0.0302907215574168,0.3945267536464922,0.02728118752052038,0.0007360020520591206,0.2081869162559376,0.012974889453490537
6868861,0.00016607384174147476,0.17432102979288355,0.1496447772261739,0.0025990221043106017,0.4678475059982702,0.001459525706013875,5.242904225178772e-05,0.20344972687302387,0.00045990941533083
6869275,9.462247592537755e-05,0.16015594698870853,0.14080377093378654,0.0038007985790844863,0.4788780704702301,0.0028087773904340494,7.133479888098047e-05,0.21234914424174223,0.0010375341212077026
6871418,0.002188307906732596,0.1773430793803217,0.23460037025506675,0.06644128566096215,0.08853689964184694,0.12333165409409205,0.002774038077975531,0.2683684138708722,0.03641595111213012
6872996,0.18246821125589063,0.091249351213954,0.14668844294086036,0.0020949813331246083,0.026663517376657495,0.2561200647769485,0.0331447282895457,0.2037899981276332,0.057780704685385494
6873817,0.007705947309629901,0.10667774041372534,0.1501950601914226,0.014323832768364565,0.17009863940130254,0.24184081483459025,0.002715290092733018,0.23320775616358252,0.0732349188246492
6874023,0.00037279408767358017,0.09785404343863263,0.15791161502976123,0.002807621657621466,0.004911462833554255,0.49229632077692465,0.002954624961787715,0.23333502355517077,0.007556493658873658
6875504,0.00045726962182043884,0.1113417097548661,0.15428012579819267,0.001810311552837277,0.002591512255875235,0.36411034482187987,0.02844152639855349,0.20641621125486082,0.1305509885411142
6875899,0.0009147543469296532,0.10503977859225459,0.14321262111691013,0.00268258342540313,0.005480068244049807,0.3841894644247625,0.08453921233843278,0.20497455349709867,0.06896696401415875
6877293,0.0038670749674325094,0.09248894142890682,0.16037749157707873,0.00784386194968326,0.002446532603474916,0.016449712869611454,0.00345372962446867,0.22905612052819527,0.4840165344511484
6880408,0.002006567374068746,0.1448279643621801,0.13702807721666926,0.012226142388643033,0.008514579508465743,0.355131538488757,0.023868568385155227,0.2170155359096888,0.0993810263663722
6880690,0.0005517774795851471,0.09055061091846364,0.1738603634891012,0.004622167597359492,0.0022088730952756373,0.33684129897228293,0.009888536326255755,0.22574244391484927,0.1557339282068269
6880833,0.0010688173811669796,0.09055852266783164,0.15867787925210908,0.0008947256861561236,0.0006745165261019905,0.020906684074265925,0.14188513503203354,0.2153517143001567,0.36998200508017803
6880956,0.00014606088423281747,0.1001779373925486,0.13947116047709257,0.0011629073677353243,0.0027596024112851256,0.5381860867937599,0.005022688270735832,0.2093863524397355,0.0036872039628743384
6881733,0.00042989540477045323,0.0903920259307859,0.141304266814081,0.00018940074488561467,0.00030050492449759273,0.020523619938111005,0.5371650308108418,0.20511261454455862,0.0045826408874681335
6885154,0.018098640459375183,0.09307265169371182,0.14675599361523878,0.007554325652347864,0.00709651019138656,0.3922413561104093,0.02461777844080565,0.2236803681047896,0.08688237573193532
6887294,0.001169362067351144,0.10676823249016579,0.1627923496350581,0.0007590918520728021,0.0022844851097158737,0.1749956618778583,0.003821897033239226,0.2191266112012261,0.32828230873331277
6887586,0.005482511494295514,0.08541634129477152,0.16690103816289054,0.004156669320372429,0.001710010383533052,0.16207015412947168,0.006191512535039885,0.22747654855109062,0.3405952141285348
6887600,0.0014007398477523907,0.08743274127922267,0.16934871417494382,0.0011120405447466184,0.0004244669400632152,0.028485398170879164,0.0030185812163120475,0.21902930084812888,0.48974801697795134
6887637,0.004744467711832637,0.16578385091464465,0.1627329891162967,0.028089861071150864,0.041622211953585696,0.16156686716875646,0.011876830023196325,0.21470313819001036,0.20887978385052625
6887702,0.016103069973926132,0.09162493682120218,0.16988062428516199,0.00158252805769783,0.0009585062346289101,0.048896980514726116,0.04519442467119777,0.21357568958984138,0.41218323985161764
6888243,0.0017688252863922304,0.12652960074705644,0.1630401026514919,0.0036376217310739043,0.00868121630103415,0.09542903221188953,0.006369094178707509,0.20973640118175396,0.3848081057106004
6888737,0.0011007306934782087,0.11386776173793152,0.19412209334727004,0.010511203925662075,0.007192965457128055,0.08203997087440555,0.006912998006365146,0.214354596742801,0.3698976792149584
6889024,0.007645064290586647,0.08991832745504756,0.1539089676804351,0.0016593201693997253,0.0006432525271677245,0.024969806122004497,0.13993934555047044,0.21453760767708602,0.36677830852780235
6890285,0.002592084565023825,0.1249082290895183,0.14329655216604248,0.00310608162570179,0.002044245495379595,0.22441623613177938,0.24148762228731246,0.20666789486628986,0.05148105377295226
6890416,0.0034724047603601734,0.10918523390733142,0.1639415712969875,0.003602938866256374,0.0035991053464670695,0.15099348167454507,0.037371870868924364,0.2229914943826683,0.3048418988964597
6890579,0.001252884367151068,0.0867043084965537,0.17065297908586055,0.0012240955393625066,0.0003703121864706464,0.020550962696893618,0.0412043624116029,0.21220439788821865,0.46583569732788643
6890917,0.003777582305180181,0.09588668212565704,0.15818388634190747,0.0017894112275554557,0.0008591009366479853,0.04206573144410518,0.3290896433400754,0.20801148494877847,0.16033647733009287
6891091,0.004495848354648252,0.08682546362816314,0.20589045292887018,0.022802208622330712,0.007452387601603848,0.045356292134478116,0.0034823910628445282,0.22547138878949907,0.3982235668775622
6891208,0.0005353425460992889,0.08907150440816966,0.17036404233805522,0.0002489774176521478,0.00025548721673852984,0.022369334659182248,0.026902870944270022,0.20268147552933682,0.4875709649404961
6891245,0.0016808825172827736,0.08947011188336704,0.16002649280805253,0.0010336200289073135,0.000990362211508514,0.07791233727349638,0.12551769454323736,0.2049472910618264,0.33842120767232164
6891309,0.00031672790015813135,0.09065832075923168,0.1505734910611112,0.0006154059987652446,0.0004951965319135638,0.026527406406400486,0.033390284499362585,0.2144516105373359,0.4829715563057212
6891366,0.005467476295772095,0.0881010119452156,0.15522037348535592,0.00044493147524786556,0.0004407579036721213,0.013333050195919412,0.0967537691989933,0.20938191085108177,0.430856718648742
6891473,0.003806682897310518,0.09633272884602315,0.17178313814698112,0.0029763481346504073,0.0020157681903636092,0.1448935005553523,0.012954936707623137,0.21152470843744928,0.35371218808424637
6891484,0.00034068648748955804,0.08482028837241293,0.16402732533987366,0.00020131582129874956,0.0001270100565967605,0.003441684076013443,0.007958097653220754,0.2236430015936736,0.5154405905994206
6891531,0.0020372250357759735,0.09581479662885906,0.1496890358450706,0.0021567084588346055,0.0011070295070151886,0.0905471847320993,0.1991576752586934,0.2082405390290224,0.2512498055046295
6891557,0.0011370909051208844,0.09129264488092272,0.19976657481392612,0.001006312899214349,0.00041793552169888746,0.01276371572953755,0.0065257560174572645,0.2164831545588216,0.47060681467330057
6891579,0.001154167818872922,0.09397976811573584,0.17059534278021413,0.0015869976061325308,0.0012739506596627249,0.03140299080392459,0.09643888658731643,0.20615683627519987,0.39741105935294097
6891867,0.00841149910149419,0.09158513170267898,0.14814683723006855,0.0026265620700298407,0.0009018190161075042,0.04321394550854903,0.4175703663037161,0.2101649294671915,0.0773789096001644
6891888,0.005585419963778627,0.08553615268896173,0.15619752139421958,0.003949641828426136,0.0007650043577564776,0.01701915845719874,0.014899766767097655,0.2376700042756183,0.47837733026694274
6892297,0.004725322580158425,0.0927738527774538,0.1436232490970826,0.000527777975467164,0.0003159121251170029,0.01616397286707562,0.33343356516686684,0.2057450108396528,0.2026913365711258
6892562,0.00223651891810398,0.09021885265601748,0.15907378994300347,0.0018024921921808502,0.0008210582599080754,0.02516036554942646,0.30357863621282133,0.21593411730786882,0.20117416896066959
6892587,0.0025732387212890014,0.09166492736627121,0.15081855176433975,0.0009973279044277372,0.0005625341940780907,0.06982408136627792,0.2159234311702312,0.21921321538425367,0.24842269212883147
6894293,0.001663996808715256,0.3052688772147116,0.1615744455826591,0.030446879321931374,0.12388460120755475,0.0896187313822629,0.0016539228594553805,0.26371874483485946,0.022169800787850226
6895609,0.0011433336268837032,0.0863443767574443,0.1944544051963249,0.01259601025583912,0.0017833567992606256,0.02229528766114397,0.004695332383872238,0.24376617778746604,0.4329217195317651
6895723,0.0015618140148688743,0.08994488396475991,0.1518615134732279,0.000598547657232945,0.0009342607958844991,0.4697649100128015,0.04575202103738259,0.21704707107857923,0.022534977965262524
6895905,0.0006366659409528601,0.08851191173095438,0.15915259011756389,0.0005972701476859197,0.0011332984667437424,0.3663745507877487,0.11199169435830156,0.21640237180410826,0.055199646645940736
6895906,0.0012030139451505981,0.09340280587158545,0.16375550419019247,0.0005746252379991048,0.0009678189913114644,0.4005789826161349,0.05193266515005894,0.21705378900920058,0.0705307949883665
6895927,0.0026381516473814324,0.1065650607802727,0.1531762813557433,0.001658946622652001,0.002381321663411513,0.3708108135392013,0.08371676377488474,0.21939768068989973,0.059654979926553296
6895938,0.0005797702981840541,0.09094550994059818,0.15899588588749114,0.0005167480354011282,0.001588932638870872,0.3596565987013678,0.11765847726104456,0.21416218206464793,0.055895895172394294
6895939,0.0009501386855492903,0.09398164786807359,0.15569317979217098,0.0006810838906867709,0.0019137528438625644,0.4554568424998954,0.02653750761516297,0.2131949885057638,0.05159085829883474
6895948,0.0007762632792589746,0.09333011247487007,0.15132974265092974,0.0005947800582996156,0.0019485146043132047,0.38514594793576085,0.06576416459482172,0.21617280296779784,0.08493767143394801
6895973,0.0013019728433375014,0.08803827377751071,0.16347021481682908,0.0008317807829895669,0.0009362033021763498,0.38784067923058996,0.057772098170053264,0.2207121245148759,0.07909665256163752
6895974,0.0008032101212233197,0.08967200304237717,0.15731535697516358,0.0006303985002946628,0.00106606371035219,0.3588224252770216,0.10232312822399388,0.2122236388387554,0.07714377531081826
6896754,0.0014913310185182126,0.09113824505345897,0.14955581957215547,0.0007675167253912846,0.0007309382294272153,0.13835963614733296,0.06266935841243196,0.213354533750177,0.3419326210911069
6897915,0.0021968254659036875,0.11385668675936632,0.20159626996816216,0.023137630437811064,0.02521704920467182,0.20005795579885383,0.016549397180790563,0.2812398710748054,0.13614831410963507
6897964,0.016215484582816235,0.11940457319413987,0.20465330593607164,0.016928575569890924,0.14113240800470414,0.08254264014736921,0.007846249014237604,0.22830888298640925,0.18296788056436114
6899282,0.0011222762160813223,0.09641552436569524,0.14190907211522447,0.0003113598215959484,0.00025307028362930997,0.0349022159211365,0.3032412967711945,0.2170240338534949,0.20482115065194784
6899294,0.005171148733801275,0.09411757558776176,0.14923811746803142,0.002407504892814902,0.0007705972418000668,0.02362076680108058,0.19079824996770278,0.21415042350117186,0.31972561580583536
6899376,0.001594268021093745,0.0962962681444431,0.1552267691485924,0.0011907871828672608,0.0011378978878155174,0.024648407897033923,0.11519520481965284,0.21579357376014835,0.38891682313835285
6899506,0.0020749941149357173,0.10213478619243888,0.14529268756577224,0.0005196750755522491,0.0006861418307238807,0.2873107339262029,0.14525320696250832,0.21289025883322618,0.10383751549863968
6899530,0.003130959481894127,0.08403949519781209,0.14742289325811897,0.004493227346511636,0.00035143268263782966,0.038010174139174804,0.0018522344116916856,0.24856348457406652,0.4721360989080923
6899560,0.007387476475326843,0.0907515385333295,0.13960296516421827,0.004519846461737449,0.000956228198486668,0.14377306313674257,0.02193610337479488,0.24177470615827262,0.3492980724970912
6899670,0.001959338626959184,0.08906966043835696,0.13560649364180585,0.00023794064334413652,0.00037841264421610186,0.07364138605627255,0.006745047078447878,0.2338713441866141,0.4584903766839833
6899695,0.0005006679763798501,0.08729543058984493,0.15137139824194296,0.00020520455008300628,0.0003220520023273475,0.019922651851157755,0.0014348523829013568,0.2285151758487139,0.5104325665566489
6899730,0.001714384809740982,0.08974186936477012,0.1547409607583289,0.0012947596365420486,0.0009307725691432194,0.10122696616755263,0.029347413026482902,0.22549188825696487,0.39551098541047436
6899754,0.005175477768503774,0.08879321806630512,0.1624104595241619,0.005951672822256929,0.001174580349625756,0.039765123004977664,0.0012224069942681002,0.23634523022025553,0.45916183124964527
6901206,0.001048173930666475,0.10360491554535514,0.15763547103283893,0.0025734056675350146,0.002953228689423295,0.18229841220108967,0.11134218277030677,0.2211822842893762,0.21736192587340852
6902131,0.00034742161788916875,0.09297788916208648,0.13576362068153364,0.0009394967976755476,0.0018665476362251178,0.4431681916788044,0.09411386308833201,0.22470487461319055,0.006118094724263072
6902271,0.002706510776694623,0.11670588594622822,0.1661641420898337,0.006699002809409528,0.0201196228456463,0.180275420643228,0.0031960929190000577,0.23575954105273503,0.2683737809172245
6904326,0.009370467671257874,0.08305358998674131,0.14640363206476542,0.0004445248000400655,0.000140574816038912,0.008201791141169305,0.007413322110925164,0.2317128442121087,0.5132592531969534
6908023,0.0007231137902028236,0.1040188360898263,0.14694044671075304,0.05483339111461577,0.012837152834381704,0.40560488061493327,0.002841504991732164,0.2638689546808556,0.008331719172699323
6908625,0.0008972711636913197,0.09617497315450838,0.1471724532131172,0.001120095864738495,0.0009679093613379889,0.14590437499540054,0.2996107060441041,0.21064428535337698,0.09750793084972496
6909657,0.000966137205066116,0.08975405672308742,0.14399291963072738,0.0004035444482732004,0.00017560441287321781,0.01198652177718175,0.11970474710346254,0.2204826353174661,0.4125338333818623
6909786,0.003689021973174433,0.08584636448956812,0.1477247420125749,0.0011573390067641312,0.0002580544700664905,0.02860461997019737,0.0202788085742657,0.2448862195869257,0.4675548299164631
6909952,0.0021622837706117117,0.08764430471715018,0.14259465474598593,0.0009383098894067401,0.0005370413237393215,0.013246037837418921,0.12439542826687229,0.2230573406865258,0.40542459876228915
6910003,0.0017550972785771062,0.0886806716071046,0.1487786719652697,0.00039402115421151784,0.00016261086599785005,0.006655347148009207,0.03857817393889468,0.22216617269293987,0.4928292333489956
6910407,5.5663878272115013e-05,0.10878216270994841,0.13091117539856015,0.00019656899837077878,0.00034885114593743484,0.511755505823379,0.0008283781855091621,0.24603623551502224,0.0010854583450006386
6910422,0.005895267618393406,0.0886496571003112,0.1498576181161354,0.0013349015565487913,0.00041323719207866846,0.03596318808985814,0.2688986466077857,0.22626306444817396,0.2227244192707148
6910425,0.004648559465214089,0.08900903570146361,0.13640411360026203,0.00031111178863194315,0.00011268278266902542,0.005496545318813525,0.02479152744071019,0.2258940378759122,0.5133323860263234
6910560,0.0028885217507244173,0.08238127148648713,0.15790921225536517,0.02337076514396931,0.0011168843647730328,0.030386328438777185,0.005123853869284283,0.27902478076653203,0.41779838192408747
6910590,0.002757839477729744,0.08980356517802977,0.13861182871405847,0.0004494166794919938,0.00012056618831175803,0.005467717722815552,0.045960583801749055,0.223483678426927,0.49334480381088663
6912744,0.00013575181492998778,0.08845056707419968,0.13061111782632467,0.00037550847668767375,0.0011224480313450265,0.5231171878664973,0.002310776777004554,0.2514488939709577,0.0024277481620534115
6919118,0.0018451860884007433,0.10108832829119445,0.1512268602897671,0.0032729308911873434,0.0026541236531047543,0.3004269707684977,0.12453656147176541,0.2105174194534614,0.10443161909262126
6920152,0.0014310595650320554,0.09430476156690969,0.16337660520365901,0.003127847500152193,0.002238182989597332,0.27069009680565637,0.1359733146966596,0.2187842171787569,0.11007391449357697
6925791,0.0006323675303665765,0.10611401937911046,0.15048730458879245,0.001233800607563377,0.0009546729428538854,0.45459675368459945,0.03688602175590223,0.22176819853175023,0.02732686097906141
6926246,0.0024658435070356874,0.09166343776922754,0.14832812452518138,0.0003250629455380631,0.00034983789555543177,0.48270905548924115,0.04568491124775331,0.20608143261111506,0.022392294009352345
6928841,0.00670516785644003,0.11374564852935219,0.1988518425550299,0.1720968276200511,0.010302637007507363,0.10814998937019904,0.0041169102932867435,0.3354295108613218,0.05060146590681182
6928933,0.0005768210831006641,0.12011279345573107,0.15246952405882339,0.0007245624727005749,0.0017393919426498218,0.4964590204660202,0.016114982562189465,0.20540360593802232,0.00639929802076245
6937241,0.004230988914288075,0.09109234068093676,0.1579234313082647,0.0015376176350147086,0.0002268189656126016,0.014624060980306336,0.004916552862734678,0.2428048304617706,0.4826433581910715
6938426,7.379170710222742e-05,0.10271479159825463,0.13299070950488984,0.0001581298242258479,0.0002067807378274299,0.5424147764443954,0.011721588655276073,0.2083821363760438,0.0013372951519847436
6938530,0.0001185094831544001,0.1093517319913815,0.13225102387932114,0.00018008696998461022,0.00016917866286561588,0.5318732327376117,0.01434871876729829,0.21009760492843965,0.0016099125799432681
6938682,0.0003488083296524874,0.09320881852501267,0.1415809511476387,0.0003827524855142309,0.0002339660570837052,0.032345768955035645,0.4866657131151044,0.20939569049005696,0.03583753089490112
6939166,4.119033447377257e-05,0.1036387856674614,0.13234539648144128,0.00010057920520845411,9.599987541289482e-05,0.5448428127366038,0.009912154036486832,0.20792083451366553,0.0011022471492461688
6939222,0.00047496190115288905,0.09641129515360586,0.1409008055305877,0.0002786962701930638,0.0002014477328008598,0.03496509899873364,0.5092978787460808,0.20795128258245252,0.00951853308439255
6944591,0.01228808677058772,0.10048037827468646,0.15486245816745803,0.0010510276018365784,0.0009521906368187133,0.223808947841979,0.23360163361813252,0.21628377439090174,0.056671502697599296
6947293,0.0002466340941227428,0.09924632541110956,0.15198814104422828,0.0004718672691599898,0.0007583807989173623,0.4992948759059417,0.005499608667750926,0.22529386214823016,0.017200304660539283
6952804,0.002326643324852346,0.10468380387815701,0.20455707978485874,0.0025449211311371622,0.005520176450522656,0.2940356679595964,0.022677133865399574,0.23125417161415,0.13240040199132616
6975207,0.0001424114338970905,0.09383376920918891,0.15096768200193866,0.0002735901927743736,0.00027893142761967237,0.5097710513125546,0.001796244667888294,0.23957973322949916,0.0033565865246391454
6975472,0.00010312875308065626,0.09636205631651328,0.14749132778380425,0.00019082425542754546,0.0002466525896192375,0.506888958936504,0.0023014062289922563,0.242571087100306,0.003844558035752772
6975490,6.357069900695871e-05,0.09064891330159394,0.14206458143245543,5.441504303627299e-05,0.00011753277138626201,0.5142547661588293,0.0005710477114892733,0.24909553471848148,0.003129638163721128
6976427,4.4331774425391585e-05,0.08448788299078708,0.12876780998993745,4.113452941183046e-05,6.48163175005751e-05,0.5271011339250007,0.0013846159749469787,0.25441114385902186,0.003697130638968223
10551287,0.0008620359165754352,0.09929301842953948,0.14281025629398067,0.004613804644947383,0.0035290177306756196,0.4959583564161252,0.018834683270920655,0.216075724871979,0.018023102425256555
10554874,0.2905760454217716,0.09907077061320202,0.1495193086218704,0.004565601253169002,0.010530664295966,0.10578491965153858,0.07816288324694143,0.20990025693485423,0.05188954996068665
10555071,0.001598138652018231,0.10054167935254647,0.1475999909606841,0.0015324277358864495,0.0009091164943817725,0.2943523864829252,0.025316187254952122,0.21882523009279545,0.20932484297381035
10555459,0.002354834097718583,0.14278008539243855,0.16389049246610868,0.013138090844527085,0.01184383822244427,0.2531224884629235,0.01422718319015603,0.27551181342728787,0.12313117389639541
10555968,0.03319975016828656,0.10057785888393937,0.14927675508144067,0.1625327166033628,0.030554546723235067,0.10464129728189961,0.0026047689837845355,0.2516837203960251,0.16492858587802628
10556692,0.006815387694753983,0.08640490889106325,0.15775211308165435,0.009674712654646379,0.0011328473985589462,0.12755557783420524,0.013744079647369609,0.2280445816401272,0.3688757911576212
10557065,0.00015561890226747878,0.11387372583679248,0.1337665523763412,0.0006510543588608808,0.0009701138940593518,0.5248488241515592,0.002714235727946786,0.21688887055360917,0.00613100419856343
10557235,0.0012311067298798595,0.1090762007934401,0.14645729546015407,0.034402565229360915,0.006400154869492036,0.42330772372592596,0.003454994086301064,0.25365969911347225,0.022010259991973785
10557310,0.00124225165560902,0.10280965712201225,0.1526896654928694,0.006656471043842829,0.019892913129954056,0.16126996099906654,0.0015391250324094056,0.22354686496195794,0.3303530905622786
10557603,0.0008320823946262437,0.10406931033430059,0.1446798235342839,0.002648674119032921,0.0016372649746289394,0.38995087547566515,0.014506018571514335,0.22003357788995248,0.12164237270599543
10557649,0.0005404042216190411,0.10133091903176172,0.164503869272093,0.002989034853950497,0.0030536653581966743,0.457035096606906,0.005172752720810877,0.23364106526957823,0.0317331926650839
10559369,0.0008911167173540559,0.09740774564115211,0.14215059495677132,0.0005741871864509176,0.0006993351004783308,0.4973322211888105,0.005156802862733575,0.21325872515023403,0.042529271196015336
10559516,0.0013815096216958191,0.10871276042441579,0.13802395096971098,0.0031342376686011994,0.004820686692105806,0.45629127848075823,0.01788429402128966,0.21665012844993758,0.05310115367148498
10559765,0.0006729881587876892,0.13735242094303268,0.1296910700091115,0.002314502413361438,0.0016054457455779794,0.43097383467700623,0.013693956263710777,0.22121966678546057,0.06247611500395111
10559904,0.002095411929600337,0.10608527994399983,0.14416469380089167,0.003032874558089554,0.0019882571110131963,0.4070519513854546,0.025232467003111304,0.21480831508572823,0.09554074918211132
10561136,0.001791734795304357,0.0977517581371477,0.15008356105884385,0.0016958576123195773,0.0015326716488976927,0.4321479878464386,0.003207014293058531,0.2183750655076943,0.09341434910029538
10561583,0.007758199577877793,0.10198620606788399,0.13610291219435908,0.0014647606777677975,0.0011695587101123238,0.39512587603833793,0.06473683790548303,0.2293616202514705,0.06229402857670756
10561870,0.0004480481347304247,0.12548511406394028,0.13232272083348803,0.0007140956761788255,0.0010375127878129574,0.4124433750692464,0.0968717206456956,0.21371540025873212,0.016962012530175527
10562711,0.0031288795393170127,0.10805417815038841,0.16436737200991536,0.044571717106445904,0.028924271207119805,0.2402633343078942,0.008984837897032113,0.2361374421825341,0.1655679675993532
10566953,0.0007871296182615465,0.09815624926684981,0.13672879222217293,0.0022088627458722496,0.0025681635240321736,0.38914754853626177,0.14003475347700284,0.22031129091936813,0.01005720969017854
10567563,0.011097033765965228,0.10985140080366677,0.15605596057405016,0.0037478874431206713,0.019485711872838908,0.3649857611640481,0.020848582896028776,0.21730976872944302,0.09661789275083835
10568512,0.003925764478176346,0.09412648780065161,0.14373482286421863,0.001906927917351078,0.0010890034958694805,0.21007997489444025,0.27802774552377946,0.214799408956386,0.05230986406912718
10569249,0.0005234615849285228,0.09561161171400587,0.13755375212895768,0.0006920855355856374,0.0005185298233077531,0.42216278317719846,0.09133877910144085,0.218397931352438,0.0332010655821372
10569900,0.0013368174338547233,0.23508510806558452,0.16295210131850224,0.03767849174658708,0.2521775617951397,0.04561478097584891,0.0058407519737890545,0.2308117273179629,0.028502659372730783
10569996,0.0008685301804556865,0.09520956992323318,0.1453992291690679,0.0017923032021426432,0.0006093143776697175,0.35757138806949784,0.16877402219315413,0.2111192920332814,0.018656350851497503
10570047,0.0004405809874610217,0.11694239474878006,0.13603173717452252,0.0014137036427780804,0.0008788614239652832,0.4445611065378626,0.07036444569431793,0.21834223654587775,0.011024933244434763
10570186,0.0024343768708389633,0.09126062514461841,0.141109743977108,0.004839553057729495,0.004291479147961592,0.39257969657306035,0.046468619363441474,0.22251561558968244,0.09450029027555922
10570190,0.00044699255592630516,0.1190426712996262,0.1359124812953271,0.0016516787075549482,0.001303335483609264,0.35665530387116645,0.15733924038121452,0.21533611022766558,0.012312186177909766
10570281,0.0007435077517503179,0.09892325354129698,0.1381008062815288,0.0014543893528236895,0.0010428089445893276,0.3836939748498817,0.12173786537576749,0.21777097541036375,0.03653241849199801
10570444,0.1583626031741908,0.09227211907237085,0.15231868285056158,0.01305278520143884,0.006607039940826593,0.20905144138206233,0.016925047387471005,0.2250828743749758,0.1263274066161023
10570516,0.0019493629697088651,0.09583075274416283,0.14484722610691417,0.0019072411758431606,0.002074283029229694,0.4243785336471895,0.01575827180866135,0.21883508479551467,0.09441924372277571
10570563,0.005728952968375546,0.09010848023650068,0.13944320172215946,0.001778309674085695,0.000631016974586131,0.2793970769329343,0.1598265640265074,0.2303640022796865,0.09272239518516429
10570908,0.0034646706130450093,0.0935119651179138,0.13254917370273495,0.002862482601403817,0.001755306664583015,0.24388719384516472,0.2597280126624342,0.2358820768100442,0.026359117982676202
10570962,0.002290966715600698,0.11647415819078374,0.15130000684453837,0.004211187789261131,0.002291154588161922,0.26623789111623053,0.01759106809981608,0.2780120222755521,0.1615915443800554
10571126,0.01587483044122573,0.09163118512680717,0.14951690556225028,0.0019141225504790704,0.0008696192775809464,0.22323445535845127,0.06983292584093,0.21282286788716304,0.23430308795511243
10571129,0.05268024614726598,0.09235384046394966,0.1393547000181616,0.012746866349159704,0.0022047397876392063,0.39114573151289844,0.004785251428585942,0.24692656831355342,0.05780205597878604
10571130,0.008887076924709292,0.08935160470664617,0.14793988653029685,0.020738246332983837,0.003246364618456202,0.23689118780694976,0.0036290643003957295,0.24394136130799776,0.24537520747156447
10571150,0.003734573435431417,0.09735889319357441,0.13918433898159632,0.0020057407226695572,0.0013154249674177053,0.43380116936811697,0.009842889834847424,0.22602210799203312,0.08673486150431313
10571157,0.01867344578262145,0.0915067644122351,0.15067236304922108,0.0025904536749447203,0.0008038205270565087,0.13498723905913262,0.3225179647206231,0.20982986531019576,0.06841808346396969
10571249,0.001343077031367505,0.0870873163595869,0.1357138354748851,0.0006988584604272695,0.0005276465106004824,0.3930034547802681,0.10559029139521736,0.23288025300150922,0.04315526698613794
10571563,0.0009962891033800676,0.15810650901272114,0.15562133423995053,0.0028110937350515177,0.006489269842340882,0.35612457211011755,0.007944496298919511,0.21315850964310917,0.09874792601440965
10571600,0.0013193690861432756,0.09099316797432949,0.14295204695448438,0.0015839007242020883,0.0013557558734032253,0.472374114553394,0.014548015864920792,0.2239126212026261,0.05096100776649662
10573894,0.003368588635116133,0.10716925175078737,0.13388644078773013,0.006788366233777895,0.0015249019743228643,0.4347697876956379,0.011899322461090349,0.24954093017313617,0.05105241028840115
10574347,0.008888500677831064,0.09008315122441736,0.14689592802373266,0.004135515248418307,0.001592276011333483,0.420350211041044,0.047571760429895686,0.22400405371517498,0.05647860362815254
10574370,0.01421893810680681,0.08647882085199282,0.1459579665664406,0.004332537386311581,0.001579351485172031,0.3187005434008364,0.043917007659945204,0.23432831702177764,0.15048651752071698
10574372,0.0032881338267841645,0.09009642784364,0.14097349228258219,0.0008210450045701101,0.0005242922357947959,0.2990437075990393,0.17052754722314592,0.22640470287156228,0.0683206511128814
10574408,0.004228412467922336,0.09273852978366165,0.14606359666760177,0.02378574119381568,0.004934587040732692,0.39236608178332855,0.0023347196216194823,0.23501561423171013,0.09853271720960771
10574430,0.0005158473445627709,0.08880769232787233,0.14339842370810307,0.0011974934694079804,0.00043381637153838855,0.45919320834720695,0.008409442888232928,0.22928576994632505,0.06875830559675059
10574439,0.005562974465229546,0.09214198922578432,0.13716140101780205,0.0028923221209895106,0.0009827485295250597,0.4484875112415996,0.017964373469164095,0.2313166444705793,0.06349003545932654
10574456,0.0026436640267216765,0.08908684496339801,0.1458005431510509,0.0016638111394132642,0.0009384402615117617,0.3160033385051697,0.005745712275689945,0.2250774662559161,0.21304017942112868
10576038,0.08651865813153573,0.09261864520459977,0.14341981751406568,0.0038166024596748374,0.005803870854605492,0.37998431526091514,0.011218817047773492,0.2286574918633339,0.047961781663495934
10576770,0.0037335512794040037,0.10076679441075473,0.1445881499954963,0.012371204420715515,0.0011193038166335757,0.3984240070849926,0.016927103846433464,0.22746366698550866,0.09460621816006114
10577118,0.0012480056396437138,0.10849903014909128,0.12702855685211967,0.001449946064982039,0.0010962469567975125,0.48995102965488563,0.016074293096273812,0.23200628138858767,0.022646610197618704
10577354,0.002119096834729284,0.08751685232378428,0.1428214770843507,0.0006171308412889344,0.0005683390172884382,0.3857616792820993,0.10620183828377619,0.21881031451349847,0.05558327181918444
10577622,0.00044731451857173875,0.10615730908844681,0.12875042479031026,0.0014646788330209988,0.0007573698901867778,0.42510169302242623,0.07150973528310373,0.22900511660793627,0.036806357965997294
10577723,0.0017855376262799188,0.09641338968612906,0.14120703654976802,0.00136106988996188,0.0007171838125096751,0.45481740570476425,0.06387693029755812,0.21366091845824559,0.026160527974783465
10578130,0.09213982851752517,0.09675475786387891,0.14685087224019758,0.015052190641370164,0.010131837673290433,0.27800216780144416,0.021029510395210647,0.22316715231319187,0.1168716825538912
10578295,0.001747303296060425,0.10894637890703715,0.14100014234808875,0.006591407171513722,0.0023710314711477597,0.32806022227066967,0.1445704523758467,0.2107879369302699,0.05592512522936595
10579132,0.00037744758796756585,0.11253976242642191,0.13657529966734056,0.000833630030177084,0.00048600037936427263,0.3146556482715356,0.2180081586817435,0.20669104467770266,0.009833008277746889
10579372,0.000683575094497364,0.09813537831142967,0.1492718853927918,0.001257026229499194,0.0018463834618774769,0.39042948829986135,0.12455871481281633,0.2120984232315614,0.021719125165665404
10579452,0.0008969886523677458,0.09985001446010222,0.16335706061520933,0.00969196914210728,0.012945728632930512,0.4653195726271806,0.013704868816136053,0.21998171951589113,0.014252077538075131
10579754,0.000785487752164631,0.09213418089587068,0.1688380928307444,0.005683149575004912,0.024615006805619156,0.4185107084641341,0.01223111800332079,0.2522308834991152,0.024971372174026115
10580098,0.0019970567452560943,0.10138511679660762,0.13587876340214206,0.0015393007240364991,0.0014050825307072475,0.321131133424554,0.1952586183655246,0.23305193378556288,0.00835299422560894
10580150,0.0005873700700799137,0.10303331680678864,0.1526737412649792,0.002727075521390283,0.0018994468351193777,0.41240326042592634,0.08376630158776793,0.21306996244291482,0.0298395250450334
10580642,0.0014269033422745943,0.09132293993286061,0.13626938565635383,0.0017808367554032803,0.0009040154414256677,0.46554213645324194,0.00607722536181852,0.23010105748391826,0.06657549957270335
10580740,0.005285547813294295,0.09094756464429853,0.15046136874224952,0.0013569405973201418,0.0006267717168369174,0.22456846296853178,0.20897225807861702,0.21574713522186295,0.10203395021698883
10580745,0.00129973817355735,0.09970715522934921,0.14729672947638123,0.0013377655244934286,0.000519875000757458,0.24949408194437941,0.190202173398739,0.21555284279787196,0.09458963845447094
10580771,0.028539689335779047,0.08829637658916839,0.13618407489808826,0.008724847991274001,0.0012269905332100294,0.3629495478517796,0.023978785407665983,0.25722643642855253,0.09287325096448215
10580995,0.002159500780191656,0.0918218345271913,0.1529729528139943,0.003474883823566609,0.0011922031514413367,0.3359637293246467,0.067663633815853,0.2155387188627764,0.12921254290033876
10581310,0.0006975081887099648,0.13116333998142668,0.14209692091822007,0.0012919003190303262,0.0006773960134647389,0.32278312471149134,0.15680554663645244,0.2051892330111455,0.03929503022005905
10581368,0.011059283173228919,0.1204702744540831,0.15554890962758136,0.07780014564231767,0.007378846834515759,0.28337379194896767,0.004180937835212593,0.22892662638553418,0.11126118409855854
10582173,0.00475107531597334,0.09945276548280033,0.14233638005243404,0.004985786425044689,0.0018183766264498996,0.4570635518710267,0.009023383400272504,0.21534867753600145,0.06522000328999705
10582418,0.22989006217416202,0.09984688986054156,0.14331071359388486,0.004162013457804715,0.01601542189896539,0.24589435690335126,0.009498250357599502,0.20649486108385634,0.04488743066983437
10583009,0.0005165466272130495,0.12130187638465337,0.1348891822097728,0.000908831168356689,0.0013246011757156542,0.2848984012173686,0.23955728637498705,0.211222853831035,0.005380421010897827
10583434,0.0021501678704426005,0.13717581635323223,0.14377134775896094,0.0612054391257698,0.0018670887475216935,0.3402515747108716,0.015982977518848078,0.2197623235680445,0.07783326434630872
10583521,0.0002723245194253278,0.09370923450665714,0.1418533060104222,0.0006076533603637543,0.00043199732956342304,0.11551101331677048,0.4246820478564137,0.2078985377371487,0.015033885363235137
10584210,0.0005273643771775196,0.08686906231540711,0.1485395588456524,0.0009730785928558127,0.0004890975275409699,0.34419183144841276,0.1670665832375472,0.2097092270292848,0.04163419662612146
10584222,0.0008431803185062012,0.09309612131159999,0.14529165856210102,0.0005531876429488929,0.000303465016157402,0.38998723051818207,0.1497109612232509,0.20652777538233916,0.013686420024914353
10584314,0.004442703128011986,0.09288966982713971,0.15180078386090112,0.0013580160406906094,0.0005526803305957929,0.10408114976038535,0.08144223841981152,0.21840383998068505,0.34502891865177887
10584430,0.0030099506879365766,0.11056369295606973,0.14436641629781077,0.0015570315932032514,0.0007144539116973248,0.1944538717432529,0.27612683704856306,0.202069913148394,0.06713783261307235
10584519,0.001577680081773318,0.11253634260264861,0.135791562016253,0.003912555791323005,0.0016229510909914556,0.3483474324968692,0.14057523183274986,0.21531489321465017,0.040321350872741434
10584820,0.0007868373911620311,0.1744873972588432,0.1302118668439532,0.001351404522011292,0.010370866695365738,0.4391984967412859,0.010446289801410462,0.206115934852001,0.027030905893967224
10585136,0.0008181079394635249,0.14263930141192607,0.1338732159394681,0.01537541365002807,0.001567850759357533,0.46304716833825077,0.006191097715828276,0.22383574466103628,0.012652099584641346
10586849,0.0010936861336186651,0.11567948090519255,0.13944659308604612,0.006263016363131458,0.0029589707480538905,0.4193277783373757,0.08225452739799458,0.21414558419713398,0.018830362831453028
10587734,0.01364583864536778,0.09463933171209452,0.14043226281369486,0.0026522889193117197,0.0030518693724408547,0.3348161913649151,0.16256885328215204,0.21919838064018468,0.028994983249838416
10587840,0.0015205148676381152,0.11119982316729718,0.1513114407845642,0.0025834481347869285,0.0007846427027652409,0.4278430632477609,0.07623990951408384,0.20930580385956293,0.019211353721540623
10588529,0.0028448136753490196,0.09316349027350405,0.1379250294844903,0.0001895701139610057,9.529254401534384e-05,0.0084589434608647,0.5308797486977221,0.20801205596462746,0.018431055785466083
10588664,0.0030779288168455484,0.08565604204617187,0.151026218186255,0.0003677447927323866,0.0002650821538162198,0.03162155161974642,0.39269165992557387,0.21191516205900024,0.12337861039985834
10588792,0.008298306864094574,0.09414230407347975,0.13727980176890625,0.00042864256310423237,0.000340748981295979,0.020296780839515048,0.38181354718909594,0.2206726292313396,0.1367272384891687
10589349,0.0018990585721854174,0.09235062239604941,0.1456515770736842,0.0016551547573443498,0.0014645949168638015,0.12573760136635476,0.131704703354909,0.21701277892818965,0.28252390863441934
10589410,0.19709562412219966,0.09063809179925526,0.14977153688852957,0.005951561803871064,0.001374192327161697,0.18378641318426558,0.03135978231649986,0.2333113410798859,0.10671145647833141
10589411,0.009470423422085752,0.09363767911988038,0.13739499392534485,0.0012621050630573284,0.0013940217992887607,0.23802877123499505,0.03171860475857405,0.22424940457311648,0.2628439961036575
10589472,0.02719741811240749,0.09355670228076099,0.14569998804953338,0.002309098631394217,0.002619668430487494,0.11074460565110003,0.07437891548860232,0.21886264825764126,0.3246309550980728
10589485,0.049802280086744144,0.09038962654192008,0.1433142265859925,0.003472279073018403,0.0027080006627535802,0.12151635165972083,0.01726959595134661,0.2261730209403272,0.3453546184981767
10589763,0.0007912862295914933,0.12816484489759172,0.13536671823078594,0.022238915486349816,0.0029519175060560786,0.45492726250996357,0.014536479271410664,0.22858316371065693,0.012439412157593853
10590733,0.0024367409081438108,0.13300723219083155,0.13653882542752505,0.07586646665907208,0.0028243625665399182,0.39102939787437563,0.002907424720365814,0.24815589683913253,0.007233652814013804
10592587,0.21987033500486328,0.09852038489942815,0.14267307416980599,0.0049582831147926025,0.010783484466386531,0.23751545411226965,0.006591503081773559,0.216823961004418,0.06226352014626224
10592944,0.0012701724431236328,0.130716808123166,0.16156997197109796,0.021590743366153527,0.019347725851667847,0.41040326372277747,0.01882071820037198,0.21247951338994037,0.023801082931701172
10595034,0.0031487718052628016,0.12946710951142545,0.14339382475124254,0.0037121020321735426,0.013753975920200938,0.44054967555782387,0.0068333508688692085,0.21289202188043044,0.04624916767257123
10596119,0.00026418989161927143,0.11076730473735431,0.13938111748920406,0.000249033920376757,0.00045704965990242134,0.4992499225834986,0.019889753983619547,0.2108454667485994,0.018896160985825677
10599481,0.0003101727867785823,0.11129753681477089,0.12974610736162645,0.00046525082440660055,0.0005313024263354409,0.3601248619167016,0.18182470688579808,0.20988156932018792,0.005818491663394392
10599552,0.14646578126896997,0.08816348888928659,0.15604604503487393,0.0030535099607690392,0.0014692051836568206,0.19635385191360027,0.031239851162515472,0.21469267812426673,0.16251558846206116
10599609,0.030795704789223482,0.09745112263795373,0.15706414327751173,0.0014122413084228832,0.0012980905651576186,0.09120188995976224,0.2193661142853472,0.20922103631559902,0.19218965686102207
