track_id,Clutter,Cormorants,Pigeons,Ducks,Geese,Gulls,Birds of Prey,Waders,Songbirds
6868504,0.10805071698650186,0.1105526925185102,0.10892285804189916,0.10802990237128426,0.11428979877178619,0.1243592212907178,0.10745555173081445,0.10751722429961838,0.11082203398886768
6868536,0.10640859752522527,0.10994462891438311,0.10775644972560632,0.10732664092060872,0.11089551000506291,0.1300647047536184,0.10660086403814481,0.10783925829781843,0.11316334581953202
6868565,0.10855645119700516,0.11057274536394762,0.11091793770583738,0.1121346023585592,0.11271665409452594,0.11568158116826041,0.10875215667858433,0.10881334076266302,0.11185453067061688
6868861,0.10800916360001611,0.11140493793916464,0.10826081722204692,0.10844769905637841,0.12243533702754972,0.11405445218127655,0.10820498360264406,0.10826721690500518,0.11091539246591842
6869275,0.1066303418094999,0.11698282736893202,0.10841389457502609,0.10865962966329627,0.1292917755607006,0.10854489132270358,0.10682335409722486,0.1068847693794833,0.10776851622313344
6871418,0.10717658938844797,0.10743559925491881,0.11091902277020203,0.10810975475362761,0.10873554802270674,0.13106990096815382,0.10737152342455014,0.10743382818443381,0.11174823323295906
6872996,0.11175653296005478,0.10804734549281633,0.10803934861551492,0.10796606453308899,0.10850692468858258,0.11780884710536005,0.11134943860470206,0.10804376179760214,0.11848173620227818
6873817,0.10719924457064406,0.10745746470866083,0.10760391778916803,0.11069208408792892,0.1075089556936312,0.1313915878188227,0.10739262965062857,0.10745425088665471,0.11329986479386103
6874023,0.10434804246681192,0.10508051873993776,0.10459179428533552,0.10452113031677676,0.10445167386586457,0.16249389396738562,0.10453637349124908,0.10459531922323842,0.10538125364340031
6875504,0.10437307624204187,0.10462505473464573,0.1046169158982718,0.1045461839746103,0.10447670371003984,0.16253307077344112,0.1045614865653878,0.10462042719135181,0.10564708091020972
6875899,0.10394941680636764,0.10420042997487355,0.10433948782164684,0.10412181136846445,0.10405264233697441,0.15584973522393442,0.10846381337913416,0.10419599902662036,0.11082666406198421
6877293,0.10774807612140164,0.10866413530303887,0.10800137967044814,0.11291747115178653,0.10785518282236228,0.1162356314537108,0.1079420648570281,0.10800061945678077,0.12263543916344281
6880408,0.10429968087461387,0.10455154720496905,0.10454332337398745,0.10447270914526594,0.10440330444951773,0.1624183379094174,0.10448794011398613,0.1045469126743401,0.1062762442539024
6880690,0.10385786529163482,0.10410854666329192,0.10410046082626186,0.10412058684818107,0.10396086796891636,0.16173084030164508,0.10404508424504563,0.10410383085072798,0.10997191700429529
6880833,0.10665809367497073,0.1069151673907954,0.10690732488163605,0.10683466841780652,0.1067635132416855,0.12101898561910708,0.11185051369692148,0.10691136963652903,0.1261403634405482
6880956,0.10412551179539817,0.10437668324386001,0.10436890753356384,0.1042981337901698,0.10422872090952387,0.16214804049047446,0.10431325308943237,0.10437216440583214,0.10776858474174528
6881733,0.10419475362137579,0.10420567577158606,0.104195940223789,0.10412661610893637,0.10405751488396742,0.1230002257690759,0.14090377417685385,0.10420098153351762,0.11111451791089803
6885154,0.1093892713592477,0.1094026691139761,0.10939474064189403,0.10932038477421831,0.10924770275120754,0.1208002003647866,0.11087935734976281,0.10939738113719194,0.11216829250771501
6887294,0.10383707215519082,0.10408812209525331,0.1040794609722715,0.10400952554342353,0.10394045272874963,0.14771739722144975,0.10402400255579117,0.10408263795379466,0.12422132877407564
6887586,0.10615687484733091,0.10608846409670264,0.10644202171926603,0.1063212878562198,0.10570738957936886,0.13709565719060923,0.10553942269722785,0.1055986390689051,0.12105024294436958
6887600,0.1057012341401719,0.10595595725756479,0.1061802721720666,0.1062342320262985,0.10580625357504421,0.13348256145136866,0.10589182517091028,0.10595095354134534,0.12479671066522971
6887637,0.10813131781065378,0.10839224770956563,0.10838443332492682,0.1083106738511549,0.10855645040110412,0.1271780990519797,0.10832804631943943,0.10838985660910855,0.11432887492206704
6887702,0.10965956755335854,0.1084338936151283,0.10842741877474238,0.10835287294206306,0.1082804459242703,0.11558858644881825,0.11052772927981845,0.10842859660277324,0.12230088885902751
6888243,0.1071613174889615,0.10640714103910158,0.10590533583957247,0.10583205963253557,0.1076737011447901,0.13621372964412742,0.10584708733849207,0.105905898791413,0.11905372908100634
6888737,0.10474662860875894,0.11000645467278752,0.10777065168493946,0.10492006163732154,0.10790804329684867,0.13628974165806923,0.10714898920867852,0.10499501057872052,0.11621441865387563
6889024,0.10847756686104626,0.1073970137809026,0.10688214198245376,0.1068089983515331,0.10699598561791113,0.11323432445703037,0.11837899996442022,0.10688618126153357,0.12493878772316898
6890285,0.11097501300665158,0.11337815226375828,0.10844873527861348,0.10723195437989189,0.10833743070687077,0.11823680551628671,0.11333955170352092,0.10730629726856511,0.11274605987584124
6890416,0.1085104310516809,0.111099138764548,0.10990246234751261,0.10869033834543959,0.10861794328694502,0.11636763692121838,0.10870563361214734,0.10876577299834385,0.1193406426721643
6890579,0.10887809534952383,0.1075650193840512,0.10903483629338433,0.10827797955470511,0.10741327514720336,0.11414803550448963,0.11353398123557226,0.10755831512256703,0.12359046240850327
6890917,0.10845657296904289,0.1073741331086672,0.11154842800987275,0.10840538350438722,0.10722181675004683,0.11697269447495144,0.11711852017554529,0.1073700333586376,0.11553241764884868
6891091,0.10624826002121415,0.10699099728407954,0.10682329086122211,0.10716549432755175,0.10691370523006877,0.13741599237041022,0.10644049239999345,0.10767874699748267,0.11432302050797732
6891208,0.10486099944692454,0.10511418653421403,0.10711577549131064,0.10503502969338324,0.10496553030913841,0.1315591052681538,0.11041231503877812,0.10511031554313202,0.1258267426749653
6891245,0.10593038734208737,0.10618642146429136,0.11219155154090324,0.10685343834037234,0.10603507856436051,0.12681967767921568,0.1157298931612966,0.10618237188686108,0.11407118002061185
6891309,0.10629906167059945,0.10734421258492641,0.11259141352423986,0.1072518695799956,0.10757111949986992,0.11741232951314431,0.10712747440873688,0.10654929126714664,0.12785322795134096
6891366,0.10582301430032934,0.10519525312570645,0.10968678555343012,0.1051167097889948,0.10504735056329698,0.13059679179109868,0.11262011975862618,0.10519120920890267,0.12072276590961484
6891473,0.10578906736385459,0.10604383452910038,0.10603711729684412,0.11166035545680064,0.1058940310952748,0.1334899874646242,0.10597976933578601,0.10604006467851648,0.11906577277919878
6891484,0.10504573837718077,0.10529889603156646,0.10982703287018691,0.1052198000573593,0.10515000435835843,0.1266612521867082,0.10795886987797645,0.1052953946533815,0.12954301158728201
6891531,0.1076275841006074,0.10788771887719997,0.10787892785305334,0.10780623075498497,0.11012865907857548,0.11554884283772379,0.11359305314698247,0.10788157831557713,0.12164740503529543
6891557,0.10819443404396917,0.10845464763444901,0.1091871085008958,0.108373729304174,0.1083013844623917,0.11643792805630433,0.10838855293924471,0.1084481748609996,0.12421404019757167
6891579,0.10559562852549133,0.10663223544044426,0.10780484865788559,0.10653117030369812,0.1088339234444384,0.11709498149896272,0.11143602596837501,0.1058443619365735,0.13022682422413107
6891867,0.10888384113516084,0.106597266134162,0.10609184395707427,0.10601991692580351,0.10857316922523277,0.11320588217604192,0.12627831100991738,0.10609450216068705,0.11825526727592028
6891888,0.10908730648454681,0.10731685237578342,0.10814962965286173,0.10802825233930438,0.10716518480080686,0.11325418618544383,0.11096985488851677,0.10731309929098949,0.12871563398174668
6892297,0.10688237350062009,0.10344434412521827,0.10343717728606552,0.1033665818706562,0.10329825028255976,0.11768051061397836,0.13986045303954317,0.10344160152260143,0.11858870775875716
6892562,0.10535590932115094,0.10560956001614931,0.10702292862920572,0.10629377051748456,0.1054595393476141,0.1272814556224429,0.11230319983363078,0.1056090845426374,0.12506455216968423
6892587,0.1069883836936019,0.10724590442806134,0.10723917532361532,0.10716565377372746,0.10709415549359055,0.1208554725108764,0.1110679620463462,0.10724020046427699,0.12510309226590383
6894293,0.10780726702142418,0.10806787849261254,0.10814778558770623,0.10874542911059124,0.10821926071471784,0.13049433180100029,0.10800338620015096,0.10806588837411317,0.11244877269768361
6895609,0.10704031198456036,0.10729917038926867,0.11121049243609081,0.10747680344930632,0.10714687223132327,0.11484500780678586,0.11095996231226385,0.10729399066241456,0.12672738872798642
6895723,0.10637312532396867,0.10663096554967784,0.11126311870485034,0.10746022873074444,0.10647928288902708,0.13636995760751697,0.10934316338112887,0.10662418416973567,0.10945597364335016
6895905,0.10583156483334212,0.10608668686762368,0.10607967701256382,0.10600718567004144,0.10593682240010902,0.14281054926265965,0.11219221922178192,0.10608200602478039,0.10897328870709794
6895906,0.10620118809247234,0.10645855686548161,0.10902904736670113,0.10637762233484384,0.10630713916255764,0.13522035171926305,0.11348748429176189,0.10645219097554233,0.11046641919137619
6895927,0.10727005001830486,0.10753010218182554,0.10889645416378337,0.10744844725068389,0.10737733979871686,0.13208227175478168,0.11259369895161417,0.10752273677980234,0.10927889910048724
6895938,0.10575121942325572,0.10600586645389962,0.10614809487544458,0.1059266672246019,0.10585628809020142,0.14263309464778468,0.11181377305995668,0.10600123740149145,0.109863758823364
6895939,0.1047701709254455,0.10502331280999352,0.10516406939112044,0.10494405551560071,0.1048743464125585,0.14905612511923663,0.11440745209064897,0.10501696176042481,0.10674350597497098
6895948,0.104813914510829,0.10506700653720569,0.1050584327272641,0.10498766927100088,0.10491770756309468,0.14911375668480742,0.11086304235838165,0.1050615840766,0.11011688627081657
6895973,0.10617528953305455,0.10643223550993991,0.10899905272672498,0.1063516461680207,0.10628127279778832,0.14272742874875244,0.10855571648039547,0.10642695438055816,0.10805040365476543
6895974,0.10602914027463903,0.10628474708378718,0.10642644115776512,0.10620513567214443,0.10613470050631273,0.1430437044554492,0.11168821630743955,0.10628009424561281,0.10790782029684994
6896754,0.10536563701141283,0.10640785323316898,0.10696206360576357,0.10554049221796988,0.10878268512066076,0.12909482475264855,0.11269589534760541,0.10561564871575727,0.11953489999501273
6897915,0.10488314906903275,0.10592073920564021,0.10702868854706771,0.10578941306065891,0.10498751825545195,0.1439869297991716,0.10679884671384107,0.1051317837149741,0.11547293163416172
6897964,0.10660747041223587,0.10686425501712755,0.10685681415001065,0.10678394911631536,0.10732091723788237,0.1389012010552024,0.10679980065147528,0.10685933285235091,0.11300625950739958
6899282,0.10343268395553626,0.10368228125300902,0.10367460371254192,0.10360421058437747,0.10353547878706755,0.12141940011550532,0.14018331237506865,0.10367815297890504,0.11678987623798881
6899294,0.10928070910648702,0.10544166765974305,0.10996666299428198,0.10536342295622064,0.10529288517501431,0.1128365517462534,0.12386936734060681,0.10543289914274351,0.1225158338786492
6899376,0.1059741190945213,0.10623000554989243,0.10694724383866536,0.10615010648398394,0.10607976979957377,0.12206586443956254,0.10957121999569033,0.10622456179301089,0.13075710900509951
6899506,0.10581506762232737,0.10655522498183641,0.1067773096082246,0.10599089884994364,0.10616921398556117,0.133955804878613,0.1106217955006373,0.10606458739278682,0.11805009718006966
6899530,0.1046993074654908,0.10495126877757029,0.10703734383479843,0.10712306469283611,0.10480314037158199,0.13626780806507335,0.10488791915219495,0.10494691993150936,0.12528322770894465
6899560,0.10833911726359517,0.10715150242874717,0.10714200629014187,0.10707019115525943,0.1069990957966383,0.1267731006635884,0.10998092448943159,0.10715016175693935,0.11939390015565873
6899670,0.10708349876183804,0.10413531702536641,0.10412445075924609,0.10405586745704129,0.1039867454282435,0.13573317136967455,0.10633086183076776,0.10413175201677816,0.1304183353510442
6899695,0.10490004497983016,0.10515190889652075,0.10514673625006687,0.10507364903227545,0.10500366497557027,0.13568818949897218,0.10712295339253197,0.10514832464041635,0.12676452833381602
6899730,0.10583407643587384,0.10609047048555356,0.10608030333251021,0.10600979902056964,0.10593944941711825,0.12470367135641075,0.10863668297362722,0.10608438897648581,0.1306211580018507
6899754,0.1083673112621918,0.10553768513361107,0.10585337915749632,0.10602551147000265,0.10538811626743111,0.12800170871806457,0.10547341338452208,0.10553432000616766,0.12981855460051264
6901206,0.10552301334603054,0.10577823282742843,0.1070466176282252,0.10569829681792532,0.10562790661556404,0.12558270119873155,0.11264197541599866,0.10577035963096705,0.12633089651912924
6902131,0.10361868990386564,0.10386872933537977,0.10386074100078822,0.10379045217398497,0.10372144546747278,0.16135770444116992,0.10837771345332094,0.10386498816051187,0.10753953606350589
6902271,0.10623263617692136,0.10648857381046009,0.10648231681606347,0.10640903810782808,0.10633854890750363,0.14264575287971099,0.10642439575445298,0.10648328130862603,0.11249545623843331
6904326,0.11022735020627242,0.10753824642337104,0.10827621301233861,0.10856663370862085,0.10738634213702924,0.11464569614875215,0.10948370023704954,0.1075341071858374,0.1263417109407287
6908023,0.10425079540438423,0.10498300722145354,0.10449437601391899,0.10442371582097565,0.10460626624632038,0.16234246806111338,0.10443905073348145,0.10449796255029305,0.10596235794805929
6908625,0.1042304357872656,0.10448107344800353,0.10447472909049245,0.10440289788736148,0.1043332865856379,0.1314667540815376,0.12944400254577934,0.10447794246835881,0.1126888781055633
6909657,0.10717135475582995,0.10742942211144577,0.10816646763173657,0.10734892149062195,0.10727759429625264,0.11345895776559345,0.11544025626559917,0.1074260898847191,0.12628093579820146
6909786,0.11012985511318249,0.10853734225545682,0.10853075353907066,0.1084561755737469,0.1107819575420345,0.11152024928387391,0.10847158501154983,0.10853114644890052,0.12504093523218435
6909952,0.10668474288076252,0.10744344790290572,0.10811057077123477,0.10774655670308908,0.10704524080212616,0.11074074377566809,0.11261137095923633,0.10693664930648442,0.13268067689849286
6910003,0.10878108604243933,0.10719702857892749,0.10792282054873506,0.10711709286275975,0.10704568596573633,0.11431315881954002,0.11190138378583311,0.10719198246578833,0.12852976093024057
6910407,0.10391806321438646,0.1041684908310122,0.10416113896412853,0.10409026542138791,0.10402085817767646,0.16182572134167833,0.10410504772967255,0.10416388105687537,0.10954653326318216
6910422,0.10925375193121419,0.10842534891353427,0.10841876020900448,0.10834426221887966,0.10827205938125879,0.11492282228401753,0.11054605422788663,0.10842092946210405,0.12339601137210036
6910425,0.11039601050209173,0.10640435738316302,0.11095452452811988,0.10632507071858,0.10625424416492867,0.11345877195647425,0.11217496691020572,0.10639955884015953,0.1276324949962772
6910560,0.10895219683331184,0.10921462789420097,0.10920767111621596,0.10913286346056747,0.10906016068203464,0.11221485372663825,0.10914804209918391,0.10920789415678968,0.1238616900310573
6910590,0.10893618431597668,0.10759494214337983,0.10758690446973526,0.1075139234870967,0.10744236319547536,0.12083214284059898,0.11092698409635388,0.10759241759727678,0.12157413785410659
6912744,0.1042926971992034,0.10454440764643119,0.10453640818590217,0.10446564735979938,0.10439619670465208,0.1624080288139913,0.10448092012050475,0.10453986728149131,0.1063358266880244
6919118,0.10492705062261222,0.10644189673897349,0.10769631773178813,0.10699143302800923,0.10832163205266784,0.13751714586558725,0.10936451236711581,0.10517364610434972,0.11356636548889629
6920152,0.10592084049935856,0.10617663704018085,0.10752618920378285,0.10609638232276143,0.10602545809648864,0.13191397337555533,0.10779872053512188,0.10617092691178914,0.12237087201496125
6925791,0.10434821017954152,0.10508069256216224,0.10459199336686471,0.10452131188174361,0.10470379107398847,0.16249424237382254,0.10453655620119848,0.10459542649337125,0.10512777586730712
6926246,0.10538358652602266,0.10563801236544697,0.10698004162263364,0.10555842947242121,0.10548829494520186,0.14237716566759942,0.11582349452822084,0.1056329288914656,0.10711804598098781
6928841,0.10909985185332173,0.10936290740165236,0.10968733081511733,0.11348142569228153,0.10952775939838663,0.11631187802715906,0.10929654521568694,0.10935819177887168,0.11387410981752275
6928933,0.1056425320210298,0.10589752136538594,0.10588949853777424,0.10581777875093268,0.10574743541997478,0.15029866557903127,0.1079282100145625,0.10589226715512169,0.10688609115618711
6937241,0.10933897298381512,0.10773146524159172,0.10772541569894953,0.1076510673136821,0.10994623586507005,0.11564154559521947,0.10766678486658665,0.10772735828925648,0.12657115414582884
6938426,0.10382543611353455,0.10407604140840512,0.10406846288754862,0.10399776069543665,0.1039287370371229,0.16168237063786253,0.10974890479097354,0.10407019884751553,0.10460208758160056
6938530,0.104171552950673,0.10442293109758811,0.10441506179324556,0.10434431170983553,0.10427492242358032,0.1622198383534413,0.10678297309246632,0.10441811052585198,0.1049502980533179
6938682,0.10456846267574975,0.10481992076469979,0.10481298341802202,0.10474130982274284,0.1046710546765151,0.12356923258421398,0.13049318683364866,0.1048147534328257,0.11750909579158217
6939166,0.10412993164378766,0.10438120978415998,0.10437338022285314,0.10430263354646305,0.10423328274159523,0.16215519379536855,0.10713964843024396,0.10437628632592982,0.10490843350959864
6939222,0.10324130582476797,0.10349045128029917,0.10475642411993583,0.10341264999779626,0.10334411923281385,0.12937770237063428,0.13992637491060117,0.10348554512161094,0.10896542714154053
6944591,0.10614023836459559,0.1067120091828466,0.108363069619008,0.10607057439720484,0.10600046656409327,0.13772503465572716,0.11409324032161544,0.10614567755264803,0.10874968934226115
6947293,0.10435155086627143,0.10460342262648453,0.10459538551807651,0.10452461010089856,0.10445511436365482,0.16249973634362058,0.1045398206836321,0.10459874032943786,0.10583161916792362
6952804,0.10487536372444442,0.1059092928371595,0.10638774930818348,0.10504932126936957,0.10806369614866543,0.1492058537365116,0.10782722411155234,0.1051238429174188,0.10755765594669495
6975207,0.10429978182900138,0.104551481040073,0.10454352589861783,0.10447273869614873,0.10440325344818663,0.16241924292581078,0.10448789784492421,0.10454680708842791,0.10627527122880955
6975472,0.10418641090698477,0.10443780467852976,0.10442991361170222,0.10435915877350849,0.10428976541133511,0.1622425547957142,0.10437445604809759,0.104433424278464,0.10724651149566387
6975490,0.10429978182900138,0.104551481040073,0.10454352589861783,0.10447273869614873,0.10440325344818663,0.16241924292581078,0.10448789784492421,0.10454680708842791,0.10627527122880955
6976427,0.10442468912525485,0.10467680465943907,0.10466865174976178,0.10459789298260713,0.10452838242631632,0.16261345583211567,0.10461317623020644,0.10467211057217624,0.10520483642212249
10551287,0.10624460088506371,0.1065007715604319,0.10658480005833054,0.10654839369115449,0.10635035927476746,0.1433553881317627,0.10717462501006693,0.10719639704630149,0.11004466434212078
10554874,0.13170947235287103,0.11036582706164329,0.10462703079073547,0.10405578808046825,0.10698532977377187,0.11311066730207538,0.10871927193798273,0.10500561886253693,0.11542099383791507
10555071,0.10567462970477152,0.10592899445500334,0.10662340540439963,0.10584999883415701,0.1057793988110677,0.13162296635618206,0.10653653829646197,0.1066440563537793,0.12534001178417742
10555459,0.10490956642799995,0.105163410896039,0.10515455521490683,0.1051750927866419,0.10501431051346816,0.14395576637622173,0.10509925365338149,0.10721739442799788,0.11831064970334304
10555968,0.10858025314613834,0.10884224335855473,0.10892803970508773,0.11212951836916245,0.11057091106604741,0.11884218427052246,0.10877631834958479,0.10956298200235144,0.11376754973255061
10556692,0.106549262082432,0.10680606889952098,0.10679944464421133,0.10672606898712925,0.10665525134433018,0.12889957498137802,0.10674161961794566,0.1075205051280019,0.12330220431505068
10557065,0.10408748927016295,0.10433873226747764,0.10433069633051578,0.10426008921645089,0.10419084292510644,0.16208786947342224,0.1042756757523842,0.10502244262302579,0.10740616214145404
10557235,0.10579684995738259,0.10605254824779371,0.10613287701388739,0.1140814713044232,0.10590203913659187,0.13397900038009894,0.10598869354825889,0.1067439169775408,0.11532260343402258
10557310,0.10417845319017877,0.10442976725465973,0.1044230318136537,0.10444341477917962,0.1059642579722584,0.14150465234040396,0.10436758935881131,0.10511198548566317,0.12557684780519132
10557603,0.10567196833031957,0.10592664609851314,0.10592008836383233,0.10584735180500102,0.10577709657958717,0.1372095379702322,0.10717991973671906,0.10663198805707766,0.11983540305871784
10557649,0.103831421684147,0.10408183493875983,0.10430243153722893,0.10412975045470105,0.10393435373498108,0.16168973200695513,0.10401888873864226,0.10476543476206404,0.1092461521425207
10559369,0.10581379443047954,0.10606848500696123,0.10606299987536016,0.10598948044584149,0.10591925318841061,0.13688038615322087,0.10978395742677592,0.10676985820378086,0.1167117852691694
10559516,0.10381287111022067,0.10406334765807329,0.10405431859372198,0.10398457725431426,0.10391508916804279,0.15197494109370696,0.10777110895061179,0.10474505806987139,0.11567868810143686
10559765,0.10415366876675462,0.1044052195811765,0.10439697948047896,0.10432648338725944,0.10425720647205496,0.16219076600514176,0.10434170343562052,0.10643765774215047,0.10549031512936277
10559904,0.10577837136115786,0.1060339024301836,0.10602625439811007,0.10595400939340646,0.10588411819992471,0.12845504463020005,0.11063949519064137,0.10673292303029497,0.12449588136608083
10561136,0.10609060824929437,0.10634609992930016,0.10633987334917969,0.10626659812197092,0.10639189130035108,0.13748754674106287,0.10701011902537891,0.10705891590528521,0.11700834737817677
10561583,0.10824198057828174,0.1085038600914899,0.10849390800318741,0.10842148583291251,0.10834948403115219,0.12446425740947671,0.10913706774225948,0.10921664985058463,0.1151713064606554
10561870,0.10254883923848443,0.10279663842273987,0.10278749720492118,0.10271877114361073,0.10265027022992496,0.1485076530318667,0.1286645513317358,0.1034739052605518,0.10585187413616454
10562711,0.10448319392876482,0.10473532033862963,0.10762196026053793,0.10577303370047,0.10478637566088189,0.14614080277981925,0.10467181918189404,0.10542645333707648,0.11636104081192589
10566953,0.1044812545653796,0.10473351064261169,0.10472512483733809,0.10465447214687928,0.10458476428480709,0.1565736333246109,0.10696692750862218,0.10542875878794628,0.1078515539018049
10567563,0.10657607628238677,0.10527345223206638,0.10526383361824612,0.1051935712141657,0.10664092797503187,0.1260209776671838,0.10853025602629295,0.10597900111592161,0.13052190386870482
10568512,0.10750680417335656,0.1077657752056918,0.10775898975545896,0.10768508486382133,0.10761353701261366,0.1277605216841028,0.11476713770282845,0.1084768959643701,0.11066525363775638
10569249,0.10498582806386186,0.10523905219102678,0.10523117262070979,0.10515982132185861,0.1050899074756283,0.148278368932234,0.10601739895924858,0.10592691142027773,0.11407153901515435
10569900,0.10725615910998448,0.10751492595856513,0.10750686708288329,0.1075276279491734,0.12104812609220922,0.12040093283896278,0.11129399617518149,0.10820796508577496,0.10924339970726527
10569996,0.10596339286186135,0.10621816481794966,0.10621170060312024,0.10613874727514068,0.10606771424317468,0.1366957743683017,0.11114756197845342,0.10692925329695063,0.11462769055504765
10570047,0.10546257195669556,0.10571726524886521,0.10570886710729525,0.10563751902350765,0.10556735419782384,0.1489521038287309,0.10757293176001818,0.10777375055958152,0.10760763631748188
10570186,0.10469762196197735,0.10494992153506572,0.10494243293578792,0.1048711385468448,0.10480110949180109,0.13913688974325147,0.12215785161267204,0.10564265175781715,0.10880038241478243
10570190,0.10712744616175501,0.10738662836771831,0.1073779319048494,0.10730558008431992,0.10723465971508317,0.11879377923656338,0.1273353129898075,0.1080863004451162,0.10935236109478709
10570281,0.10560180158155755,0.10585552982708502,0.10584928642148264,0.10577646817941544,0.10570556325958444,0.13620563011030581,0.11818041173924407,0.10656528715934221,0.11026002172198288
10570444,0.10868292129291493,0.1086319147752558,0.10809476586236111,0.10668613889652885,0.10584580354365283,0.12206109881943962,0.11148380329833874,0.10628380787427891,0.12222974563722919
10570516,0.10665031872117704,0.10690795273180566,0.10689944940811696,0.10682716639736017,0.10675647052304607,0.13023556330422226,0.11154352111968002,0.10760718841318548,0.11657236938140642
10570563,0.10545964135862661,0.10547369917683486,0.10546703880334031,0.10539467601477778,0.10532450087591934,0.13573549824867748,0.11723420781370567,0.10617869455072393,0.11373204315739406
10570908,0.10450085746570587,0.10475374563117065,0.10474365305876115,0.10467395011110969,0.10460442508895576,0.12304751842729938,0.12716289001810188,0.10544506028303449,0.12106789991586112
10570962,0.10477077695234788,0.10502384257601079,0.10501581566528376,0.10494479117850557,0.10487509396287932,0.15088348517945144,0.10690479019643641,0.1057143385538909,0.11186706573519392
10571126,0.10982591713642988,0.10587634628595341,0.10586696190792366,0.10579607261523413,0.10572563761296705,0.1282960918326417,0.10665587566660786,0.1065832446651962,0.12537385227704612
10571129,0.10483095804027684,0.1048394063814847,0.10506212461252804,0.10593587118439515,0.1046903544491986,0.12509439547468543,0.10691873235021096,0.1055276476186296,0.13710050988859065
10571130,0.10245631861360965,0.10270363120720408,0.10292148473130981,0.10331834177451735,0.10255802342761822,0.14328668016898055,0.10502914334282984,0.10337867827375927,0.1343476984601712
10571150,0.10554966265225481,0.10580412673248674,0.10579646422207956,0.10572452495000173,0.10593956567696922,0.14029899146400102,0.10759144391640837,0.10649888455966613,0.11679633582613237
10571157,0.10226620125050848,0.10251290761914289,0.10490331625445518,0.1074143477079467,0.10236879728920648,0.13626667289452843,0.12689593411721475,0.10317417026009386,0.11419765260690322
10571249,0.10570711297144728,0.10596233411174577,0.10595402019260888,0.10588245146892844,0.10581207631015854,0.147819330404155,0.10674283432008401,0.10665709160965568,0.1094627486112163
10571563,0.1050424087311373,0.10529568808013816,0.10528792653409988,0.10521643733290986,0.10514644765824262,0.1436365246069381,0.10822390726303062,0.10598662097694034,0.11616403881656318
10571600,0.10484154605467169,0.10509410674394495,0.10508677742092502,0.10501507958539466,0.10494534176617813,0.13939105210663963,0.1156965145424138,0.10577882604648992,0.11415075573334213
10573894,0.10586753337246707,0.10612306323590215,0.10611536331184403,0.10604332832419772,0.1059730197043034,0.1414494547631139,0.10748063420348969,0.10681135178775164,0.11413625129693036
10574347,0.10702950069637376,0.10834717802687628,0.10777525672853976,0.1072072605355893,0.10713630945787594,0.1349686561136094,0.10801526894852226,0.10799410694424601,0.11152646254836726
10574370,0.10672071409611723,0.10697865481401403,0.10696869135491262,0.1068974080823843,0.1068260399196428,0.12358013333785751,0.10777427522643965,0.10768783932483265,0.1265662438437992
10574372,0.10491004069330151,0.10516377246880154,0.10742341375466968,0.1050842090638503,0.10501453268339236,0.13311184890377586,0.11713988072537829,0.10585102995600906,0.11630127175082142
10574408,0.10439810729426666,0.10465082310655566,0.10487379269495645,0.10493375880356048,0.10450184121678475,0.1460009039585939,0.10700010281737687,0.10533685240933552,0.11830381769856962
10574430,0.1060844997362548,0.10634108264521919,0.10633258272599203,0.10626088645597108,0.10619043173176794,0.13254900250517254,0.10783213602279856,0.10704532006292178,0.12136405811390209
10574439,0.1061558835247427,0.1064117150356962,0.10640476274149097,0.10633200254518657,0.10626143871462049,0.14182597776265887,0.10747832024261289,0.10710395500253969,0.11202594443045161
10574456,0.10426586126533013,0.10427300434408718,0.10426308711664127,0.10419372412567332,0.10412466955404495,0.13730827087964403,0.10632402398794116,0.10495017724903155,0.13029718147760638
10576038,0.10659794361673437,0.10581300407681142,0.10580548446539978,0.1057335437165805,0.10728645651965324,0.13444410410591945,0.11182480014261376,0.10650469817806305,0.11598996517822448
10576770,0.10702713892660479,0.10728641998272284,0.10839658930230224,0.10757662981889077,0.10713336015864992,0.12425018136821277,0.1080227750879387,0.10799187783031151,0.1223150275243664
10577118,0.10413856973693143,0.11221506664123201,0.10438156626448483,0.10431112946891921,0.10424165092240723,0.14563027313598562,0.10624916345051214,0.10643373856286786,0.11239884181665963
10577354,0.1053916300204943,0.10564595489568071,0.1056385312566247,0.10556663563089513,0.10549670412954215,0.1421861163387146,0.11052438758946662,0.10633167434102692,0.11321836579755482
10577622,0.10579930230107534,0.1060543466816373,0.106046544439047,0.10597454118867901,0.1059038979491048,0.14317236969559968,0.10978379812398086,0.1067564925864796,0.11050870703439637
10577723,0.1041374273543011,0.10438870449407972,0.10438064784813479,0.11051190273021268,0.10424058984046905,0.14815488265079554,0.10928552368757825,0.10507675403162763,0.10982356736280124
10578130,0.11083140880182112,0.10752768496976488,0.1073783289777914,0.10681179112514326,0.10734881858464762,0.12967207639212272,0.11015192380476513,0.10759523380913971,0.11268273353480412
10578295,0.10754181480978292,0.10780174670901417,0.1077928681183222,0.10772021535520626,0.1076487888271614,0.1301411471320005,0.1124566447985614,0.10851427595752458,0.11038249829242658
10579132,0.10393957405398502,0.10419033192498837,0.10418200565647098,0.10411176350119072,0.10404220059585106,0.14534589405011594,0.12287935311505549,0.1048815230040045,0.10642735409833788
10579372,0.10523031622841898,0.10548443943308242,0.10547603669064115,0.1054048379170035,0.10533481822454996,0.14971895014185785,0.10775228571248371,0.10617700771520083,0.10942130793676158
10579452,0.10362006727665021,0.10387028875042065,0.10586615310807104,0.10493370251420459,0.10372317223216704,0.16136173669411702,0.10670685971372602,0.1045542044312035,0.10536381527943997
10579754,0.10323812926849218,0.10348718093452708,0.1054822792596433,0.10455119527439947,0.10334067544874187,0.16076726919864526,0.1063211652640294,0.10416878775314642,0.10864331759837506
10580098,0.10385139200197378,0.10410223590338744,0.10409372422745053,0.10402360001147468,0.1039544460365317,0.1617203416337903,0.10775435471857005,0.10478744200432068,0.10571246346250088
10580150,0.10523923724546508,0.10549324408172572,0.10571690697892365,0.10612232708760541,0.10534381415342517,0.1486513152039969,0.10807081046015536,0.10618510274830789,0.10917724204039475
10580642,0.10327095181177194,0.10352022049793455,0.10351161140896538,0.10344200670062582,0.10337306723348925,0.14440205815833973,0.10530689541518096,0.10419762826080677,0.12897556051288553
10580740,0.10692658615902462,0.10693353753813947,0.10692375500110332,0.10685230424055064,0.10678137477938122,0.12348141726315968,0.1246297616962748,0.10764407008483923,0.10982719323752699
10580745,0.10626459316731422,0.10652090553211072,0.106513484772273,0.10644090940825944,0.1063700009428834,0.1316198675438993,0.11829823680429352,0.10723851343002494,0.11073348839894154
10580771,0.10537433320660139,0.10562909968251993,0.10561965250609634,0.10554904406047816,0.10547871211180823,0.14004564846642628,0.10667234448245602,0.10632994053105546,0.11930122495255818
10580995,0.10517124566332026,0.10542519129432672,0.10541672480892894,0.10534567423503632,0.10527548581100214,0.1312690324494502,0.11026289053614348,0.10612216928902558,0.12571158591276627
10581310,0.10528235603031005,0.10553712130574228,0.1055277707078236,0.1054571181074819,0.10538734021452861,0.14438141291480053,0.10780425333314028,0.10622216659849665,0.11440046078767604
10581368,0.10469166702825317,0.10542615596957339,0.1062557691942606,0.10891740897517205,0.10847119242253525,0.14111022145673857,0.10806032740994238,0.10563463520156603,0.1114326223419585
10582173,0.1048635286734082,0.10511620975122325,0.1051097681431804,0.10503755510864825,0.10536565971134712,0.14189624662859568,0.1083190586334482,0.10581521799244561,0.1184767553577033
10582418,0.1090429289181794,0.10513716369692586,0.10513035938848103,0.1050583616074049,0.1055858939892894,0.1393428215610528,0.10892793813010525,0.10583390996021708,0.11594062274834427
10583009,0.10434695338545089,0.10459866771891763,0.10459090434575449,0.10451991621397674,0.10445043999112703,0.15644186306829222,0.10808995464273816,0.10528722428870332,0.10767407634503956
10583434,0.10569924815296888,0.10595520843003167,0.10603564693842946,0.12039113851276628,0.10610972511100814,0.12377966689399977,0.10782855030315205,0.10664322330300133,0.11755759235464242
10583521,0.10441079345512172,0.10466289074060732,0.10465425246246435,0.10458375874682863,0.10451417832037009,0.12103860715574087,0.1369046225209727,0.10535264540083494,0.1138782511970594
10584210,0.10474690681987378,0.10499893110395096,0.10499303450719341,0.10492066554399831,0.1048505929009151,0.13759296647225547,0.10983008758662358,0.10570570799565228,0.12236110706953708
10584222,0.10226581050283941,0.10251298745914378,0.10250530696754442,0.10243571416461714,0.10236803612534429,0.14308569759928733,0.12627168777116216,0.1031908200613515,0.11536393934871003
10584314,0.10431908481355659,0.10457090404024552,0.10456287448485029,0.10449206831471809,0.10442243468951949,0.13039439686920765,0.10901508893472509,0.10527610737377743,0.13294704047939984
10584430,0.10699211579540328,0.10322180067672213,0.10321294578040041,0.10314352293575607,0.1030758128766306,0.13571478308127027,0.12604177352010448,0.10390041412273862,0.1146968312109741
10584519,0.10806315931334777,0.10832484247726609,0.10831426862571734,0.10824238592360969,0.10817044951382296,0.1275285913024729,0.11205647456104002,0.10903890887698489,0.11026091940573829
10584820,0.10567216295672462,0.10592760741850787,0.10591877169943417,0.10584746182167823,0.10577718741076607,0.1442907191921953,0.1106947209927601,0.10663253893082365,0.10923882957710998
10585136,0.10590489677792542,0.10616119502704305,0.10624275363604338,0.11424755257511908,0.1063154515460803,0.135409618536723,0.10804772751845396,0.10820531396002525,0.1094654904225866
10586849,0.1079011223199553,0.10816214017440645,0.10815228245817264,0.10808003182076727,0.1080083069037511,0.12743030389769233,0.10896143520163025,0.10887005968277708,0.1144343175408476
10587734,0.10636578675499542,0.10637952474255041,0.1063708634531169,0.10629920384269574,0.10622841428634364,0.11509348109140563,0.13685653971028125,0.10707552092386824,0.10933066519474283
10587840,0.10503814739414055,0.10529165575509442,0.10619856866921264,0.10533929953873905,0.10514252786504616,0.14189116211533445,0.11578018769377839,0.10598154080390705,0.10933691016474728
10588529,0.10557764158699426,0.10335986390911112,0.10335195441881222,0.10328190190127091,0.10321348803807454,0.11538223437295318,0.1397387003904539,0.10404265200903447,0.1220515633732954
10588664,0.1049254178930535,0.102755119411055,0.10274656898671748,0.1026775222984485,0.10260938842221448,0.12189282559127763,0.13192077516415995,0.1034339661987604,0.127038416034313
10588792,0.1020861603263872,0.10084923179027896,0.1052140998865253,0.10077266740855967,0.10070603471392695,0.12163161139493522,0.1363420389484623,0.10150863256454276,0.13088952296638162
10589349,0.10518339325173989,0.10543759593288955,0.10590348406881284,0.10535824116364706,0.10528843899991247,0.1250743104628278,0.11003546437499592,0.10613941116705819,0.1315796605781163
10589410,0.10372031552462886,0.10294026373802675,0.10315890219237751,0.10398045269539427,0.10279430847123154,0.14191233054879776,0.10395116270094971,0.10362055399651043,0.1339217101320831
10589411,0.10508681673427367,0.10509456264490627,0.1050860196804152,0.1050151543571074,0.1049456510975938,0.14097374068252144,0.11116356638358564,0.10577723475577845,0.11685725366381819
10589472,0.10627671920074622,0.10547184306757941,0.10497279390105885,0.10490128329078811,0.10573411652230227,0.12108161650289219,0.12383164044279638,0.10677654007753565,0.12095344699430088
10589485,0.10802355414525175,0.10455012276104347,0.10477251130992923,0.10517365537849878,0.10440142241925823,0.1349495756564512,0.10690160342478289,0.10523219645307985,0.12599535845170462
10589763,0.10618423201458416,0.11163637844048042,0.10652352292956968,0.11677755133967235,0.10629016452727263,0.12568060618881702,0.10834074720092643,0.10978537450213938,0.10878142285653791
10590733,0.10442571060916411,0.10467795450570735,0.10566291519808767,0.13000224669279734,0.10484242246751707,0.12345846770575597,0.1060107340948711,0.1053758029332047,0.1155437457928947
10592587,0.13269637886187324,0.10488006956744528,0.10486938323925783,0.10480000232186498,0.10532639198172503,0.12167981953810142,0.1086518365530291,0.10556132177635513,0.11153479616034809
10592944,0.10385976406488384,0.10488081871915307,0.10786414343993912,0.10415639746847381,0.1039628046317179,0.1556425187808077,0.10695055602446807,0.10480130679980179,0.10788169007075463
10595034,0.10558386659495722,0.10583939074509197,0.10583129197941904,0.10575957300134065,0.1087358060680522,0.13395173548024006,0.11012789615496386,0.10653643866066762,0.11763400131526738
10596119,0.10741485685880228,0.10767468234931177,0.10766618715185394,0.1075935132766625,0.10752240292499399,0.12798654665208625,0.11328974707873608,0.10837644680207421,0.11247561690547897
10599481,0.10422679394714471,0.10447845673946213,0.10447029287964332,0.10439968251029841,0.10433033091871573,0.16230508517631181,0.10524729156652077,0.10516456587700285,0.10537750038490029
10599552,0.10418026904819871,0.10418436057709324,0.10634504370589887,0.10410508443644706,0.10403625549324591,0.12426714989929326,0.1087440894159942,0.10486471961127528,0.13927302781255346
10599609,0.10404400830088795,0.1045734195073141,0.10537465107087875,0.10397505608983793,0.10390660624871875,0.1207732689791039,0.1173607796737264,0.10473466814607618,0.13525754198345605
10599643,0.10422679394714471,0.10447845673946213,0.10447029287964332,0.10439968251029841,0.10433033091871573,0.16230508517631181,0.10524729156652077,0.10516456587700285,0.10537750038490029
10599718,0.10446679653512442,0.10447693223785856,0.1046152946547195,0.10439829307735918,0.10432919534749524,0.12770536856256687,0.10736645257735952,0.10516398565180046,0.13747768135571622
10599755,0.10298724094287637,0.10323607570988225,0.10337488490538775,0.10315837241046927,0.10309009335916075,0.16037813681047974,0.10393190827163191,0.10391793749465159,0.11592535009546046
10599776,0.10386568248534417,0.10411637553883657,0.10543899037654904,0.10403841464251942,0.10396953412255572,0.13841921725309886,0.10481784791298862,0.1047972018292617,0.1305367358388459
10599823,0.10308937012525579,0.10333875301883405,0.10332951945980634,0.10326044528609551,0.10319183100166843,0.160532376847249,0.10516306868377567,0.10401822632775196,0.11407640924956326
10599926,0.10412158376040828,0.10437361679365291,0.10436393022317886,0.10429437614592844,0.10422505669134158,0.14100924065060513,0.10769167739899999,0.10506395902257798,0.12485655931330682
