track_id,Clutter,Cormorants,Pigeons,Ducks,Geese,Gulls,Birds of Prey,Waders,Songbirds
6868504,0.016434660931642007,0.018844088460302607,0.15019778996838995,0.06975261250455553,0.37470222210260334,0.05026136423411722,0.0012820590743741007,0.2997597195964894,0.018765483127525906
6868536,0.018664200934402707,0.06177845482507193,0.16761849326013598,0.05172598857088622,0.2273561228527006,0.09991830580536014,0.0021693635951017007,0.31322436931071107,0.05754470084562983
6868565,0.007918411138523304,0.02379612881995821,0.15000550838531884,0.033300913817676116,0.43276878620464726,0.03438692465376581,0.0009379353893170004,0.3010485809382099,0.01583681065258361
6868861,0.00016773713661030003,0.025207711967881706,0.12627110148318502,0.003370473497900201,0.5512259796874807,0.0018288353373389005,5.3651719768380096e-05,0.29138806648634114,0.0004864426834936001
6869275,9.026908614339015e-05,0.031002500122418508,0.12067728193208582,0.005160526050939301,0.5424852084854541,0.003110156798382201,7.016662830798102e-05,0.29644445560571375,0.0009594352905549003
6871418,0.002327556004105601,0.06135448191402562,0.2504452359813334,0.07470413420943903,0.10804181844418544,0.12887547517793516,0.0031960430990283007,0.3360932915582012,0.03496196361174631
6872996,0.19795509389558677,0.002324306436332501,0.11337289547614415,0.0020014176281552007,0.02190189212708711,0.28929271170640053,0.036269838299063814,0.2803298365370092,0.05655200789422063
6873817,0.008452319854968804,0.01991299057124691,0.11157453695919936,0.015158950011550907,0.17041439969001568,0.2815597894644991,0.0031553139709677015,0.31648772292366845,0.07328397655388313
6874023,0.0003666253335925001,0.011108859972078904,0.12351551505168534,0.002750176464269301,0.004514486598176302,0.5494293913125747,0.002579895760635401,0.2977291329287064,0.008005916578281204
6875504,0.0004971257410836003,0.013441519690010005,0.11333804387448736,0.0015934653416246006,0.0024901067186744014,0.4315968643348307,0.031438319499808416,0.2814530424285873,0.12415151237089356
6875899,0.0011028750992041004,0.006414741062532002,0.11181770703654845,0.0034293019416155013,0.006889811200849603,0.4230291826408967,0.10434438481210474,0.2840948816491322,0.05887711455711672
6877293,0.0039011823484965008,0.004995124270365901,0.12808187974663904,0.007851620096595801,0.0027735912182422005,0.018040015059886203,0.0034278536828940007,0.2989855916303177,0.5319431419465626
6880408,0.0021562191355816002,0.020636576952983904,0.11489031964210052,0.010294394186230401,0.008324975713871901,0.41509264995918177,0.024717946835628203,0.2924730107886235,0.11141390678579821
6880690,0.0005391471796973002,0.007963923401532604,0.14333370634111237,0.0046317854034608015,0.0021979222072389007,0.359331329668846,0.011184290983615203,0.2898915309535084,0.18092636386098845
6880833,0.0009274713438047006,0.0007958432892496005,0.12120245630094477,0.0007855553559015004,0.0006727825059058003,0.02099117210631611,0.13365581595861567,0.28413380503366664,0.43683509810559523
6880956,0.00018379626891740005,0.005889353552709602,0.11151047946265633,0.0013228929473020003,0.003297570180226701,0.5899807196580623,0.005577355998248201,0.27854288280279454,0.003694949129082901
6881733,0.0004610227808827003,0.00027107589192940015,0.11105493093789896,0.00018670542950220014,0.00029299511707130024,0.020216877458138313,0.5844980292541161,0.27884112975771747,0.004177233372743602
6885154,0.019154299227421907,0.0057143766543917025,0.11881454148295185,0.006289781393112303,0.006171896354943102,0.4243187136858055,0.02555144740887061,0.2919163130797074,0.10206863071279554
6887294,0.0010853370377557003,0.003798812396336701,0.12091422802709482,0.0006498102162002001,0.0024589571469180002,0.20212551442193896,0.0043637560956094005,0.29517250028942515,0.36943108436872096
6887586,0.005010372714781801,0.0013383097115323005,0.12979659152204376,0.004448937829619302,0.002006064963936701,0.19952111311189547,0.007069607602691102,0.2970793105894802,0.3537296919540193
6887600,0.0012200794843178003,0.0010659142536688002,0.14731295862427551,0.0009644236527837002,0.0004083788168291001,0.029997654016014407,0.002950507900596501,0.2831678593662806,0.5329122238852335
6887637,0.006051473908926901,0.03873373549086741,0.13478734813686663,0.027100234463688602,0.041345189345072204,0.18142580470189992,0.012403558390000301,0.29365717278415554,0.26449548277852253
6887702,0.015237076364996304,0.0010685058893818004,0.13345887039225376,0.0014287600187650005,0.0009069010083768003,0.04770135377463772,0.05317535252378902,0.28553499330073784,0.46148818672706177
6888243,0.0016146237707575007,0.02009629646182081,0.14063580699841927,0.0029462329602008013,0.008777858859459404,0.10251615058879894,0.006693800501918903,0.28074214651225,0.43597708334637436
6888737,0.0010512046197539001,0.018267753590770704,0.16933234853533982,0.010149237920126201,0.008155157451673601,0.10005115683975013,0.0078034349006869015,0.28882301327273685,0.3963666928691618
6889024,0.0073290489231285045,0.0006151247414039003,0.12870518763864988,0.001433420220909301,0.0005506306018090003,0.024919489366033915,0.13647950474677498,0.27967204074515767,0.4202955530161329
6890285,0.0027766741248327013,0.02161184140856471,0.11626842495029796,0.0033166794171660013,0.002057084178573501,0.260261576262711,0.251087447564515,0.2829455325042191,0.059674739589120125
6890416,0.0035341877867463008,0.019465628861573502,0.13815706634189492,0.003415060149988301,0.0037546933040384007,0.16675534028489442,0.04375374663665161,0.29142608932334707,0.32973818731086546
6890579,0.0012080128809228003,0.0005935907468805001,0.13966605604659652,0.0012124455927577003,0.00036566502055800006,0.022018373155530103,0.051301902683681816,0.27864073206056356,0.5049932218125089
6890917,0.003840301684181302,0.001720678965793501,0.12607010036585245,0.0015588607071285007,0.0008050580640567004,0.04431795792908172,0.37075790861339497,0.2837029368145564,0.16722619685595438
6891091,0.005026888418043903,0.0031101977245898012,0.17152824910918518,0.02100353037855291,0.010590205977710106,0.055762879628390126,0.004312435115310402,0.2970803719723607,0.43158524167585677
6891208,0.0005297076090965003,0.0005372874824257002,0.14530650351328195,0.0002567212922325001,0.0002704281873349001,0.023045376782639907,0.03298918877467341,0.2737852539263439,0.5232795324319713
6891245,0.001754561189461001,0.002148983356834701,0.12552639109648417,0.0012540491702019007,0.0011793765113603004,0.09237450702983524,0.14534922681902407,0.27723588536132804,0.3531770194654706
6891309,0.00037634351595970016,0.0015707259855864007,0.11785635729764045,0.0006988454791515003,0.0005892050900149002,0.03324273956555211,0.04289636202385872,0.2821872423486675,0.5205821786935687
6891366,0.005346426682008501,0.0005380303604922002,0.11949710216935304,0.0003979315700600001,0.0003958511701788001,0.014906424131275206,0.11984396729621544,0.2798482744103088,0.45922599221010807
6891473,0.0037621467825272024,0.002565433077169202,0.1389325254073153,0.0032882794271418023,0.0023009066481421018,0.16491489345175162,0.013750887948136508,0.28930237437710227,0.38118255288071407
6891484,0.00022519438412010008,0.00018792756879170005,0.12166895484336875,0.00012818007974460007,9.46313060206962e-05,0.0028475036237851008,0.007046597888145403,0.291972935293058,0.5758280750129657
6891531,0.002113111226471601,0.0037202686874985014,0.12165156476093875,0.0021424133118473007,0.0011819600286801005,0.10981233428346834,0.20742284408245126,0.2786802038774815,0.2732752997411627
6891557,0.0010745262422071004,0.002004267846263901,0.15568739433415496,0.0008369713157675003,0.0004293748656812002,0.013996040958753408,0.007911956237584403,0.2890296951786004,0.5290297730209871
6891579,0.0011287298661481005,0.0017967016394736007,0.14075941621019167,0.0014852727189414005,0.0012707317938950005,0.036475204653858416,0.11225164616645485,0.2781538848371552,0.42667841211388186
6891867,0.008979051258306303,0.0012600438999248007,0.11808137412559895,0.0022303553259028007,0.0008724154263321005,0.04547910088718402,0.4670587570725131,0.2828871689848544,0.07315173301938363
6891888,0.005722342071471102,0.0007306522646722002,0.11624620866768744,0.004018491522204502,0.0007094725901243002,0.019221852049080307,0.013892288928931105,0.3064585461548549,0.5330001457509742
6892297,0.004799500517985801,0.0003462529006285001,0.11145762965375963,0.0004873875934756001,0.00029532557561200005,0.015071360264109903,0.34935484846964937,0.27968324335777617,0.23850445166700296
6892562,0.0023290232990885004,0.0016562232329637005,0.13053182428510263,0.0018364516055737004,0.0008305708323203002,0.026492110556381107,0.35317663719069564,0.28227952988400523,0.20086762911386916
6892587,0.0026419145201179006,0.0006950500264346001,0.11963635244559742,0.0009869632479321002,0.0005933444222479002,0.07696340146982152,0.25844816723037295,0.28655197153949374,0.25348283509798186
6894293,0.0015309310392849006,0.291177421413493,0.12666792394069895,0.020122214135565912,0.13048161876487047,0.09445874404359295,0.0015793810329265006,0.31413331567146285,0.01984844995810451
6895609,0.0009602970392672004,0.0032365680300886013,0.1677650377635733,0.011639251433500105,0.001785961405896201,0.02107728978964031,0.0038462528163161016,0.3042721163832626,0.4854172253384556
6895723,0.0012829113018237002,0.0008435559420122002,0.11641367439458933,0.0005769639554057001,0.0009208360588263002,0.51046910016951,0.05536480734808651,0.28767384666504286,0.02645430416470341
6895905,0.0005399261219343003,0.0013188769928301005,0.13060305113631265,0.0005753377034920002,0.0011190781889191003,0.40775503339482316,0.11100829575098546,0.2859489215106188,0.06113147920008443
6895906,0.0009255936685506002,0.0010380052260818002,0.14152683791971882,0.0005601995893750001,0.0008977546177598002,0.4381905786641446,0.055903370626375716,0.286501152082854,0.07445650760513951
6895927,0.0021502103861624003,0.0027286516387913006,0.12254728776703153,0.0017394924275680004,0.0027733094701432003,0.4135194162476295,0.09968818233230323,0.29220418440380674,0.06264926532656412
6895938,0.0005279592650348002,0.002060094520395401,0.13026483295221897,0.0005363863610265002,0.0016285804836429006,0.4006231406281577,0.12012716213938676,0.28258296266571253,0.06164888098442453
6895939,0.0008047291426171002,0.0019600082434067002,0.12593236572267452,0.0006500521258801001,0.0018307750639691004,0.5002996894448452,0.028467614016648508,0.28177130907991704,0.05828345716004171
6895948,0.0007009930959586001,0.0019058332956854004,0.12039131721429742,0.0005709530530279001,0.0020394451475195005,0.426277449319414,0.07057712237939681,0.28515351855540444,0.09238336793929582
6895973,0.0010842654790702004,0.0010317362800853003,0.13314215422598166,0.0008042826242359002,0.0009681563494074003,0.41588327912413003,0.06782215441874342,0.2912232359861996,0.08804073551214653
6895974,0.0006833318507928001,0.0008779260940293002,0.12755269359253651,0.0006100301013148001,0.0010304417011317002,0.4035052730254076,0.10801849464998743,0.27933704130601544,0.07838476767878431
6896754,0.0014472804274528006,0.0015564086722832007,0.11775695501019776,0.0007177521660817004,0.0007184846161618003,0.14278679786626394,0.07066502055319412,0.2826071869840633,0.38174411370430145
6897915,0.0022480069942363004,0.04039177535139701,0.16654942342001072,0.021377493634934602,0.02610056036327661,0.23795479951690016,0.016380502499566102,0.34129386242203247,0.14770357579764604
6897964,0.018962488032633402,0.017961544756371704,0.15044701418853182,0.012723571817765702,0.12231362841218402,0.11625395929604071,0.009779385524817401,0.30694620513884113,0.24461220283281404
6899282,0.0010909408848234002,0.0005492858780936002,0.11258023166317442,0.00027748470270290003,0.00023415246142210005,0.037099192091044404,0.32129891081304585,0.28706157849636293,0.23980822300933036
6899294,0.006147159791871303,0.0010764521468420005,0.12097959284664896,0.0026127654417008013,0.0007901038521645003,0.02580732326911431,0.21220018887434808,0.2805838742727917,0.34980253950451834
6899376,0.0018421745787472006,0.0038291580979153013,0.12507915839267186,0.0013131574583123003,0.0012827937693185004,0.027727401182255612,0.14248083146536517,0.2863248230228308,0.4101205020325833
6899506,0.0021316066511597002,0.0024768653630723005,0.11695870459615852,0.0005298051426364001,0.0007153203842097001,0.32442967940495804,0.15183611301337474,0.28478393261005264,0.11613797283437793
6899530,0.0032485524371880007,0.0005178289605262002,0.12262444475418732,0.005049755280415101,0.0003799346943170001,0.042902708659971506,0.0014862320511800004,0.30317089220746574,0.520619650954749
6899560,0.007360159608987603,0.002143473827606701,0.11351188188684866,0.004235992387777902,0.0009699866908696004,0.14126833210837286,0.02340017847510811,0.3017940774528021,0.4053159175616264
6899670,0.0017263161330936005,0.00025099269720510003,0.10095147308131003,0.00018564245231840004,0.00029318083678740004,0.06722563317085412,0.007363768426471602,0.30119240587984086,0.5208105873221188
6899695,0.0004399508595332002,0.0002018684050993001,0.10770283839388065,0.00016106636544200009,0.0002935981352212001,0.020255377931828012,0.0014131902462161006,0.3000225949156724,0.5695095147471071
6899730,0.0021535703144319007,0.0014791999056071006,0.12456281953371445,0.0015802632095532007,0.0011102386239530005,0.11990614823608656,0.04224635982707532,0.2860475321297179,0.42091386821986054
6899754,0.0058102657424615005,0.0012264502207980001,0.12569853741929024,0.005464759769457201,0.0011021993137853001,0.045966380193169405,0.0012468474627457002,0.30347670375045843,0.5100078561278342
6901206,0.0011894392012140001,0.010765229547441602,0.13560047115153553,0.0031861259766546002,0.0038446854379241002,0.20822736335097833,0.13385365338140073,0.29189598259696875,0.21143704935588242
6902131,0.0004071427946232002,0.0028696869848068014,0.10731936840049135,0.0011000667546369005,0.002144142836063001,0.4865904173066738,0.11277923239859165,0.2806278203093327,0.006162122214780603
6902271,0.0025449541688547014,0.02264866650668941,0.14032131616232965,0.005968767967904402,0.02346919218030931,0.20825069102761248,0.003088771949469101,0.3069543342658294,0.2867533057710015
6904326,0.008296300947150304,0.0002120942256640001,0.10654025920054404,0.00034424983953730017,0.00011444618809580005,0.006800748153013503,0.005904145829886903,0.2970823838367359,0.5747053717793722
6908023,0.0007871944203424003,0.011999324506644905,0.12655230426075606,0.06907766730349103,0.013337230808606606,0.4579538764991849,0.0033997751619344015,0.30639371664280673,0.010498910396233005
6908625,0.0008286474242842003,0.002268773690481301,0.11577242912594375,0.0010848535154581005,0.0010060735096439003,0.15393391544185775,0.3279040164543365,0.2789567342271411,0.11824455661085345
6909657,0.0009502702143400004,0.0005356234284258002,0.10564567856872464,0.0004457043062783002,0.00017574415605030007,0.011414951009620105,0.12434415628188576,0.2906392909076872,0.4658485811269879
6909786,0.003494702610940502,0.00043657179511510024,0.11150006615697966,0.0009424586982171005,0.00023827895107260015,0.026301248528720914,0.021849043403591912,0.29702497691149227,0.53821265294387
6909952,0.002150502844122801,0.0009767741290118005,0.11366203211692226,0.0009430559006458004,0.0005518602965795003,0.015639149175384108,0.11406148398653035,0.2832421740811278,0.4687729674696756
6910003,0.0017282713645908009,0.0002369070967476001,0.11906861433871095,0.00034870688121220017,0.00015280604973970008,0.007075081617719003,0.04666039593121652,0.2842749400540147,0.5404542766660485
6910407,5.176206057085272e-05,0.0006803642114692001,0.11486012183897423,0.00017957587526620003,0.0003027664713496001,0.5928726273130376,0.0011236935316420002,0.28852459227453137,0.0014044964231589002
6910422,0.005984240554572501,0.0006609775234052001,0.11928455021558311,0.0011701814683048003,0.0003840511515186001,0.03587923647998121,0.30720631021435146,0.28718639560983056,0.24224405678245262
6910425,0.0040139887110766026,0.00019076402490430014,0.10415641344762827,0.00022995366359540017,8.421671336123454e-05,0.0047400563022707036,0.023157798954907514,0.291454788971537,0.571972019210719
6910560,0.0031954762523259015,0.0010593006890848007,0.12813293401456569,0.022848406248770214,0.0012402296922161007,0.03525259361549582,0.006663373200885504,0.32253119974088446,0.47907648654577156
6910590,0.0028743026859878004,0.00022032347298900004,0.11196542942779923,0.0004114679007013001,0.00011943790089220002,0.004950829160332001,0.04820574199681441,0.28522509382047045,0.5460273736340135
6912744,0.00014159305099550003,0.0020734505125771002,0.10025002657102662,0.00036149114877860003,0.0012409281715457003,0.5912834775497122,0.0025822894860178004,0.29880049232960626,0.003266251179740101
6919118,0.002239659155993301,0.005541612610842002,0.12760669919955775,0.004083109418688202,0.0033788879610017015,0.3477296827499632,0.13109227820361097,0.2786165967030579,0.09971147399728494
6920152,0.0018318050379490004,0.007659163604377202,0.13934495084679893,0.0041703358948222006,0.003033549572690301,0.28832441293955896,0.15340109205815614,0.28961457010224007,0.11262011994340712
6925791,0.0006718582487847003,0.0054419427750308025,0.12408663393071875,0.0011523980165055005,0.0010453785064778005,0.506012257725496,0.04484388893015762,0.2842159008684828,0.032529740998346116
6926246,0.0031228725992937007,0.0008761004605125002,0.11536378529373073,0.00030613189839270004,0.00032353235855120003,0.5291722173804954,0.050544534604244115,0.27788650392427333,0.022404321480506303
6928841,0.007952283404456003,0.010703349136399705,0.2096605196221082,0.18616900893022728,0.012321958051604505,0.12784349733467706,0.004897267126453902,0.38679746355243494,0.05365465284163852
6928933,0.0007356066394980003,0.012737272966622805,0.11551249105805655,0.0008827805246594005,0.0018397241676193009,0.5555145252567391,0.017475931635754706,0.2885055273382377,0.006796140412812402
6937241,0.003980556692130902,0.0009821202570945004,0.12620756582876927,0.0014362572433772006,0.00024596559913680013,0.015600305516593208,0.004608074145464502,0.3071854093402759,0.5397537453771577
6938426,7.490831391342369e-05,0.0003875346668932,0.0993670320726958,0.0001632316268528,0.000208387793003,0.5990697400241248,0.0131087489132306,0.2862915415675555,0.0013288750217308
6938530,0.00013233638765760002,0.0008941310957564003,0.10182282836718402,0.00019066616818730006,0.00018597243968590006,0.5881436742585117,0.017712542789542905,0.2890146226585836,0.0019032258348906004
6938682,0.0003527704014608002,0.0005315089733955003,0.11227101408061235,0.00040578005347960015,0.0002404162870136001,0.03510622066699611,0.5321769436526785,0.2833279020606854,0.035587443823678115
6939166,4.3451506517727786e-05,0.00023383722257110012,0.09815542282607854,0.00010536368743230004,9.621150534573874e-05,0.6052530137199683,0.010451294709243004,0.2844312573699713,0.0012301474528719006
6939222,0.00038652409429090014,0.0004077422300684001,0.10789531279593313,0.00025758393397950005,0.00019008885739970005,0.033073229523674606,0.5650155445322393,0.28466999096918355,0.008103983063230902
6944591,0.013581275385010706,0.005584694093030802,0.12258141829743434,0.0012432131268673005,0.0011033529044429005,0.23699578845007227,0.2656975280800037,0.2847730376928921,0.06843969197024592
6947293,0.00024459650879330005,0.0036782163483465007,0.11340895196364013,0.0004690789443248001,0.0007914277054541002,0.5566249415096439,0.0062903730710861016,0.29758954485940164,0.020902869089309405
6952804,0.0020014952873383014,0.0074889395832446045,0.1807228442702195,0.0023542302803737014,0.004934815018693203,0.32646944599415895,0.02150167163541001,0.30854994196211755,0.14597661596844427
6975207,0.00012684170404950003,0.0012516051207751002,0.11890781456303873,0.00026872035617470005,0.00026265033094470004,0.5743225352161814,0.0020665793187744004,0.29853153517097,0.004261718219091301
6975472,0.00010379343815300003,0.0015670546806185006,0.12309727727974115,0.0001967413017189001,0.00025168658788450013,0.5756732019026134,0.0027604414932452014,0.2915220280626279,0.0048277752533974014
6975490,5.9979532247316624e-05,0.00031636377786900007,0.10823555380260923,5.556672405990817e-05,0.00011849414885820003,0.5832735807126321,0.0005645457999737001,0.30382203449516787,0.0035538810065825007
6976427,4.333462260026806e-05,0.00017456267933460003,0.09774014825189663,4.19830831136728e-05,6.979707865114584e-05,0.5875443048597119,0.0018129842601869004,0.30751833012747776,0.005054555037027101
10551287,0.0009753666762948003,0.004103148581226402,0.11699180627563224,0.005792304200741002,0.004054430563184802,0.5385999728129299,0.021026961126843206,0.2873111349690288,0.021144874794118907
10554874,0.32256892328919023,0.011357074105004401,0.12384865589499863,0.003429495676811801,0.009035705102579202,0.11227379515517563,0.08776923876258862,0.27633883251210056,0.053378279501550815
10555071,0.0017221541173320005,0.005567504007868801,0.12992800999076404,0.0015227135877734005,0.0009216218449021002,0.33728485942271763,0.030387804225479906,0.27839977238773617,0.21426556041542605
10555459,0.0029872530767869007,0.04164317687437631,0.13643477825976597,0.014499063110980905,0.012763434910901303,0.3148998202900507,0.016524440094415907,0.3415408686374177,0.11870716474530434
10555968,0.03874329907357341,0.02027327990599931,0.11271714922900364,0.20451990402549655,0.03113690208299041,0.11151963388987744,0.0027030885148027007,0.3077365513003576,0.17065019197789896
10556692,0.006783757252571003,0.003351189492580501,0.12239639802242866,0.009393848725629504,0.0011354896092589004,0.14649930596354435,0.01960073102085861,0.2885085265972601,0.40233075331586826
10557065,0.00016325498229500005,0.006493838494392802,0.10191233245575053,0.0007560210614977002,0.0010520111797647004,0.5895474360589723,0.003292802063665401,0.2888092824051668,0.007973021298494804
10557235,0.0011655160971997004,0.014001616497433507,0.12618082842535916,0.03261475462653821,0.0065031332556688025,0.49093656376590483,0.0035360205182439017,0.3041959630131778,0.02086560380047421
10557310,0.0014007581482879002,0.014550768031676204,0.11858298018072563,0.008061344351833501,0.014771956064146604,0.18635294336744163,0.0018229703707092005,0.28465536752720083,0.36980091195797843
10557603,0.0008976248299203002,0.010153026149493701,0.11086579063331813,0.0027516184061822002,0.0018530060070605003,0.4323144853845997,0.018167062755349902,0.28685867084847594,0.13613871498559954
10557649,0.0006062284683000001,0.006802297632165102,0.14912000583783852,0.003464246057463801,0.003383722064831101,0.5052558238942555,0.006336762631752802,0.29093517776941274,0.03409573564398051
10559369,0.0008974322738535005,0.004519575674088703,0.11571581411842197,0.0006260008125494003,0.0006438559581483003,0.5402810705849654,0.005791308780183304,0.2780266223756644,0.05349831942212513
10559516,0.0014286537054307002,0.009993003390236002,0.10260563752531603,0.003592979350342601,0.005057793077800601,0.4962943061169921,0.019827623008659503,0.29396336584725813,0.06723663797796421
10559765,0.0008791324408154004,0.023885589788473806,0.10361743030260342,0.002634185474129401,0.0016861765280953007,0.49380838473779415,0.01970396519709971,0.2883246597208957,0.06546047581009312
10559904,0.002246073028966201,0.009802363600938205,0.11042213541451436,0.0030744515236223015,0.0020230133278548008,0.43905592177351643,0.028350800640500214,0.2923916478323582,0.11263359285772916
10561136,0.0019518708955040005,0.008728825775874301,0.12442729295920572,0.0017500292297600005,0.0015271956826649004,0.449720211830767,0.0039439977426717005,0.28147348275560546,0.12647709312794683
10561583,0.006752825831326503,0.0037668178286533014,0.10415073013039963,0.0015680266783819005,0.0011824587087048005,0.43323075982426146,0.07817810865562982,0.2984820850401244,0.07268818730251823
10561870,0.0004421626381528002,0.004091283931092602,0.10338372735791504,0.0008259797133533003,0.0009702604206198004,0.47335651309819954,0.10485853286991303,0.29218049109147,0.01989104887928401
10562711,0.003617860008272802,0.030514693910265712,0.13965878897394135,0.051404441070743524,0.029412726795581913,0.2655475213331041,0.010145060343187105,0.2858071376946374,0.1838917698702661
10566953,0.0009970433260149004,0.006701123310134203,0.10634831932236334,0.0029243222881150015,0.003179081132435001,0.4035249694086532,0.17560329564316407,0.2887168529451462,0.012004992623974106
10567563,0.013637889147168404,0.03625887167343531,0.11712030810861386,0.004137954086151402,0.019132392436197007,0.3939742595017013,0.023023575452968712,0.2833405147582794,0.10937423483548464
10568512,0.003879667817026502,0.0012147961001010004,0.11584351977178535,0.0018527489459542008,0.0010745429568762004,0.2232635659221012,0.3168044371709934,0.2787903284359909,0.05727639287917133
10569249,0.0006384702315934001,0.0009507131780476003,0.10400170600313922,0.0009070877372271002,0.0006257695788902001,0.4465218870393146,0.10254881306509613,0.29250056367489885,0.05130498949179282
10569900,0.0014333027191647002,0.17656988815835442,0.13454620498432102,0.041435446745709203,0.2680461997457196,0.06027940672618791,0.006383682164568301,0.27742525088227604,0.03388061787369891
10569996,0.0008933126103033005,0.0012457564025745006,0.11323840053374885,0.0016634294416427006,0.0005316589545380002,0.39990777304844327,0.18021006789647068,0.2794013950409669,0.02290820607131191
10570047,0.0004765219551976001,0.0027449290687139006,0.10821971332273883,0.0016056324656762004,0.0010000704041255002,0.5037624839453864,0.07628364047769451,0.29312327714575037,0.012783731214716704
10570186,0.002343579194038701,0.003908229842503102,0.10836878533429155,0.004521578973394202,0.0038741245757310016,0.4236309568172117,0.04358890407502772,0.2946204262922099,0.11514341489559216
10570190,0.00042088560682740014,0.001873844649764701,0.11318852624612845,0.0015400161066802007,0.0011329628077195004,0.3975132766368576,0.17829658292304057,0.29220359830280423,0.013830306720177406
10570281,0.0006892766976494004,0.001766692455093001,0.10905332853676415,0.0013110264101256007,0.0009668694369005006,0.4132786604376093,0.13692863526039808,0.2905092101296097,0.04549630063585033
10570444,0.14879034624548607,0.005992892222465602,0.12325640049668925,0.014248313178085205,0.005808346245808802,0.2541912602276027,0.014924529311070906,0.2954974404109435,0.13729047166184805
10570516,0.0019480531740178008,0.005284298160286702,0.10750615984126465,0.0018138782941428007,0.001973340065726401,0.45822755651647246,0.015280900433909604,0.2934785311196163,0.11448728239456334
10570563,0.005386689498967002,0.0012467401788131007,0.11271412707345635,0.0015792420769487007,0.0005823396712363002,0.3018975960976612,0.15989062243778837,0.2951537115185299,0.12154893144659906
10570908,0.0031613476597784013,0.0009576738565350004,0.09941461584607064,0.0027640597230415014,0.0014987835957824007,0.2929477789606699,0.2650786474313005,0.3002545760741318,0.033922516852689814
10570962,0.0027244401978803014,0.009501001264120304,0.12257914514872516,0.004674125294692302,0.0025386241291078014,0.33992223480625217,0.02000468021127891,0.32686859957648107,0.17118714937146198
10571126,0.016099516657704906,0.0025970301474991008,0.12400396640004124,0.0019037203423102006,0.0008464821561310003,0.2275029980164785,0.07889382408721703,0.2797153561249893,0.2684371060676287
10571129,0.05732664745335481,0.004710647757621601,0.11188099696505052,0.013023322748594203,0.0019949195794171006,0.44256347014996633,0.005164441020913001,0.29919795823390427,0.06413759609117811
10571130,0.010692804054820305,0.004271653678439602,0.11623804333913376,0.02308827556004671,0.003270195049727201,0.2652195333264198,0.0036115511027314017,0.2957848281738122,0.277823115714869
10571150,0.0035732490462298014,0.003988732143538602,0.10597565999228695,0.002081274468656201,0.0015789017699820004,0.47133461039340274,0.010716752877887304,0.2959426977000966,0.10480812160791984
10571157,0.02031854051119121,0.0012359629449882007,0.12175735156464866,0.002864964213698601,0.0007839403013574003,0.1621242639583255,0.32728705308593997,0.2754041681843677,0.08822375523548284
10571249,0.0013536200917401006,0.0009584474365461005,0.10099642394265984,0.0007174777292069004,0.0005286620830535002,0.42523093709715876,0.12074763584532835,0.2978661568853999,0.05160063888890642
10571563,0.0012461737300250007,0.06386762404863933,0.10904113583833784,0.003128603476856801,0.006560490807609203,0.40465013519114057,0.009576185571890604,0.2753648132034376,0.12656483813206315
10571600,0.0014606711306497007,0.003997268971763702,0.11757004692452476,0.0017736639729430009,0.0013561802828964005,0.5137594685315526,0.016583268664716107,0.2818753940435879,0.06162403747736573
10573894,0.0036948942533107016,0.0044034458326213015,0.10904660863881314,0.006411174928756602,0.0016779343945916006,0.4912305634443657,0.014126570221642806,0.3005932280643186,0.06881558022157953
10574347,0.008815766116953002,0.004782121025410201,0.11382503138341303,0.004537907516819601,0.0017184894774303005,0.4633839072760031,0.04775237465352632,0.29118092531544276,0.06400347723500172
10574370,0.014230603705474,0.0029784292446131,0.1088910094186564,0.0050669563025122,0.0016119100680864,0.356516671180735,0.0484161870896068,0.2973652977970041,0.1649229351933119
10574372,0.0033622952907681014,0.0017997851317522009,0.10948056568995916,0.0008160708313610003,0.0005547959378905003,0.3156810050398215,0.19263107695563747,0.2900750634052096,0.08559934171760054
10574408,0.005224364335867803,0.006275411364121003,0.11596292785908467,0.027854757550918315,0.004974436689431603,0.42370148667278423,0.0027890176106528017,0.2943961952869871,0.11882140263015258
10574430,0.0005313839350576002,0.0013344107081387007,0.10709458959253994,0.0014685911736070007,0.0004735409578334002,0.5137380551471923,0.007688134043262803,0.2949607783711801,0.07271051607118822
10574439,0.0060849091644114015,0.0019403913805481005,0.10318666153817183,0.003544278681100401,0.0009654705691149002,0.5008095282260505,0.018983079634353504,0.29778677820416466,0.06669890260208461
10574456,0.0028460717870610005,0.0021323762022093006,0.10808516174045063,0.0019741192403644006,0.0009886341710503002,0.36523740187774584,0.0055673708336505005,0.29198340281476165,0.22118546133270636
10576038,0.08081523422125564,0.0054219855824574024,0.10649889891137726,0.004325834501799002,0.006255126136456504,0.4290260555669207,0.012684058328546407,0.29587627815105105,0.059096528600136033
10576770,0.004473924512918003,0.0037095904277299023,0.11930741663607276,0.014678391064869208,0.0012409915066165006,0.4401300111987768,0.01886741910316931,0.29153960103442106,0.10605265451542646
10577118,0.0013605187217227007,0.0026718516509736012,0.09714178302492664,0.0014185065115273007,0.0010958354705921005,0.5618724543499457,0.02013801559024771,0.2887028754099961,0.02559815927006811
10577354,0.002236300161824201,0.0010634006074342005,0.10553127454812104,0.0006315942733861003,0.0005454498772330003,0.42341821937374424,0.10858044775931944,0.2896859175476334,0.06830739585130442
10577622,0.0005849095439199002,0.002303407276921501,0.09914144537046424,0.0017609552039457009,0.0008867184105882005,0.4709822593198421,0.08702259507925034,0.2885418352873955,0.04877587450767252
10577723,0.002118600924520501,0.001845499810443001,0.10428761900083725,0.0017159162118095008,0.0008944125502562004,0.4925558865130642,0.07546983077541462,0.2875565158121585,0.033555718401496216
10578130,0.09106976358228222,0.010602098586390801,0.12386518191838233,0.014839302796110404,0.009662410812509202,0.30506480198891306,0.024739154219679507,0.2868670279741429,0.13329025812158962
10578295,0.0017113327721984008,0.003923831109046802,0.11400515246398715,0.0059427198609581025,0.002243137634029801,0.3862792593712486,0.14260869331419776,0.281848026319442,0.06143784715489143
10579132,0.0004755126521287002,0.0019199428164628008,0.10766856477038154,0.0009623224045812004,0.0005038159092210003,0.35419117412764184,0.2438997587401473,0.2794266709556526,0.010952237623783004
10579372,0.0008971436838863004,0.003706683541184002,0.11598285365285176,0.0018040159726073009,0.0024948609871515014,0.40776951382062654,0.16037780496678347,0.281655580145514,0.02531154322939511
10579452,0.0008638799174821002,0.004990622547100501,0.14188024164024082,0.009675936210651001,0.012549695243328303,0.5241700751327041,0.013169931786694903,0.27825571489462686,0.014443902627171403
10579754,0.0007078188517733001,0.003460880223707501,0.14817346526396563,0.005834654556047401,0.025578954997723106,0.492832382931218,0.010331620673327702,0.29147199550366376,0.021608226998573503
10580098,0.002255894462922801,0.004234147668450002,0.10798529336862084,0.0016689730974280006,0.0015802663647101008,0.34635974869306757,0.2337278542870868,0.2914640572617028,0.010723764796011104
10580150,0.0006502751406076001,0.0021024616519571006,0.13665844137701494,0.003479184067538701,0.0020154098476967003,0.4613741980186821,0.07754622706679572,0.28307244570578405,0.03310135712392301
10580642,0.0017406098965931007,0.002334399571951701,0.10117524701641613,0.002549098024708301,0.0011437041183772003,0.49391884413281467,0.0071503050916614025,0.2978464268806381,0.09214136526683933
10580740,0.005439714456345003,0.0012385726103836007,0.12170472488755775,0.0013449937190434006,0.0005882818589736002,0.2324863416693294,0.2283472853422252,0.2865311157073126,0.12231896974882946
10580745,0.0012114062890510007,0.0016363379594311008,0.12069977688279707,0.0012673535372377006,0.00046831837484980025,0.26381626479257175,0.2082966163478542,0.2883240564910153,0.11427986932519217
10580771,0.026834483592701207,0.0027233353311702005,0.10787657931669593,0.010142198132036501,0.0012751526109453003,0.4154425032020756,0.026209642975076206,0.30654919118831314,0.10294691365098582
10580995,0.0026280923923477006,0.007496031652993102,0.11305293811915262,0.003962797990839301,0.0012498882469079002,0.36162515750837243,0.08421073093065311,0.28722845301551697,0.13854591014321682
10581310,0.0009442792085590002,0.004277199345290201,0.10937982691580823,0.0017531940336779003,0.0008623129533689003,0.34375184519864066,0.20571300311966237,0.28702930730254494,0.04628903192244771
10581368,0.013395601590346003,0.015409569660813504,0.13558614872540803,0.08376273634038861,0.008692966273401201,0.31888628405055,0.004519951360257701,0.29332220590076724,0.12642453609806764
10582173,0.005299606823714601,0.005140946851383401,0.11173574801380633,0.004696944265375601,0.0015153077858786005,0.5024371607307574,0.008906455936731303,0.28260340826471186,0.07766442132764091
10582418,0.2635305818393082,0.004964403917725802,0.11314208175130484,0.004244048459047802,0.013857561811579905,0.2523141386373038,0.011168070476393503,0.2798103062513757,0.05696880685596062
10583009,0.0005643648828688001,0.0019505862222327004,0.11070757689418713,0.0009200093236184003,0.0013989669125010003,0.33508356891683494,0.25476737326139676,0.2885806313597117,0.006026922226648502
10583434,0.002419335419979201,0.02704257053526631,0.10902720838253364,0.07207098951695683,0.0017991850918230008,0.39084071837945644,0.016601745339725506,0.2819801639225364,0.09821808341172274
10583521,0.0002728169462958001,0.00036094043581030014,0.11718886722817015,0.0005628485885201002,0.00040734961764860017,0.13718742718845506,0.4509776880866819,0.2766167450404019,0.016425316868016307
10584210,0.0006033520952257002,0.002024316510139101,0.11087217863260314,0.0011375693826909004,0.0005757165218173002,0.3716231377165146,0.19309751583359375,0.2808899393173293,0.039176273990086115
10584222,0.0009026205139224003,0.0009293873200560003,0.11521670237152364,0.0005509955109605002,0.0002889863175656001,0.42728823141350336,0.16082022398753384,0.2783274210801623,0.015675431484772406
10584314,0.005631376171744501,0.0012014302234239001,0.11903848410578202,0.0013541953034458003,0.0005722863485447001,0.12113540960073593,0.11432675744378752,0.28197317299872926,0.35476688780380633
10584430,0.0033786191005640014,0.0015820460880068006,0.11556298200920635,0.0014924608451700007,0.0006832060075753003,0.222180750009658,0.3018168316853227,0.27624414068945413,0.07705896356504273
10584519,0.002038196777698501,0.012132196429889403,0.10310304367801222,0.004864079661478302,0.0018786804168265006,0.3708043270492497,0.16535815522797326,0.2906752999310085,0.049146020827863714
10584820,0.0009912279960896005,0.04497609160597001,0.10663400663430934,0.0015091117018253004,0.009719507751390204,0.5044806596396765,0.011466058072372904,0.2851075920802768,0.035115744518089416
10585136,0.0009322002047135004,0.017894281013329207,0.10639189270448464,0.019504070198083708,0.0013911541248422007,0.5473604101918336,0.0061160313907600026,0.2872635358397102,0.013146424332242905
10586849,0.0011961781162976005,0.0053369524908947015,0.11439125625668674,0.007361478924364702,0.003181492623859101,0.4774567668445396,0.08215772307301303,0.2884050538795332,0.020513097790811407
10587734,0.014630849020612903,0.0052663968049951005,0.10095826640151383,0.0031530472190069007,0.003141713245217101,0.3898518651971803,0.15472125022177924,0.29819319531526245,0.030083416574432108
10587840,0.001825399453466801,0.002596058099325101,0.12984760034306686,0.003245548286022201,0.0008285573091909004,0.47546306528236615,0.08196523055818204,0.2826907026826486,0.02153783798573131
10588529,0.0031537532557885015,0.00014236952559540007,0.10673598787208405,0.00020556705059140008,9.697232844666668e-05,0.010617466142687005,0.5776981492743829,0.2804417683302085,0.02090796622021551
10588664,0.003032824355560501,0.0004020989718481002,0.12480409888147045,0.00034592220348170016,0.0002489757144295001,0.036380417311749916,0.40004044572174136,0.2789536991962423,0.15579151764347615
10588792,0.007358435868407803,0.0004126634251337002,0.10766486610915495,0.00040075479356320014,0.0003027342436256001,0.02419427357563081,0.39261218903706985,0.290331635262976,0.1767224476844381
10589349,0.0017072134579038006,0.004711650761282602,0.10982955160838305,0.0015492454969502007,0.0013893509831265007,0.12247641740412256,0.12430929023931106,0.29252998992797913,0.34149729012094104
10589410,0.20465017103676955,0.0009967271395874002,0.12746169987537123,0.005743617131146501,0.0012164487030525003,0.22133116836014075,0.031854580888062006,0.29328635880612963,0.11345922805974033
10589411,0.009590498633204601,0.0008435656994155002,0.10380165957038792,0.0013446332004639003,0.0012890947157350003,0.25302655492623777,0.028869272524288607,0.29645175247182937,0.30478296825843726
10589472,0.023791397417484306,0.002454227722815501,0.11165189804663544,0.0026749786094065007,0.002494829744978301,0.10490389514720154,0.06347712002754292,0.2954836184571593,0.3930680348267761
10589485,0.05043339343731942,0.0018983206203696005,0.11287024163352533,0.003319125175317701,0.0024394169115602004,0.14023997849606443,0.018133301739936103,0.2967764627133245,0.37388975927258267
10589763,0.0008847744792047003,0.02978759140972811,0.11151377625565834,0.023659967778593007,0.0029904895802224008,0.5211036440091489,0.015454484409317504,0.2825885624415011,0.012016709636626004
10590733,0.0030074214106296008,0.010521031165201802,0.12858661072830382,0.10035159073751752,0.0033730413034859007,0.4445627790607997,0.003495725202124701,0.29819636465142124,0.007905435740515701
10592587,0.21943659581615305,0.0040120443989296005,0.11263791611350422,0.004267398508260101,0.008520010841616401,0.27863200163194185,0.006936849753242002,0.29202839532447045,0.07352878761188221
10592944,0.0014030983356800005,0.015713915388150108,0.14947528730112125,0.025141740357392806,0.023463664160911706,0.46094552234614056,0.018241961682240206,0.2816520850872135,0.023962725341149908
10595034,0.0031088039795094014,0.017904891996323807,0.11232468623546035,0.004069201131103202,0.018020790928151408,0.48576670063379873,0.007463731820631004,0.2926985774516833,0.05864261582333883
10596119,0.0002788165822365001,0.002140803469062601,0.10548836612552805,0.0002756975465539001,0.0004667707781141002,0.5612140012811073,0.017987847550406506,0.288921089730017,0.02322660693697401
10599481,0.0003870966682752002,0.0007491980424335004,0.09864925539223894,0.0005297296481019002,0.0005553257945581003,0.40249743107352376,0.20433977505473608,0.2851232543765935,0.007168933949539004
