track_id,Clutter,Cormorants,Pigeons,Ducks,Geese,Gulls,Birds of Prey,Waders,Songbirds
6868504,0.015320899339133163,0.024313690869833086,0.12950471687537785,0.06646070351341166,0.44217082872200125,0.055682421314717116,0.0015978247258388205,0.2439654481017352,0.020983466537951783
6868536,0.017077358739896062,0.0649308132010263,0.14986796571833133,0.05068611643106122,0.2803105659008797,0.11031458060343947,0.0028453393924859406,0.2595091025219194,0.0644581574909605
6868565,0.007823894232450864,0.028488858084133612,0.12469701283389767,0.04186212802499864,0.4961466404330478,0.039219778419063614,0.0012823888517913204,0.2434210259448267,0.01705827317578983
6868861,0.0003030898983307601,0.040330203087242035,0.10136112530386196,0.0032651320560356007,0.6174283798332869,0.0026677105400054204,0.00012818036892752412,0.23372678241732214,0.0007893964949876002
6869275,0.00016525089002121214,0.04733338917898432,0.09676028776215675,0.005013231815852321,0.6071965518114885,0.004058112959524501,0.00015089965101438484,0.2378839447015149,0.0014383312294431402
6871418,0.0036748537733474014,0.06830438591962344,0.2280021558243242,0.07602442288559218,0.10477415599760925,0.1665884746858702,0.0048344032519063015,0.3039165083292095,0.04388063933251747
6872996,0.24787028031420313,0.0027095296818025016,0.09183749013919007,0.0025819290772482414,0.029255454393314395,0.2998326914551273,0.03336919995055485,0.22722799154726223,0.0653154334412973
6873817,0.008289333277160664,0.018168940452576287,0.09204891172556486,0.014638503457725827,0.1843618046301531,0.35093078068960015,0.003872883766902302,0.2591048234705584,0.06858401852975843
6874023,0.00040948865519532015,0.009680690181369583,0.09921101266275814,0.0023907440600895004,0.003794762839272021,0.634764539002875,0.002393998552205461,0.23957247407158716,0.007782289974647783
6875504,0.0006734958357714204,0.013213277504002726,0.09144221316855748,0.0016891730277399607,0.002404431205889901,0.5014457968931104,0.028348386507904996,0.2277331591606577,0.13305006669636543
6875899,0.0011517613362936605,0.0058759667800021825,0.09013655463138776,0.003249119198218301,0.0059560204088305625,0.5082313653688836,0.09127368067141882,0.22871275244081424,0.06541277916415097
6877293,0.004170148741968521,0.004397467448169941,0.10351591095648799,0.007763073215423381,0.0025417396757261607,0.022346708736601283,0.003604464920825061,0.24054182326084284,0.6111186630439548
6880408,0.0023684037200261804,0.020775890059462024,0.0927831451860671,0.009698238525285922,0.007603087579217521,0.4865993063697861,0.02492007204930613,0.23680605591407383,0.11844580059677522
6880690,0.0007044978252497802,0.007036673579177002,0.11580600540439101,0.004385285685738261,0.0021078375710834206,0.43098991225326383,0.01048707108410456,0.23364250148943422,0.1948402151075578
6880833,0.0012869680982771409,0.0011919381076218006,0.09827773507478778,0.0011181548689129803,0.0009936988813000005,0.027735635913206994,0.14362797968471966,0.2292885950562376,0.49647929431493604
6880956,0.00022409981102788004,0.005120289250763821,0.08936892328067621,0.0012661164968786605,0.0027859373453258006,0.6690574048880471,0.004894983104756901,0.22328971143566995,0.003992534386853721
6881733,0.0004908319415010203,0.00028639996792112016,0.08892495333286705,0.00020609661563710012,0.0002925062288722402,0.021973428743047554,0.6602386681836669,0.2231793661890662,0.004407748797420723
6885154,0.022058257012631387,0.006255308790434542,0.09686770720616372,0.007664440182924623,0.007555213166143863,0.4819605624532269,0.024664380871815807,0.23972226412607228,0.1132518661905868
6887294,0.0013414199461882206,0.004163596059114661,0.09871108418463038,0.0009048854718711404,0.002945818373031161,0.2384402188277965,0.004312943267884601,0.23800918907302324,0.4111708447964601
6887586,0.0052565101914212225,0.0015983080061852206,0.10627521436164587,0.004512032233371762,0.0021555395082946613,0.21596297703018094,0.007421856959009463,0.23940969895333503,0.4174078627565559
6887600,0.0013531220572034004,0.0011546931380770605,0.11931600382207846,0.0012907225056610406,0.0005686991848696003,0.041546382661084374,0.003421326458129362,0.22770493172303996,0.6036441184498569
6887637,0.006030690670353841,0.04146413538719949,0.11135689293684492,0.026955971890356305,0.04392747748560571,0.23622495783994832,0.012044896045462843,0.24034444586248116,0.28165053188174743
6887702,0.016435774804556505,0.0012936658268985404,0.10942369111429205,0.0019306861773016207,0.0011676893265306005,0.05526611913834378,0.058214092527757506,0.23098337849326808,0.5252849025910513
6888243,0.0018625121292224409,0.02034263641266267,0.11416426745559004,0.0032562958271956217,0.010348283852030744,0.1315042138270633,0.006254344857775563,0.226751119407397,0.4855163262310626
6888737,0.0012935868208918204,0.01775683469948437,0.1422555403605234,0.009698447703642844,0.011160898790886182,0.1348402016724005,0.007657957298192863,0.23279069153375395,0.44254584112022416
6889024,0.009017276627116363,0.0009334885967511404,0.10425367610236419,0.0020830973043424613,0.0008515126480567403,0.030944652306502098,0.14146320215164981,0.22510201571081828,0.4853510785523989
6890285,0.004911007304783101,0.02768613704414143,0.09478490022208848,0.003560419157819901,0.0022421710636748404,0.29098858428500135,0.274121609831664,0.2288936211216614,0.07281154996916547
6890416,0.0037498629206198014,0.017869308352415625,0.1199136730181201,0.0036176540047471815,0.0037854758758575214,0.1891616884288942,0.04178000239115116,0.23781115617866175,0.38231117882953275
6890579,0.0012271844071734602,0.00065199903122824,0.11361898391223933,0.0013155878004233001,0.00044924766870302004,0.022390729011575104,0.04733735749150603,0.2235239986986079,0.5894849119785435
6890917,0.0040694715064544616,0.002082655247418501,0.10399573768176289,0.002177904838016621,0.0011494105790756405,0.0530153586062869,0.37182901022387427,0.2295488250388673,0.23213162627824335
6891091,0.004888616243992563,0.003478826247248722,0.14609157194933753,0.020014299268629954,0.012513901090967587,0.07966401938402674,0.004613453164363782,0.2402796737998047,0.48845563885162846
6891208,0.0007113949752144201,0.0007931221700466402,0.1187840798966767,0.0004746332956193201,0.0004613690760115601,0.03405538716669129,0.034720902823232765,0.2203118424488787,0.5896872681476285
6891245,0.0017385416756336806,0.0022313944182632004,0.1025691147739639,0.0013073664582461404,0.0013422755269411203,0.10195303983495083,0.13820732635943497,0.22361350962577348,0.4270374313267926
6891309,0.0005343987134404803,0.0017443335824859807,0.0950271646476254,0.0008587025453510004,0.0008010481845881002,0.04603441530459978,0.03917426253199722,0.22723382345872062,0.5885918510311914
6891366,0.004976236580914962,0.0006213941534593603,0.09604882540146459,0.0004859551820380802,0.0004787405535601402,0.015511786356364066,0.1241969744303005,0.22456933298912196,0.5331107543527764
6891473,0.003931606034198322,0.0028101323198745413,0.11516768031298136,0.004114697293156862,0.002374564242939941,0.19600916927088238,0.014350832585341287,0.23306078099335714,0.4281805369472681
6891484,0.0003082751137301801,0.0003030556136300601,0.09802161806156721,0.00026025635203252016,0.00019768377276947703,0.004580343978047342,0.007471848110538683,0.2349157759418104,0.6539411430558741
6891531,0.0022489775835938613,0.0037305650462444617,0.09985242184333355,0.002588293820292041,0.0013298593689383006,0.12752292961098272,0.21973743183795907,0.22474209217243457,0.31824742871622147
6891557,0.0011504936100417405,0.0019502060438256412,0.12851494825761084,0.0009243610367916605,0.0005291638540482803,0.01664444416787379,0.008156090704518644,0.23276450164734314,0.6093657906779462
6891579,0.0012718570714101605,0.002070349507325501,0.1155098787364374,0.0015473587999243206,0.0018610312887396608,0.047899200705816,0.10539363952891778,0.22479278632033006,0.4996538980410991
6891867,0.011864947791246524,0.0016642679695724207,0.0969785466311466,0.0034699887498158615,0.0012227279925482205,0.05513388704586877,0.5154034605452131,0.22843164477709815,0.0858305284974904
6891888,0.006070647818815442,0.0007810079534582002,0.09376648585941343,0.004231767192566001,0.0007448893374477003,0.019650981381597505,0.012155049379422384,0.24746376344269475,0.6151354076345845
6892297,0.005711848209152661,0.0005437742853840201,0.08974794172060264,0.0008128409620383602,0.00048716667341922016,0.016444429454673944,0.4150147542709161,0.22476715886251297,0.24647008556130012
6892562,0.002733884881176261,0.001999779425901721,0.10541490600592743,0.0021196524833720807,0.0010978220852204605,0.03164136832532248,0.3506886523588113,0.22885911226033273,0.2754448221739357
6892587,0.002915302115242761,0.0009998071112082003,0.09723052927386382,0.0014361421927333003,0.0008814121691952204,0.08323875207990844,0.2525204967765253,0.23101228352675257,0.3297652747545704
6894293,0.0021835957589201407,0.3179238259857733,0.10496469860155952,0.019754980789941364,0.13463068612952128,0.13523771863034148,0.0024413728343985405,0.2604287214602572,0.022434399809287024
6895609,0.0010745338940880604,0.003099598923995761,0.1393982979520397,0.010824249749018366,0.0017908799905190609,0.032066903782397835,0.004154689649885882,0.24855148508867136,0.559039360969384
6895723,0.0014162814994566806,0.0010353482613402205,0.09486258816782642,0.0007950884316544403,0.0010321079885188805,0.5882351719306185,0.056259280287927343,0.2310823047191016,0.025281828713556068
6895905,0.0008714481214569405,0.0017282917078395809,0.10772712701978958,0.0009235309491957204,0.0014337969853234808,0.4771088015189325,0.11520608179426943,0.2305699527579559,0.06443096914523697
6895906,0.0011645105317804603,0.0014198133086550204,0.11936600142923773,0.0008903438911040603,0.0011822467564957602,0.508361494394061,0.057670500663450155,0.2306531883491916,0.07929190067602417
6895927,0.0020748092563761004,0.0031905262271114607,0.10045926459902263,0.0018162688626031005,0.0026438365084091404,0.4961195892241853,0.0970290921046089,0.23643359118937474,0.06023302202830868
6895938,0.0007679013191813602,0.0022740766603404805,0.10693545576501896,0.0007647071715127201,0.0017660601557190204,0.4713303964178297,0.1285514033941234,0.22728806327875722,0.06032193583751714
6895939,0.0009768296689907205,0.002100505955605161,0.10215229433349825,0.0008595076001349804,0.0018669105656115407,0.5724442981033779,0.033136040104670236,0.22652223153489126,0.05994138213322008
6895948,0.0009049525012029004,0.0021468859675677406,0.09805834852534225,0.0008378180791540203,0.0020526480243301007,0.5084059771539776,0.07145875113021992,0.229866732205439,0.0862678864127664
6895973,0.0013515298318093802,0.0014583097707320002,0.11274822754777085,0.0011754462388150002,0.0013106054499562602,0.4905675532886459,0.06988208387231454,0.23464676294190578,0.08685948105805026
6895974,0.0009928690468294203,0.0012709446666287602,0.1047961323214697,0.0009818654129374802,0.0013503952230649403,0.45784569668279895,0.12320891072769591,0.2248637866977753,0.08468939922079953
6896754,0.0016424769338334606,0.0018407208460391807,0.09707329532539001,0.0009663570553814203,0.0009795026660654603,0.17054942499051703,0.06814812985180334,0.22768171152576666,0.43111838080520337
6897915,0.0027625340584434203,0.035387579480649155,0.14288195816740756,0.021010936434868146,0.026672527902072366,0.2981927920691785,0.015869078273236442,0.2942724136098312,0.1629501800043133
6897964,0.017622078897842564,0.017646905742761305,0.12619315089162578,0.012229578973755604,0.1397176469761848,0.142624183962419,0.009480031626782423,0.25590186237486107,0.2785845605537675
6899282,0.0014432152497976002,0.0009803232121512004,0.09057996131269958,0.0005350676008005001,0.0004850192906420601,0.049290570872333954,0.3376653941701659,0.23111447485178652,0.2879059734396226
6899294,0.006882791162291583,0.0012917366655428204,0.0979796951508668,0.002812533704737521,0.0010072161532547405,0.029961747072415775,0.21455818866584156,0.22693307072810498,0.4185730206969442
6899376,0.0019665828973181206,0.004079031632975721,0.1018859986483042,0.0015075185405161204,0.0014442050926252,0.035229163763050055,0.13596376621153872,0.23185890085365024,0.48606483236002157
6899506,0.0023472199123489206,0.002956724124541141,0.09497571481967192,0.0007687659493093201,0.0009344980136258601,0.36250005049116235,0.16366403060041013,0.22944202415973075,0.14241097192919963
6899530,0.003402092524400741,0.0006165853345789002,0.09854297743453325,0.0051090376196042415,0.0004576039974491801,0.0525235123607133,0.0014285704327940804,0.24460182006820452,0.5933178002277217
6899560,0.007530440041611323,0.002252784280429821,0.09185751258189016,0.004150730782406062,0.0011779594156837605,0.15711697013495998,0.02620438922941241,0.24422140739006537,0.4654878061435411
6899670,0.002104986698385821,0.0003391738258923801,0.08094029396138196,0.0002929724931176201,0.00042142159769016017,0.07254834549993704,0.006263874099964802,0.2421470455807454,0.5949418862428849
6899695,0.0005230373301553203,0.00027724908493650014,0.08644344511585036,0.00029102100448612017,0.0004064092807671602,0.024504240013729393,0.0013667811997055007,0.2406016212391116,0.6455861957312582
6899730,0.0022097378146235204,0.0016191340361424605,0.10054860112390102,0.0017679740938412606,0.0014262089172176603,0.1407324723742446,0.035556889445895426,0.23226806246564172,0.4838709197284922
6899754,0.006009662388854902,0.0013301091340099202,0.10166234073077934,0.005484787830518802,0.0013299920165080604,0.05594727551011588,0.0013091698146230606,0.24653283165802106,0.580393830916569
6901206,0.0014070122444456402,0.010008119007795163,0.11249388272945317,0.003203205281073141,0.003666710434455101,0.2582152610002929,0.12811021914283477,0.23692031410551367,0.24597527605413658
6902131,0.00044529970646686024,0.0025326854035685213,0.0860741050713553,0.0010599483048734206,0.001894316438221521,0.5791748111320423,0.09689029006073899,0.2259641769009914,0.005964366981741763
6902271,0.0029460190515169017,0.023278055725339673,0.11523923720166994,0.006237664569257623,0.02233906709187107,0.2642081937684632,0.0035613086209205416,0.25253200824926686,0.3096584457216942
6904326,0.010135983441930025,0.00026472420701266014,0.0853867296755421,0.00040803426224648016,0.00017715390042748007,0.008137233168802945,0.006223169189108162,0.238408422434607,0.6508585497203232
6908023,0.0009076303366410603,0.010881867012764442,0.10223815824746192,0.06642454921014034,0.011363255256520884,0.542046959767524,0.003388716093140781,0.2517007162808935,0.011048147794912882
6908625,0.0011400229146241603,0.0029502498190890412,0.09390681343175819,0.0014677762070757203,0.0013627871905855203,0.1729316133579442,0.38058499256246925,0.22531728668919945,0.12033845782725447
6909657,0.0010366768775525803,0.0006936079954768403,0.08484347231331431,0.0005735306827452803,0.00031444477757666016,0.015091285851856947,0.12690154725566566,0.233744009762701,0.5368014244831109
6909786,0.004074386512977223,0.0006322829362419004,0.08976991918849014,0.0013850152396141409,0.00043010604273344025,0.02880803469072842,0.02182181257229655,0.24112078108248697,0.6119576617344312
6909952,0.002571878415264281,0.0010816295189075606,0.09164400818300468,0.0010956483051645606,0.0007093533168563803,0.01755211114680449,0.11546699521741886,0.22827429457246615,0.5416040813241131
6910003,0.0017029413144783207,0.00027809519152558013,0.0953894832570119,0.00038246742765380017,0.0001985538463789401,0.007008357995814924,0.044576172106380804,0.22834210259859591,0.6221218262621598
6910407,7.11968552617822e-05,0.0007278252572466402,0.09193366973643666,0.00018630152443320006,0.00028717761054986013,0.6730355002548573,0.0009619057349925603,0.23145093318838358,0.0013454898378384603
6910422,0.006434644439778901,0.00085641619496632,0.09644610884135714,0.00172116647272598,0.0005959455758577201,0.04168065331751774,0.2844859567579145,0.23161441234782681,0.3361646960520548
6910425,0.0040371020726995225,0.0002495627104694201,0.08342540559436541,0.0002754835507548201,0.00012844968307516765,0.004903553288235282,0.02419066505637765,0.23360413529597607,0.6491856427480466
6910560,0.0030814815316139014,0.0012107455956127805,0.1033707406439675,0.02139014071528775,0.0013109866705924608,0.04284612770603231,0.006095058597965284,0.2684187915711586,0.5522759269677694
6910590,0.003049709379165701,0.0002877537681237401,0.08973281598347117,0.0005130337478781601,0.00019640267973226004,0.005813380456191641,0.056152755664808034,0.22889162545198238,0.6153625228686469
6912744,0.00017608816879290004,0.0019223373783017804,0.08029998531692448,0.00036489463860992004,0.0011500640549523204,0.67004776997635,0.002239711444449661,0.24055356975934988,0.0032455792622690808
6919118,0.002387103321346601,0.005340498941811502,0.10567358503897534,0.0038975699979439814,0.0034080647546454817,0.38131897740283693,0.1335889408712659,0.2246180103309629,0.13976724934021129
6920152,0.002166473227289201,0.007440669854847803,0.11675853129449541,0.004011180845334822,0.0031164547119736812,0.3521597215187456,0.14908074305233904,0.23507618603482539,0.13019003946014915
6925791,0.0008354420729158003,0.00551790318955122,0.10025463263657725,0.0012870769683426605,0.0012384104554935803,0.5895223636065912,0.039089699761663904,0.22934245511529572,0.03291201619356869
6926246,0.0033589469602788606,0.0012469229038763003,0.0934601338785512,0.0006437878341044201,0.0006767413368791002,0.6024101890558787,0.046363099941387355,0.22339961742966846,0.028440560659375527
6928841,0.008467582267269442,0.010573884032723382,0.17325461410838952,0.1728724592079562,0.013696447661785384,0.15167688300109855,0.005915341685069982,0.39624146037316643,0.06730132766254109
6928933,0.0007719703423021404,0.012719730089156306,0.09281362961757068,0.0009646023406568805,0.001751177309224541,0.6364913237006317,0.015169612480601787,0.23208105595106762,0.007236898168788423
6937241,0.004147377583653081,0.0009858751580057402,0.10150966034067224,0.0015975203299785205,0.0003368854749796401,0.017847803689372985,0.004557236035855381,0.2515533915844473,0.617464249803035
6938426,9.800901137717896e-05,0.00041521956230132,0.07956244204028125,0.00017996853239712,0.00022134414860726002,0.6770161926932348,0.01195410766203026,0.22917858704801983,0.00137412930175098
6938530,0.00017027751128992003,0.0010072843325373802,0.08153704131182851,0.00024244081884858005,0.00022846016639852006,0.6664234702873512,0.016719451901168664,0.2316108446762056,0.0020607289943716206
6938682,0.00045946214526838006,0.0006909828202335002,0.09043436237431396,0.00053414943332214,0.00039697008679058006,0.04318723564160741,0.5866470417106864,0.2275694596458474,0.05008033614193017
6939166,6.835124652440225e-05,0.0003126662504949402,0.07858098802887586,0.00013050308674090007,0.00011683879864903102,0.682370671423211,0.009485567149580763,0.22769358838789475,0.0012408256280285206
6939222,0.0004187186218298601,0.0004598398209434001,0.08660664109660149,0.0003360229055787201,0.00026450616211594005,0.03675865491977483,0.6365181970933509,0.22830490335224665,0.010332516027558263
6944591,0.018124670101789565,0.005928164101939562,0.10062530481985735,0.0016194423135636607,0.0015013071296544806,0.29549312833669406,0.27148238722725515,0.23066028253054308,0.074565313438703
6947293,0.0003055585989069801,0.0033066999725477808,0.09128406542645809,0.0005033235661379401,0.0008096822728499402,0.6398788698594949,0.005627597936533381,0.23890281859020834,0.019381383776862545
6952804,0.0027085358385629415,0.007531025021186404,0.16114904065175242,0.0027036887969886414,0.013304398733994725,0.38933244002600037,0.02289309646580207,0.2529185790350634,0.14745919543064914
6975207,0.00023129896921240007,0.0012967160645329806,0.09723347550292574,0.00038603658349344017,0.0004326044986157802,0.6526551800719326,0.0019109156942685407,0.24045517779449718,0.005398594820521322
6975472,0.00014781394203066005,0.0015047740126580608,0.0986906389358485,0.00023969749630530014,0.00038062979486216025,0.657159829233134,0.0025208354697076815,0.23413491450084506,0.005220866614608723
6975490,8.956586593577332e-05,0.0003328920397027801,0.08667686931358418,8.717474404100657e-05,0.0001779297131124201,0.6643400547503664,0.0005256126742282602,0.24408131515291426,0.0036885857461149613
6976427,6.917580619837446e-05,0.00018487065371140007,0.07823712476460312,7.388051980495825e-05,0.00010309231999215668,0.66747841923775,0.0015877941602606405,0.2473356335688432,0.0049300089688360605
10551287,0.0010095461449980605,0.0036738384432026617,0.09407163194606605,0.0062395470415885414,0.003704561546436982,0.6183823114795035,0.020889500372312027,0.23077623025538108,0.021252832770511147
10554874,0.4229415581713665,0.011704066255252301,0.10002381045598883,0.003087917754009721,0.009036020203463063,0.09827708237255688,0.08383635005367009,0.2216779669412623,0.049415227792430294
10555071,0.0020666815810321203,0.0059489894269113604,0.10545840073374857,0.00197036308354066,0.00131756211782794,0.36219071544741166,0.03193465561262228,0.22500388556320858,0.2641087464336967
10555459,0.0030128123767475213,0.03811169695889091,0.11222074291842069,0.013860762318982207,0.011823435055542526,0.3590270216065341,0.015673361139849427,0.3015336242244055,0.14473654340062725
10555968,0.04672648367864835,0.018476840685022988,0.09222845636937034,0.22258397632836893,0.03433724144414853,0.13124331824028285,0.003531535809498441,0.255646830879114,0.19522531656554556
10556692,0.006643811427091143,0.0032921528796956015,0.0989810762625731,0.010517110789874726,0.0014152686681903608,0.14666109587942305,0.018592595105113026,0.23544127792334452,0.47845561106469453
10557065,0.00022419668290248008,0.005836485946478322,0.08166611312647667,0.0008064394861249202,0.0010341290084583201,0.6675007956796946,0.003114977982732021,0.231507382631536,0.008309479455596663
10557235,0.0017854896637293006,0.014646027994662884,0.10308489102543818,0.03671909972370323,0.007520596512896481,0.5483917831243463,0.004544517315089541,0.2520972101362939,0.031210384503840206
10557310,0.0016559614534467806,0.013001857506170503,0.09567014017162508,0.008458666999200441,0.018921655147874104,0.191305717745289,0.0020695527366434608,0.23083460238094178,0.4380818458588088
10557603,0.0011714737393713802,0.009559867933772321,0.08976688282672475,0.0028813824886634405,0.0023803697602720604,0.484272901650922,0.018559959426662664,0.2312080919309667,0.1601990702426446
10557649,0.0007216912236767801,0.005922334027381962,0.1200593309482738,0.0033533144974551812,0.0032035742389222013,0.5913115451081014,0.0057199635333823615,0.2359510988427789,0.033757147580027506
10559369,0.0010690288383474605,0.0042722001423521625,0.09294723010774734,0.0008487576458410803,0.0010438358004814005,0.6087841305211011,0.005787639183295363,0.22312427019103487,0.06212290756979916
10559516,0.0015922916855206203,0.009250266698823003,0.08255457705385628,0.0039259674939595025,0.005695428201617583,0.5507681801270483,0.018648350269503008,0.23792843406446834,0.08963650440520335
10559765,0.0009977865220609403,0.021869324534342406,0.08326884502467317,0.0026158180894962405,0.0017274842667955805,0.5711070707490179,0.018330302897609584,0.2333408792760162,0.06674248863998793
10559904,0.002513757373074321,0.010113712627570083,0.08918002376274664,0.0032723252602564015,0.002451842800364241,0.5089610349568268,0.030565915447440813,0.2357641429451745,0.11717724482654625
10561136,0.0020240256304879405,0.008104144475510321,0.10019629596342129,0.0019230989329615006,0.0021855997482979005,0.5217729985704148,0.0038856145395223408,0.2267547321341935,0.13315349000519042
10561583,0.007185061910560803,0.0037134216790646814,0.08420849435656519,0.001969514763492041,0.0015783982599487205,0.4891450048589771,0.0864798929882944,0.24368839832458544,0.08203181285851172
10561870,0.0005766729557299802,0.004601772148010881,0.0830270029355681,0.0009621312094075802,0.0010893072993875803,0.5222026094932175,0.1322360480053262,0.23444038473917708,0.020864071214174967
10562711,0.003949196827024982,0.027678715809689492,0.11557840594894767,0.054649306864322504,0.033442737577092076,0.30029077278834176,0.010051673865389826,0.23465539209421976,0.21970379822497205
10566953,0.0009951549764682804,0.0058996797852572435,0.08537660515491173,0.0026022527631070417,0.0029524027076264416,0.504316014392501,0.1535084377346353,0.23168381481618652,0.012665637669306546
10567563,0.013827136360785945,0.03123897860047773,0.09505289476593443,0.004513257481398362,0.020986502669963387,0.4539491789656021,0.01980178833384947,0.22939776812663987,0.13123249469534873
10568512,0.004169908226340342,0.0015342036003770008,0.09354627344311527,0.002315595189169301,0.0014727827934274006,0.2584246178034403,0.33841811570448305,0.22519291079377002,0.07492559244587739
10569249,0.0007729080525979603,0.0011171069200399003,0.08353893800627837,0.0010633423249546204,0.0007850818205135602,0.5196471293296766,0.10596114998690269,0.2350477866225471,0.052066556936489164
10569900,0.0017847855608292605,0.19037023474088804,0.10905418659783432,0.042694954187272885,0.32213094374069046,0.06528795290656492,0.006500694364881762,0.22667319377953385,0.03550305412150457
10569996,0.0011161852496621805,0.0015565325452674406,0.09115909646339483,0.002157117308470121,0.0008479775815204805,0.4414618134860981,0.2098383698629432,0.2249733047268003,0.026889602775843433
10570047,0.0005838122698774202,0.0027931802045088206,0.08691058316413425,0.0018371578506213603,0.0010556830063658004,0.5876783087414036,0.0698311018151865,0.23601404343169963,0.013296129516202604
10570186,0.002742209941576341,0.004132075416081922,0.08807729473739861,0.004680008311629182,0.004740740280917162,0.49270860092057617,0.045074494828504154,0.2382596730517773,0.11958490251153917
10570190,0.0005123464031027002,0.002134084585260261,0.09077897195408723,0.0014943591151664207,0.0011311949438831603,0.4653409640026766,0.19095658624052683,0.23446340988764403,0.013188082867652906
10570281,0.0009388059192963205,0.002001769102184101,0.08784327611038137,0.0016404852940739006,0.0014387530578153205,0.47624053846001824,0.14544206090855666,0.23343674018324592,0.05101757096442816
10570444,0.20378149583147903,0.0057754308421294025,0.09987835536657282,0.015062847580619666,0.006090584179759682,0.2672423622794999,0.014734340485982026,0.23957917037043452,0.147855413063523
10570516,0.002402275104894501,0.0054221346107365615,0.08673868148877842,0.0021290385404204005,0.0022879021584946806,0.5339187151048097,0.015602913842331284,0.23713537225730574,0.11436296689222863
10570563,0.0074329289583433215,0.0015635756603062604,0.09084356597658731,0.0023334595865978605,0.0009789401088168602,0.33046705345054656,0.19928606280965028,0.2383110152258089,0.1287833982233425
10570908,0.003936431068163382,0.0011062624221568004,0.07987141305649789,0.002750109645580021,0.0015262430513970405,0.32279416628218127,0.31333847791466585,0.24163287041614628,0.033044026143211495
10570962,0.0030013295122956417,0.009408877646971684,0.0995608906129026,0.0048679281403341225,0.002848229032913402,0.407441086471565,0.020077506160746054,0.2790696399053135,0.17372451251695792
10571126,0.017916170801892485,0.0027630452278138407,0.10020413846515142,0.0023490076329395404,0.0011998189492306403,0.2549090984479396,0.07392532931640543,0.22642945643132306,0.32030393472730395
10571129,0.06434390058345849,0.004692210647957202,0.09023544307892335,0.013835046942511146,0.002445093330923461,0.5005436597700025,0.005680188777809342,0.24399079279578145,0.07423366407263313
10571130,0.011119784659857785,0.004731925014216542,0.09456099123522023,0.024071700211617513,0.003915919872450782,0.2907638120363354,0.003859390902666882,0.2408810321834207,0.3260954438842142
10571150,0.0038321050347641223,0.004169847739434263,0.08551804881692375,0.0025638194348311413,0.0019049864330776209,0.5390493605566415,0.010216756398352147,0.23841832892689377,0.11432674665908174
10571157,0.03700698445146313,0.0016065403828778605,0.09901548021871534,0.003633428505411401,0.0011379044131147203,0.17549765112632926,0.3529530503463116,0.22189735486723638,0.10725160568854025
10571249,0.0015416186324894606,0.0012832414788173806,0.08113840957629202,0.0009429754285411205,0.0007130339804832003,0.5102108930522691,0.10892443282138879,0.23950355168499612,0.055741843344722874
10571563,0.0014047054657940004,0.06314655896243203,0.08811430528926531,0.0032140617993669414,0.007024235240570104,0.47112498002522724,0.008775960014041143,0.22335819857986314,0.13383699462344018
10571600,0.0016361490865862006,0.003765392690269981,0.09446286507406548,0.0020331251706287605,0.0015549568701619006,0.5928125595231797,0.015234242614375084,0.22673436285973902,0.06176634611099368
10573894,0.003879844754542281,0.004470242970406881,0.08775036536339058,0.008090371944725963,0.0018077183890209004,0.5643336633563973,0.014199065574351664,0.24784852132834023,0.06762020631882402
10574347,0.009246652357098043,0.004943023623668522,0.09227208421015044,0.004673567144529841,0.0021279454407728405,0.5218964148281878,0.04864769238984081,0.2345935946154261,0.08159902539032558
10574370,0.016185885243453924,0.0032064579439703006,0.08826179455479263,0.0052175838282735015,0.0018962952133493402,0.40623527930201503,0.05465279831456018,0.24172028410725124,0.18262362149233388
10574372,0.005099103609299961,0.0021207769494865805,0.08869364957120823,0.0011122394052811603,0.0008364656221689203,0.3659859286171517,0.196935374459877,0.23331083267927155,0.10590562908625478
10574408,0.004820822905992802,0.006160244716098483,0.09332009340868655,0.02451472619378217,0.005494275314129723,0.5149503957000121,0.002817352082398021,0.23726385057315003,0.11065823910575015
10574430,0.0007314748102220601,0.0015083132784997808,0.08609800913798189,0.0015789300194006405,0.0006950236156540601,0.5821558413933502,0.010506240442349163,0.23706067047198365,0.07966549683055839
10574439,0.006758820094601043,0.0023292659993729204,0.08319883998989354,0.003976228390350662,0.0012359853730907003,0.5665269325255544,0.019902894984611303,0.23987060986350828,0.07620042277901713
10574456,0.0038146279759298813,0.0023539668975395204,0.08693141779293001,0.0023052240830681407,0.0012845974658789402,0.3999330057879946,0.005485117615816741,0.2347590538307872,0.263132988550055
10576038,0.10767201672056888,0.005146578300880383,0.08604858543526618,0.004396037612010782,0.006344486125411284,0.47514115938539947,0.011358889142781586,0.23809745975012878,0.0657947875275527
10576770,0.004599074852143323,0.0038275959970248416,0.09644967702201888,0.018225421493937768,0.0017236240939912208,0.49576605762617343,0.022058934931408307,0.2359171362551376,0.12143247772816455
10577118,0.0015296796403368807,0.002689325048826961,0.07798395817093166,0.001652312744709461,0.0011786521218029805,0.6341117483456897,0.018146323697625408,0.23341937972704274,0.029288620503034112
10577354,0.003211398926305261,0.0012921616634390205,0.08551678398189065,0.0009192156674398604,0.0008499337202940803,0.4861567003026179,0.11164626457316532,0.23261657055632745,0.07779097060852058
10577622,0.0006825512827309603,0.002344948826321261,0.0795893748058369,0.0017791819974652208,0.0010614522655281804,0.5495835507014141,0.07979779670282587,0.23260219092026746,0.05255895249761014
10577723,0.002157902894973561,0.0018872977843062807,0.08398045859681304,0.002028190932844461,0.0010226592148659805,0.560164311838482,0.07553615067662052,0.23084076828720265,0.04238225977389154
10578130,0.10072734453187612,0.010134986981927262,0.10068770675010741,0.017315581891692026,0.011250564413661183,0.3545975573695988,0.023012124836497005,0.23295648463143495,0.14931764859320526
10578295,0.0018751446040442806,0.004671591504915222,0.09248155951448177,0.006538510069265343,0.002556740967674801,0.41721640400493937,0.17868329492990004,0.227568860541992,0.06840789386278723
10579132,0.0005734767954281202,0.0021782345593264808,0.08645000065032084,0.0010352525724962804,0.0006138950806647805,0.4108136799228987,0.2614329562566707,0.22398750065796275,0.012915003504231486
10579372,0.0009373222302656604,0.0034713438448169417,0.09326034387887433,0.0017525249821194408,0.002467844509748681,0.5026783000467012,0.14301045912089175,0.22583592863087876,0.026585932755703312
10579452,0.0009740980385565004,0.004622997949304322,0.11417283071736276,0.010008976788141704,0.011384586740551985,0.6057308812713815,0.012199856930352405,0.22464765845387058,0.016258113110478308
10579754,0.0008841663705089202,0.003279310049455261,0.1199496059325398,0.005595379133796661,0.022915147029334525,0.5726820506069954,0.009752745436688961,0.24286518969379,0.022076405746890407
10580098,0.0024707219205501014,0.003901334916853922,0.086823669984576,0.001770496921664121,0.001640202291147001,0.42700534794583495,0.2274328892010551,0.2383952340372592,0.010560102781059726
10580150,0.0007072883147188801,0.0020543250046018207,0.10986210788292161,0.003604272598433541,0.0019440006050970005,0.5467700373235264,0.07593228330079022,0.22718608793003142,0.03193959703987917
10580642,0.0019028533082756209,0.002326960567260201,0.081242304253354,0.002514439178949941,0.0013463777993533404,0.5540058383839636,0.006779883609379223,0.2393927945571327,0.1104885483423315
10580740,0.005882116980753062,0.0013705377527050405,0.09783062212969026,0.0014639617800179005,0.0007796056125175203,0.24638186064477788,0.2945331480939281,0.23031488527412342,0.12144326173148677
10580745,0.0015899729983068606,0.002052964782211701,0.09786536496358939,0.0017068798322725008,0.0008634772207888204,0.3066931135211659,0.23290913633673457,0.23362812576553046,0.12269096457939975
10580771,0.029998084943268458,0.0029089953652790615,0.08704234254265546,0.010588504343336465,0.0016136465249752807,0.4678078579349254,0.028032230635132754,0.25880110002785955,0.11320723768256771
10580995,0.002949166970585101,0.007250650886960102,0.09105192302043834,0.004500110370451341,0.0015264770554477805,0.40202085334759413,0.08582858398450499,0.23386041330300616,0.1710118210610121
10581310,0.0010649030249718205,0.004923413773933922,0.08792353834962699,0.0019091161924973806,0.0010253059175789007,0.4271951573436654,0.19014161579074618,0.23043438041387526,0.05538256919310423
10581368,0.012741190867897663,0.018966512711960603,0.1105634383287483,0.08765918831032767,0.00929202460738214,0.3577895512154933,0.0048028155711175614,0.24071603308818929,0.15746924529888343
10582173,0.005475825308532441,0.004801050931774961,0.09030996461974215,0.006223690562463102,0.0019242850934360406,0.5648315893131808,0.008116427396609543,0.22793444526018292,0.09038272151407813
10582418,0.3135492392039419,0.004745349588618641,0.09171776709128701,0.004746203381690921,0.020737821499324103,0.2617465169583333,0.009597163197328722,0.22477365180780656,0.0683862872716689
10583009,0.0006573182787268202,0.0023556370724135806,0.08887146317595061,0.0009731589007638603,0.0013619147322080005,0.40481298719867886,0.26323459339257343,0.2313236337488847,0.006409293499800062
10583434,0.0033074710212574214,0.029326169321385147,0.08865098739780272,0.08879270008141911,0.0021519967125509603,0.42991091788503766,0.017360307911382645,0.22860780256427643,0.11189164710488786
10583521,0.00033094077313694016,0.00042487647975606016,0.09389996986265857,0.0006363653713199803,0.0005332079908544203,0.1373869307803015,0.5297232688778029,0.2215689530777074,0.015495486786462486
10584210,0.0008569556398425403,0.002111558177350261,0.08923383980516869,0.0013186306748780205,0.0007936378085637002,0.4445597601932539,0.17245542864563687,0.22546989551894311,0.0632002935363629
10584222,0.0010372961233103002,0.0011312508395962802,0.09253131156495309,0.0007882968552415403,0.00046370491061984006,0.5014915449756451,0.1590694257777275,0.2232494237604874,0.020237745192418843
10584314,0.005432848977371381,0.0013324925751305402,0.09580352589007135,0.0015321466994817805,0.0007534438824547403,0.12146414494266218,0.1030653886206869,0.22678356537436734,0.4438324430377738
10584430,0.003821511053440121,0.002505980990093601,0.09305094178166967,0.0019197159990653207,0.0011210212055848602,0.2562434510695125,0.3302574961961366,0.22196028715077779,0.08911959455371946
10584519,0.002389296205451681,0.011874844441785604,0.08340588861995371,0.005657244330129221,0.0021984126881232206,0.44672439444655937,0.15914078734171516,0.23530974721000553,0.053299384716276495
10584820,0.0010950602188697603,0.04939372002475054,0.08582421028909239,0.0015258748086313806,0.009959871125867022,0.5753466424288735,0.010466485583414621,0.2292432271474173,0.03714490837308345
10585136,0.0011113750344446203,0.018566902561883505,0.08565482707216818,0.018998395860336723,0.0014244013756830605,0.6192385652893987,0.006584748137806282,0.23307366810671382,0.015347116561564966
10586849,0.0012987635890142003,0.004938895422958421,0.09213963209450818,0.008781739771275582,0.003066352953454041,0.5538199369076338,0.08300026344169184,0.23150315493451087,0.021451260884953065
10587734,0.015466116823999764,0.005454259089811441,0.08187574713304878,0.0039960000659806615,0.003640016054592841,0.44625460309457354,0.15283003178938848,0.24088265286333668,0.049600573085267816
10587840,0.0019049156169153609,0.003062997464436361,0.10460110215161572,0.0041943997759487615,0.0011092938072428805,0.5528688455801221,0.08064166827850658,0.22690914553696984,0.024707631788242392
10588529,0.0035519223792511417,0.00017687089677260009,0.08546398549866972,0.00021844456170324014,0.00012110804624475337,0.009795773581330306,0.6561756671173403,0.22444991255422678,0.02004631536446119
10588664,0.003981446610588582,0.0007175055793842402,0.10052354632789022,0.0005783567997847603,0.00047087003585854023,0.04086294592016058,0.4532282343035257,0.22386941153591183,0.1757676828868956
10588792,0.009835446811727424,0.0005504721943975003,0.08641229203900773,0.0004885762458466403,0.00038846777267602015,0.02280091505988189,0.4472538039806019,0.23269065328072874,0.19957937261513226
10589349,0.0018251498317424812,0.0047711704083115425,0.08884843912783603,0.001674827156893161,0.001561472397075321,0.13906423247407698,0.12737923990830502,0.2356563055547523,0.39921916314100725
10589410,0.2744340216452172,0.0011640421509446803,0.10311333091184006,0.0054162864961763415,0.0013730782060687404,0.21953358579182675,0.03115830632373919,0.2356710257163379,0.12813632275784909
10589411,0.010221691607518022,0.0010226324834369802,0.08367886930260192,0.0015505113331104406,0.0014620951713922206,0.2509506813469836,0.026245610302031985,0.23804092594500004,0.3868269825079248
10589472,0.02682850144440613,0.0025120441672196606,0.09089600230910305,0.002923525935886861,0.002622473780527081,0.10731295255441851,0.05996267001342466,0.23766056131732172,0.46928126847769236
10589485,0.05792488640418146,0.0019607114519136605,0.09181210681709108,0.003293081665476401,0.0024759611000699207,0.1438453161835869,0.016168216339436003,0.23847042553219838,0.44404929450604624
10589763,0.0011096858007722003,0.02691874512117779,0.08992906690818278,0.023129305026714623,0.0029518221618371806,0.5967772763933127,0.015274171518741882,0.22922426815606825,0.014685658913192526
10590733,0.003678757579795561,0.012456228426160242,0.10392849135717055,0.11219898077166168,0.0035691247173127013,0.500930129435121,0.0042678942197243615,0.24624879755540147,0.012721595937652364
10592587,0.2692991839830191,0.004228814025779561,0.09103533290970249,0.004806012673958302,0.008557151383725562,0.28740137368775137,0.006639736629296162,0.23603321310789666,0.09199918159887067
10592944,0.0015062042731085405,0.015107928088174726,0.12093583156185807,0.026009916776308907,0.01974344971687981,0.5441148814220718,0.01705609780639593,0.22727082715421554,0.02825486320098687
10595034,0.0033255387298459014,0.01939669638895155,0.09079705929668715,0.004019578022283022,0.01645807685649623,0.5559653627326427,0.007370863542810823,0.23651032780191036,0.06615649662837225
10596119,0.0004373335350891802,0.0023790207582669812,0.08463660905645419,0.0004493576656021002,0.0007225406949988803,0.6338966852289815,0.01569273065601011,0.23148401846238761,0.030301703942209452
10599481,0.00045379092804990014,0.0008255714024168203,0.0790805165793761,0.0005924469826718602,0.0006083004089588201,0.4687589954689818,0.21308417666710738,0.22864626844762936,0.007949933114807902
