track_id,Clutter,Cormorants,Pigeons,Ducks,Geese,Gulls,Birds of Prey,Waders,Songbirds
6868504,0.016434660931642038,0.018844088460302624,0.1501977899683899,0.06975261250455551,0.37470222210260323,0.30875508937027085,0.0012820590743741703,0.041265994460335687,0.01876548312752592
6868536,0.018664200934402787,0.061778454825071924,0.16761849326013592,0.05172598857088624,0.22735612285270052,0.36288225262594914,0.002169363595101707,0.05026042249012194,0.05754470084562986
6868565,0.00791841113852332,0.023796128819958233,0.15000550838531887,0.03330091381767616,0.43276878620464715,0.29081255530499955,0.0009379353893170386,0.044622950286976104,0.01583681065258364
6868861,0.00016773713661033605,0.02520771196788176,0.12627110148318507,0.003370473497900294,0.5512259796874805,0.2637750127759594,5.365171976838008e-05,0.029441889047720698,0.0004864426834936574
6869275,9.026908614339014e-05,0.031002500122418505,0.1206772819320858,0.005160526050939378,0.542485208485454,0.26435713991463167,7.016662830798101e-05,0.03519747248946438,0.0009594352905549129
6871418,0.0023275560041056127,0.061354481914025615,0.2504452359813333,0.07470413420943903,0.10804181844418541,0.3934681951579674,0.0031960430990283315,0.07150057157816897,0.034961963611746395
6872996,0.19795509389558674,0.0023243064363325685,0.11337289547614417,0.002001417628155223,0.021901892127087173,0.5237785815141555,0.03626983829906385,0.04584396672925418,0.056552007894220664
6873817,0.008452319854968852,0.019912990571246996,0.11157453695919936,0.015158950011550959,0.1704143996900156,0.5227852987113726,0.0031553139709676998,0.07526221367679475,0.0732839765538831
6874023,0.0003666253335925211,0.011108859972078923,0.12351551505168537,0.002750176464269323,0.0045144865981763,0.7855126215829382,0.0025798957606354383,0.0616459026583426,0.008005916578281279
6875504,0.0004971257410836271,0.01344151969001007,0.11333804387448738,0.001593465341624674,0.0024901067186744214,0.6574172803581694,0.03143831949980845,0.05563262640524845,0.12415151237089359
6875899,0.0011028750992041732,0.006414741062532084,0.11181770703654843,0.0034293019416155395,0.006889811200849664,0.6541644664368356,0.10434438481210476,0.05295959785319318,0.058877114557116736
6877293,0.003901182348496551,0.004995124270365916,0.12808187974663904,0.007851620096595895,0.002773591218242227,0.2811560859008086,0.003427853682894001,0.03586952078939532,0.5319431419465624
6880408,0.0021562191355816358,0.02063657695298398,0.11489031964210054,0.010294394186230453,0.008324975713871922,0.650998018287121,0.024717946835628227,0.05656764246068409,0.11141390678579828
6880690,0.0005391471796973174,0.007963923401532638,0.1433337063411123,0.00463178540346089,0.002197922207238911,0.5964616224539511,0.011184290983615263,0.05276123816840311,0.18092636386098845
6880833,0.0009274713438047522,0.0007958432892496251,0.12120245630094477,0.0007855553559015786,0.0006727825059058899,0.2813873364299073,0.13365581595861564,0.023737640710075385,0.43683509810559507
6880956,0.0001837962689174129,0.005889353552709663,0.11151047946265634,0.0013228929473020933,0.0032975701802267347,0.8037437023476894,0.005577355998248261,0.06477990011316724,0.0036949491290829244
6881733,0.00046102278088275365,0.0002710758919294765,0.11105493093789895,0.00018670542950229312,0.0002929951170713941,0.277380480010285,0.5844980292541156,0.02167752720557078,0.004177233372743643
6885154,0.019154299227421987,0.00571437665439179,0.11881454148295187,0.006289781393112389,0.0061718963549431596,0.6614891345521755,0.025551447408870633,0.054745892213337095,0.1020686307127955
6887294,0.001085337037755776,0.0037988123963367663,0.12091422802709478,0.0006498102162002682,0.002458957146918078,0.45533907666240575,0.004363756095609406,0.04195893804895817,0.3694310843687209
6887586,0.005010372714781882,0.0013383097115323732,0.12979659152204379,0.004448937829619321,0.0020060649639367864,0.4536381917463096,0.007069607602691163,0.042962231955065974,0.3537296919540192
6887600,0.0012200794843178083,0.0010659142536688527,0.14731295862427554,0.0009644236527837929,0.00040837881682911247,0.2880226236167496,0.0029505079005965927,0.025142889765545417,0.5329122238852333
6887637,0.006051473908926908,0.03873373549086745,0.1347873481368666,0.02710023446368862,0.041345189345072225,0.4355178872236041,0.012403558390000343,0.03956509026245133,0.2644954827785225
6887702,0.015237076364996393,0.001068505889381821,0.1334588703922537,0.0014287600187650826,0.0009069010083768531,0.303660530812304,0.05317535252378908,0.029575816263071493,0.4614881867270616
6888243,0.0016146237707575669,0.020096296461820845,0.14063580699841924,0.0029462329602008533,0.008777858859459487,0.35307298064038206,0.006693800501918906,0.0301853164606668,0.43597708334637425
6888737,0.0010512046197539101,0.018267753590770756,0.16933234853533985,0.010149237920126201,0.00815515745167367,0.35110675327896684,0.007803434900686984,0.037767416833520175,0.39636669286916165
6889024,0.00732904892312853,0.0006151247414039285,0.1287051876386499,0.0014334202209093153,0.000550630601809061,0.27937497238707987,0.13647950474677498,0.025216557724111677,0.4202955530161328
6890285,0.0027766741248327256,0.021611841408564775,0.11626842495029792,0.0033166794171660577,0.002057084178573556,0.49997921875143975,0.2510874475645149,0.04322789001549021,0.059674739589120195
6890416,0.0035341877867463073,0.019465628861573527,0.1381570663418949,0.0034150601499883617,0.0037546933040384155,0.42058570251473815,0.04375374663665162,0.03759572709350335,0.3297381873108654
6890579,0.0012080128809228662,0.0005935907468805384,0.1396660560465965,0.0012124455927577168,0.00036566502055805774,0.27682983148173906,0.05130190268368189,0.023829273734354613,0.5049932218125088
6890917,0.003840301684181372,0.0017206789657935712,0.12607010036585245,0.0015588607071285183,0.0008050580640567946,0.301831392239428,0.37075790861339486,0.02618950250421007,0.16722619685595436
6891091,0.00502688841804399,0.003110197724589815,0.17152824910918515,0.021003530378552973,0.010590205977710114,0.3138178814103442,0.004312435115310485,0.03902537019040662,0.43158524167585666
6891208,0.0005297076090965546,0.000537287482425727,0.14530650351328195,0.0002567212922325982,0.00027042818733490645,0.27341569941300853,0.03298918877467347,0.023414931295975227,0.523279532431971
6891245,0.0017545611894610824,0.0021489833568347065,0.12552639109648417,0.001254049170201913,0.001179376511360378,0.3395482003952921,0.14534922681902407,0.030062191995871148,0.3531770194654704
6891309,0.0003763435159597691,0.001570725985586469,0.11785635729764045,0.0006988454791515206,0.0005892050900149748,0.28863116129049715,0.042896362023858776,0.02679882062372241,0.5205821786935685
6891366,0.0053464266820085465,0.000538030360492233,0.11949710216935303,0.0003979315700600956,0.0003958511701788724,0.2732660096433639,0.11984396729621541,0.021488688898220098,0.4592259922101079
6891473,0.003762146782527252,0.0025654330771692625,0.1389325254073152,0.0032882794271418972,0.002300906648142176,0.41780216683073707,0.013750887948136585,0.0364151009981167,0.38118255288071384
6891484,0.0002251943841201815,0.0001879275687917782,0.12166895484336876,0.00012818007974466292,9.463130602069618e-05,0.26956780229569227,0.0070465978881454295,0.025252636621150727,0.5758280750129655
6891531,0.0021131112264716626,0.0037202686874985903,0.12165156476093873,0.002142413311847368,0.001181960028680137,0.3582533211745435,0.2074228440824512,0.030239216986406248,0.2732752997411626
6891557,0.001074526242207142,0.0020042678462639735,0.1556873943341549,0.0008369713157675941,0.00042937486568129336,0.27622393967803843,0.007911956237584457,0.02680179645931534,0.5290297730209869
6891579,0.0011287298661481673,0.0017967016394736844,0.14075941621019167,0.001485272718941456,0.0012707317938950111,0.2889627504713643,0.11225164616645485,0.025666339019649216,0.4266784121138817
6891867,0.008979051258306336,0.0012600438999248577,0.11808137412559899,0.00223035532590282,0.000872415426332112,0.3028071203123532,0.467058757072513,0.025559149559685135,0.07315173301938362
6891888,0.005722342071471176,0.0007306522646722127,0.11624620866768748,0.00401849152220454,0.0007094725901243924,0.28569801416867674,0.01389228892893111,0.03998238403525843,0.5330001457509741
6892297,0.004799500517985805,0.0003462529006285893,0.11145762965375959,0.00048738759347569273,0.00029532557561206456,0.27325713744877006,0.3493548484696493,0.02149746617311592,0.23850445166700293
6892562,0.002329023299088522,0.001656223232963775,0.13053182428510268,0.0018364516055737372,0.0008305708323203029,0.2847553954602724,0.3531766371906956,0.024016244980113906,0.20086762911386916
6892587,0.0026419145201179483,0.0006950500264346639,0.11963635244559749,0.0009869632479321674,0.0005933444222479245,0.33560227543581844,0.2584481672303729,0.027913097573496776,0.2534828350979818
6894293,0.0015309310392849938,0.2911774214134929,0.12666792394069898,0.020122214135565974,0.1304816187648704,0.34998975551397615,0.0015793810329265186,0.05860230420107954,0.019848449958104575
6895609,0.0009602970392672809,0.0032365680300886408,0.16776503776357327,0.01163925143350017,0.0017859614058962346,0.2877754530494452,0.0038462528163161094,0.03757395312345765,0.4854172253384554
6895723,0.0012829113018237033,0.0008435559420122888,0.1164136743945893,0.0005769639554057179,0.000920836058826368,0.7369561734061385,0.055364807348086596,0.061186773428414234,0.02645430416470343
6895905,0.0005399261219343569,0.0013188769928301652,0.13060305113631263,0.0005753377034920139,0.0011190781889191526,0.6410567837655212,0.11100829575098542,0.052647171139920595,0.06113147920008445
6895906,0.0009255936685506881,0.0010380052260818208,0.14152683791971882,0.0005601995893750574,0.0008977546177598385,0.671992687607577,0.05590337062637573,0.05269904313942138,0.07445650760513957
6895927,0.002150210386162414,0.002728651638791327,0.12254728776703157,0.0017394924275680563,0.002773309470143234,0.6464472854632256,0.09968818233230325,0.059276315188210596,0.06264926532656412
6895938,0.0005279592650348669,0.0020600945203954383,0.13026483295221894,0.0005363863610265885,0.0016285804836429173,0.6296896770023654,0.12012716213938673,0.05351642629150452,0.06164888098442452
6895939,0.0008047291426171011,0.0019600082434067414,0.12593236572267452,0.0006500521258801273,0.0018307750639691338,0.7249818858552359,0.028467614016648584,0.057089112669526126,0.05828345716004177
6895948,0.0007009930959586818,0.0019058332956854115,0.12039131721429744,0.0005709530530279179,0.0020394451475195903,0.6597310369044151,0.07057712237939681,0.05169993097040313,0.09238336793929582
6895973,0.001084265479070296,0.0010317362800853465,0.13314215422598166,0.0008042826242359136,0.0009681563494074848,0.6539653356144804,0.06782215441874342,0.0531411794958489,0.08804073551214657
6895974,0.0006833318507928037,0.0008779260940293321,0.12755269359253646,0.0006100301013148262,0.001030441701131721,0.6329966329394255,0.10801849464998743,0.04984568139199742,0.07838476767878437
6896754,0.0014472804274528513,0.0015564086722832367,0.11775695501019776,0.000717752166081759,0.0007184846161618722,0.3907405046843559,0.07066502055319414,0.0346534801659712,0.38174411370430134
6897915,0.002248006994236321,0.04039177535139701,0.1665494234200107,0.021377493634934675,0.026100560363276612,0.520440642701384,0.016380502499566196,0.058808019237548574,0.147703575797646
6897964,0.01896248803263346,0.01796154475637172,0.1504470141885318,0.01272357181776573,0.12231362841218402,0.38112462150575727,0.009779385524817451,0.04207554292912463,0.244612202832814
6899282,0.0010909408848234084,0.0005492858780936072,0.11258023166317446,0.00027748470270292557,0.0002341524614221232,0.2993937147060135,0.32129891081304585,0.024767055881393836,0.23980822300933033
6899294,0.0061471597918713585,0.0010764521468420015,0.12097959284664896,0.002612765441700899,0.0007901038521645449,0.2821078482680912,0.21220018887434802,0.02428334927381484,0.34980253950451823
6899376,0.0018421745787472192,0.0038291580979153243,0.12507915839267184,0.001313157458312336,0.0012827937693185986,0.28843294383478585,0.1424808314653651,0.025619280370300465,0.41012050203258327
6899506,0.0021316066511597306,0.0024768653630723994,0.11695870459615852,0.0005298051426364176,0.0007153203842097396,0.5601454662668149,0.15183611301337477,0.04906814574819562,0.11613797283437793
6899530,0.0032485524371880467,0.0005178289605262965,0.12262444475418732,0.005049755280415106,0.00037993469431702495,0.3044025621726519,0.0014862320511800765,0.04167103869478534,0.5206196509547489
6899560,0.0073601596089876735,0.0021434738276067625,0.11351188188684865,0.004235992387777953,0.0009699866908696555,0.4076502413513896,0.023400178475108117,0.035412168209785294,0.4053159175616262
6899670,0.0017263161330936328,0.00025099269720513196,0.10095147308131007,0.00018564245231846818,0.000293180836787495,0.3353396652379237,0.007363768426471693,0.03307837381277122,0.5208105873221187
6899695,0.0004399508595332956,0.00020186840509932956,0.10770283839388069,0.00016106636544200873,0.0002935981352212669,0.2918118253326321,0.0014131902462161338,0.02846614751486822,0.5695095147471069
6899730,0.0021535703144319436,0.0014791999056071134,0.12456281953371448,0.001580263209553251,0.001110238623953064,0.37003970667030045,0.04224635982707531,0.03591397369550396,0.4209138682198605
6899754,0.0058102657424615265,0.0012264502207980053,0.12569853741929024,0.005464759769457255,0.0011021993137853567,0.3085947325557371,0.0012468474627457152,0.040848351387890794,0.5100078561278341
6901206,0.0011894392012140064,0.010765229547441661,0.1356004711515355,0.003186125976654643,0.0038446854379241948,0.46204668710290764,0.1338536533814007,0.03807665884503934,0.21143704935588237
6902131,0.00040714279462323086,0.002869686984806846,0.10731936840049135,0.001100066754636997,0.0021441428360630603,0.7061949299512168,0.11277923239859161,0.061023307664789465,0.006162122214780689
6902271,0.00254495416885476,0.0226486665066894,0.14032131616232968,0.005968767967904475,0.02346919218030935,0.4623445008248153,0.0030887719494691965,0.0528605244686264,0.28675330577100144
6904326,0.00829630094715035,0.0002120942256640887,0.106540259200544,0.0003442498395373942,0.00011444618809585924,0.2738133949234832,0.0059041458298869694,0.030069737066266172,0.574705371779372
6908023,0.0007871944203424286,0.011999324506644942,0.12655230426075606,0.06907766730349103,0.013337230808606687,0.6978544134160711,0.0033997751619344496,0.06649317972592012,0.010498910396233085
6908625,0.0008286474242842134,0.0022687736904813843,0.11577242912594371,0.001084853515458117,0.0010060735096439877,0.39932329533854083,0.32790401645433637,0.0335673543304579,0.11824455661085345
6909657,0.000950270214340011,0.0005356234284258723,0.10564567856872467,0.000445704306278359,0.00017574415605036914,0.27652401195240545,0.12434415628188575,0.02553022996490185,0.4658485811269877
6909786,0.0034947026109405756,0.00043657179511519874,0.11150006615697967,0.0009424586982171103,0.00023827895107269342,0.2893063663733333,0.02184904340359199,0.03401985906687977,0.5382126529438697
6909952,0.0021505028441228505,0.0009767741290118673,0.11366203211692223,0.0009430559006458781,0.0005518602965795437,0.27437168631796477,0.1140614839865303,0.02450963693854705,0.46877296746967534
6910003,0.0017282713645908323,0.00023690709674764932,0.11906861433871092,0.00034870688121223177,0.00015280604973979652,0.26764681036578636,0.04666039593121658,0.023703211305947373,0.5404542766660483
6910407,5.1762060570852706e-05,0.0006803642114692334,0.11486012183897427,0.0001795758752662802,0.0003027664713496817,0.8124730631812884,0.0011236935316420596,0.06892415640628034,0.0014044964231589509
6910422,0.0059842405545725095,0.0006609775234052121,0.1192845502155831,0.0011701814683048243,0.00038405115151862284,0.2956060168651232,0.3072063102143514,0.02745961522468858,0.24224405678245256
6910425,0.004013988711076671,0.00019076402490436552,0.10415641344762826,0.00022995366359549523,8.421671336123449e-05,0.26882508512019715,0.023157798954907594,0.02736976015361049,0.5719720192107187
6910560,0.0031954762523259566,0.001059300689084872,0.12813293401456569,0.02284840624877027,0.0012402296922161616,0.31104268330749163,0.006663373200885589,0.04674111004888856,0.47907648654577134
6910590,0.002874302685987812,0.00022032347298905547,0.11196542942779923,0.0004114679007013005,0.00011943790089223691,0.26403312464198464,0.04820574199681449,0.026142798338817847,0.5460273736340134
6912744,0.0001415930509955734,0.0020734505125771002,0.10025002657102661,0.0003614911487786715,0.0012409281715457091,0.8228801515220613,0.0025822894860178477,0.0672038183572571,0.0032662511797401377
6919118,0.0022396591559933885,0.00554161261084203,0.12760669919955772,0.004083109418688283,0.003378887961001798,0.5766499493543722,0.13109227820361097,0.04969633009864857,0.09971147399728492
6920152,0.0018318050379490668,0.007659163604377207,0.13934495084679893,0.004170335894822256,0.003033549572690385,0.5309324241685467,0.15340109205815616,0.047006558873252245,0.11262011994340716
6925791,0.0006718582487847561,0.0054419427750308875,0.12408663393071874,0.0011523980165055652,0.0010453785064778245,0.7319967880619601,0.044843888930157685,0.05823137053201831,0.03252974099834616
6926246,0.003122872599293742,0.0008761004605125255,0.11536378529373074,0.0003061318983927946,0.00032353235855128547,0.7460795619382925,0.05054453460424414,0.060979159366475987,0.022404321480506313
6928841,0.007952283404456029,0.010703349136399707,0.20966051962210813,0.1861690089302272,0.012321958051604588,0.4505107918774911,0.00489726712645398,0.06413016900962067,0.053654652841638596
6928933,0.0007356066394980418,0.012737272966622842,0.11551249105805657,0.0008827805246594781,0.0018397241676193974,0.7799567151122305,0.01747593163575476,0.06406333748274594,0.006796140412812446
6937241,0.003980556692130982,0.000982120257094565,0.12620756582876927,0.0014362572433772231,0.0002459655991368294,0.2900576515378632,0.004608074145464519,0.03272806331900582,0.5397537453771575
6938426,7.490831391342369e-05,0.0003875346668932119,0.09936703207269584,0.00016323162685282007,0.00020838779300303543,0.8207747642557739,0.013108748913230639,0.06458651733590638,0.0013288750217308883
6938530,0.0001323363876576721,0.00089413109575641,0.10182282836718401,0.00019066616818737533,0.0001859724396859286,0.8105861748102894,0.01771254278954299,0.06657212210680556,0.0019032258348906182
6938682,0.0003527704014608301,0.0005315089733955294,0.11227101408061232,0.00040578005347962726,0.00024041628701367096,0.2937431532895113,0.5321769436526783,0.024690969438170327,0.03558744382367811
6939166,4.345150651772777e-05,0.00023383722257113123,0.09815542282607859,0.00010536368743239313,9.621150534573872e-05,0.8209562131037846,0.010451294709243062,0.06872805798615478,0.0012301474528719119
6939222,0.00038652409429090664,0.0004077422300684394,0.10789531279593309,0.00025758393397959617,0.00019008885739971745,0.2897849285700597,0.5650155445322392,0.02795829192279834,0.008103983063230924
6944591,0.01358127538501073,0.005584694093030885,0.12258141829743431,0.0012432131268673662,0.0011033529044429812,0.4797761894753606,0.2656975280800036,0.0419926366676037,0.06843969197024595
6947293,0.00024459650879336706,0.0036782163483465506,0.11340895196364012,0.0004690789443248877,0.0007914277054541504,0.7872501389999915,0.006290373071086116,0.06696434736905382,0.020902869089309436
6952804,0.0020014952873383734,0.007488939583244685,0.18072284427021948,0.0023542302803737434,0.00493481501869324,0.5847280944514455,0.02150167163541004,0.05029129350483069,0.14597661596844422
6975207,0.00012684170404957514,0.00125160512077518,0.11890781456303871,0.0002687203561747917,0.000262650330944735,0.8092946056981561,0.002066579318774471,0.06355946468899512,0.00426171821909136
6975472,0.00010379343815306658,0.0015670546806185925,0.12309727727974112,0.00019674130171892782,0.0002516865878845739,0.7977046575096896,0.0027604414932452465,0.06949057245555151,0.004827775253397477
6975490,5.9979532247316604e-05,0.00031636377786908946,0.10823555380260927,5.556672405990816e-05,0.00011849414885822984,0.8182241595681689,0.0005645457999737231,0.068871455639631,0.003553881006582553
6976427,4.3334622600268055e-05,0.00017456267933467007,0.09774014825189661,4.198308311367279e-05,6.979707865114583e-05,0.8210671616528488,0.0018129842601869815,0.0739954733343408,0.005054555037027129
10551287,0.0009753666762948285,0.004103148581226405,0.11699180627563227,0.00579230420074101,0.004054430563184823,0.7607027848579151,0.021026961126843286,0.06520832292404344,0.0211448747941189
10554874,0.32256892328919023,0.011357074105004496,0.12384865589499862,0.003429495676811868,0.009035705102579285,0.3601874329115171,0.08776923876258864,0.02842519475575896,0.053378279501550836
10555071,0.001722154117332041,0.005567504007868801,0.129928009990764,0.0015227135877734666,0.0009216218449021339,0.5602662268627708,0.030387804225479997,0.05541840494768278,0.21426556041542602
10555459,0.0029872530767869505,0.04164317687437634,0.1364347782597659,0.014499063110980969,0.012763434910901348,0.6009266623707868,0.016524440094415907,0.055514026556681494,0.1187071647453043
10555968,0.03874329907357348,0.02027327990599939,0.11271714922900361,0.20451990402549655,0.031136902082990414,0.3601204391240419,0.0027030885148027913,0.059135746066193005,0.17065019197789894
10556692,0.0067837572525710505,0.003351189492580552,0.12239639802242862,0.009393848725629563,0.0011354896092589425,0.3938026759356396,0.019600731020858617,0.04120515662516483,0.4023307533158681
10557065,0.0001632549822950246,0.006493838494392841,0.10191233245575058,0.0007560210614977051,0.0010520111797647355,0.8144767019373647,0.003292802063665479,0.06388001652677414,0.007973021298494858
10557235,0.0011655160971997577,0.014001616497433556,0.1261808284253591,0.03261475462653829,0.006503133255668887,0.7178665481272798,0.003536020518243958,0.0772659786518025,0.0208656038004742
10557310,0.0014007581482879177,0.014550768031676284,0.11858298018072562,0.008061344351833597,0.01477195606414663,0.43557751542989803,0.0018229703707092297,0.035430795464744355,0.3698009119579784
10557603,0.0008976248299203135,0.010153026149493727,0.11086579063331818,0.0027516184061822167,0.0018530060070605884,0.6639405930139735,0.018167062755349902,0.05523256321910214,0.13613871498559954
10557649,0.0006062284683000522,0.006802297632165108,0.14912000583783855,0.0034642460574638304,0.003383722064831103,0.7353522085458971,0.006336762631752817,0.06083879311777097,0.03409573564398053
10559369,0.00089743227385356,0.004519575674088704,0.1157158141184219,0.0006260008125494763,0.0006438559581483978,0.7539657837874129,0.005791308780183303,0.06434190917321647,0.05349831942212516
10559516,0.0014286537054307032,0.009993003390236066,0.10260563752531608,0.0035929793503426573,0.005057793077800678,0.7329435271202699,0.019827623008659524,0.05731414484398022,0.06723663797796424
10559765,0.0008791324408154382,0.02388558978847388,0.1036174303026034,0.0026341854741294885,0.0016861765280953127,0.7198747758259024,0.01970396519709976,0.06225826863278718,0.06546047581009312
10559904,0.0022460730289662573,0.009802363600938262,0.11042213541451439,0.0030744515236223514,0.002023013327854898,0.6687922467543903,0.028350800640500273,0.06265532285148408,0.11263359285772918
10561136,0.0019518708955040568,0.00872882577587433,0.12442729295920578,0.0017500292297600065,0.0015271956826649728,0.6700939085616705,0.003943997742671785,0.061099786024701785,0.1264770931279468
10561583,0.006752825831326538,0.0037668178286533794,0.10415073013039965,0.0015680266783819976,0.0011824587087048536,0.6785955022880598,0.07817810865562981,0.053117342576326,0.0726881873025182
10561870,0.00044216263815288076,0.004091283931092675,0.103383727357915,0.0008259797133533859,0.0009702604206198947,0.7099339013698002,0.10485853286991301,0.05560310281986896,0.019891048879284088
10562711,0.003617860008272874,0.030514693910265737,0.13965878897394135,0.051404441070743545,0.02941272679558191,0.5006139921166759,0.010145060343187108,0.050740666911065505,0.18389176987026604
10566953,0.000997043326014987,0.006701123310134272,0.1063483193223633,0.0029243222881150475,0.0031790811324350324,0.642043384327374,0.17560329564316407,0.050198438026425214,0.01200499262397412
10567563,0.013637889147168444,0.03625887167343536,0.11712030810861387,0.004137954086151437,0.01913239243619707,0.6214014962199746,0.023023575452968733,0.05591327804000582,0.1093742348354846
10568512,0.0038796678170265973,0.0012147961001010327,0.11584351977178536,0.0018527489459542906,0.0010745429568762787,0.46303666090279694,0.3168044371709932,0.03901723345529494,0.05727639287917137
10569249,0.0006384702315934075,0.0009507131780476004,0.10400170600313928,0.0009070877372271555,0.0006257695788902102,0.6853964490341805,0.10254881306509615,0.05362600168003281,0.05130498949179288
10569900,0.0014333027191647417,0.17656988815835448,0.134546204984321,0.04143544674570921,0.2680461997457195,0.30698486883270426,0.0063836821645683155,0.030719788775759618,0.033880617873698914
10569996,0.0008933126103033845,0.0012457564025745908,0.1132384005337488,0.0016634294416427785,0.0005316589545380355,0.6244029625678831,0.18021006789647062,0.05490620552152686,0.02290820607131192
10570047,0.00047652195519760926,0.0027449290687139955,0.10821971332273884,0.0016056324656762682,0.001000070404125541,0.7322316040481247,0.0762836404776945,0.0646541570430118,0.01278373121471671
10570186,0.0023435791940387206,0.003908229842503184,0.1083687853342915,0.004521578973394205,0.003874124575731038,0.6558282404205231,0.043588904075027794,0.062423142688898224,0.11514341489559218
10570190,0.0004208856068274048,0.0018738446497647478,0.11318852624612846,0.0015400161066802844,0.0011329628077195464,0.6314258375818752,0.1782965829230405,0.0582910373577863,0.013830306720177484
10570281,0.0006892766976494528,0.0017666924550930618,0.10905332853676418,0.0013110264101256713,0.0009668694369005606,0.6416875161173372,0.13692863526039803,0.06210035444988144,0.04549630063585034
10570444,0.14879034624548604,0.005992892222465647,0.12325640049668928,0.014248313178085205,0.005808346245808829,0.5025685828531504,0.014924529311070973,0.047120117785395585,0.13729047166184805
10570516,0.0019480531740178326,0.005284298160286797,0.10750615984126467,0.0018138782941428087,0.0019733400657264083,0.6872491888038589,0.015280900433909632,0.06445689883222976,0.11448728239456331
10570563,0.005386689498967033,0.0012467401788131185,0.11271412707345635,0.0015792420769487874,0.0005823396712363917,0.5437079419524673,0.15989062243778832,0.05334336566372365,0.12154893144659909
10570908,0.0031613476597784212,0.0009576738565350781,0.09941461584607067,0.002764059723041573,0.0014987835957824059,0.5395560693936775,0.26507864743130044,0.05364628564112415,0.033922516852689814
10570962,0.002724440197880359,0.009501001264120365,0.12257914514872512,0.004674125294692396,0.002538624129107857,0.6114563052334021,0.020004680211278995,0.055334529149330895,0.17118714937146196
10571126,0.016099516657704933,0.0025970301474991975,0.12400396640004119,0.0019037203423102062,0.0008464821561310614,0.46547612445687697,0.07889382408721707,0.041742229684590626,0.2684371060676286
10571129,0.057326647453354855,0.00471064775762161,0.11188099696505051,0.013023322748594251,0.001994919579417185,0.6516678908907537,0.005164441020913066,0.09009353749311662,0.06413759609117808
10571130,0.010692804054820319,0.004271653678439676,0.1162380433391337,0.023088275560046796,0.0032701950497272636,0.48308430715901046,0.0036115511027314737,0.07792005434122136,0.27782311571486895
10571150,0.0035732490462298664,0.003988732143538672,0.10597565999228693,0.0020812744686562624,0.0015789017699820145,0.6983387731925201,0.010716752877887363,0.06893853490097891,0.10480812160791983
10571157,0.020318540511191207,0.0012359629449882996,0.1217573515646486,0.00286496421369864,0.0007839403013574379,0.4040966436874624,0.32728705308593986,0.03343178845523054,0.08822375523548287
10571249,0.001353620091740145,0.000958447436546177,0.10099642394265985,0.00071747772920696,0.0005286620830535687,0.6677470576385557,0.12074763584532837,0.05535003634400277,0.051600638888906404
10571563,0.0012461737300250935,0.06386762404863933,0.10904113583833784,0.00312860347685683,0.006560490807609212,0.6179443476112207,0.009576185571890659,0.062070600783357105,0.12656483813206315
10571600,0.001460671130649794,0.003997268971763768,0.11757004692452477,0.0017736639729430904,0.0013561802828964895,0.7323826093635467,0.016583268664716152,0.06325225321159354,0.06162403747736572
10573894,0.0036948942533107498,0.004403445832621397,0.10904660863881309,0.006411174928756657,0.0016779343945916875,0.691934250203042,0.014126570221642813,0.09988954130564193,0.06881558022157955
10574347,0.008815766116953012,0.004782121025410247,0.11382503138341304,0.004537907516819601,0.0017184894774303287,0.6904781864438596,0.04775237465352631,0.06408664614758619,0.06400347723500176
10574370,0.014230603705474047,0.002978429244613147,0.10889100941865637,0.00506695630251223,0.0016119100680864543,0.5954610853331501,0.04841618708960686,0.058420883644588875,0.16492293519331186
10574372,0.003362295290768148,0.0017997851317522783,0.10948056568995918,0.0008160708313610027,0.0005547959378905424,0.5615014041416484,0.19263107695563747,0.04425466430338251,0.08559934171760053
10574408,0.005224364335867898,0.006275411364121086,0.11596292785908464,0.027854757550918395,0.004974436689431656,0.6340536066149927,0.002789017610652821,0.08404407534477837,0.11882140263015252
10574430,0.0005313839350576957,0.0013344107081387172,0.10709458959253998,0.0014685911736070918,0.0004735409578334817,0.7385140934917569,0.007688134043262802,0.07018474002661508,0.07271051607118822
10574439,0.006084909164411402,0.001940391380548166,0.10318666153817184,0.0035442786811004626,0.0009654705691149078,0.7302240466724134,0.018983079634353545,0.06837225975780165,0.0666989026020846
10574456,0.0028460717870610343,0.0021323762022093014,0.10808516174045066,0.001974119240364438,0.0009886341710503145,0.6057170729247744,0.005567370833650542,0.05150373176773308,0.2211854613327063
10576038,0.08081523422125568,0.0054219855824574805,0.10649889891137727,0.004325834501799046,0.00625512613645659,0.6666981707044217,0.012684058328546473,0.05820416301354975,0.05909652860013607
10576770,0.0044739245129180455,0.0037095904277299895,0.11930741663607278,0.014678391064869284,0.0012409915066165656,0.6675507820960647,0.018867419103169306,0.06411883013713292,0.10605265451542646
10577118,0.0013605187217227762,0.0026718516509736568,0.09714178302492661,0.001418506511527351,0.001095835470592166,0.7787217620219357,0.020138015590247797,0.07185356773800587,0.02559815927006816
10577354,0.002236300161824261,0.0010634006074342814,0.105531274548121,0.0006315942733861054,0.0005454498772330947,0.65969845664208,0.10858044775931948,0.05340568027929736,0.06830739585130441
10577622,0.0005849095439199819,0.0023034072769215655,0.09914144537046422,0.0017609552039457106,0.000886718410588261,0.6987565879744564,0.08702259507925034,0.060767506632780986,0.04877587450767255
10577723,0.002118600924520538,0.0018454998104430465,0.10428761900083726,0.0017159162118095383,0.000894412550256241,0.7216630864088843,0.07546983077541466,0.05844931591633812,0.033555718401496265
10578130,0.09106976358228219,0.010602098586390852,0.12386518191838229,0.014839302796110457,0.009662410812509242,0.5400022671700644,0.024739154219679562,0.05192956279299136,0.13329025812158965
10578295,0.0017113327721984496,0.003923831109046828,0.11400515246398718,0.005942719860958161,0.0022431376340298365,0.6171679609477699,0.1426086933141977,0.050959324742920434,0.06143784715489147
10579132,0.0004755126521287883,0.0019199428164628559,0.10766856477038154,0.000962322404581254,0.0005038159092210141,0.5855426219036374,0.24389975874014722,0.04807522317965696,0.01095223762378307
10579372,0.000897143683886315,0.003706683541184091,0.11598285365285173,0.0018040159726073236,0.0024948609871515448,0.6389399673483613,0.16037780496678347,0.050485126617779014,0.025311543229395186
10579452,0.0008638799174821067,0.00499062254710054,0.14188024164024085,0.009675936210651059,0.012549695243328387,0.7410623382738067,0.01316993178669495,0.06136345175352405,0.014443902627171464
10579754,0.0007078188517733184,0.0034608802237075477,0.14817346526396563,0.00583465455604749,0.025578954997723117,0.7229548315592048,0.010331620673327734,0.061349546875676925,0.02160822699857353
10580098,0.00225589446292284,0.004234147668450042,0.10798529336862084,0.0016689730974280717,0.001580266364710147,0.5895899851644102,0.23372785428708676,0.04823382079035998,0.010723764796011195
10580150,0.0006502751406076321,0.0021024616519571657,0.1366584413770149,0.0034791840675387022,0.0020154098476967788,0.6873479747093089,0.07754622706679577,0.05709866901515726,0.03310135712392302
10580642,0.001740609896593122,0.0023343995719517442,0.10117524701641616,0.002549098024708331,0.0011437041183772919,0.7341784578079968,0.007150305091661427,0.057586813205455854,0.09214136526683937
10580740,0.005439714456345051,0.0012385726103836096,0.12170472488755775,0.0013449937190434299,0.0005882818589736812,0.47549784625191566,0.22834728534222515,0.04351961112472624,0.12231896974882939
10580745,0.0012114062890510014,0.0016363379594311759,0.12069977688279707,0.0012673535372377755,0.0004683183748498414,0.505076133157446,0.20829661634785412,0.04706418812614082,0.11427986932519214
10580771,0.026834483592701266,0.002723335331170278,0.10787657931669592,0.010142198132036569,0.0012751526109453383,0.6286544326620321,0.026209642975076212,0.09333726172835646,0.10294691365098578
10580995,0.0026280923923477297,0.007496031652993113,0.11305293811915261,0.003962797990839392,0.0012498882469079732,0.588255017201054,0.08421073093065312,0.060598593322835376,0.1385459101432168
10581310,0.0009442792085590447,0.004277199345290219,0.10937982691580823,0.0017531940336779663,0.0008623129533689134,0.581165332231714,0.2057130031196623,0.04961582026947162,0.046289031922447765
10581368,0.01339560159034609,0.015409569660813504,0.135586148725408,0.08376273634038862,0.008692966273401274,0.5393499878723306,0.00451995136025773,0.07285850207898653,0.12642453609806767
10582173,0.005299606823714651,0.0051409468513834355,0.11173574801380633,0.004696944265375642,0.0015153077858786463,0.7204833385085131,0.00890645593673137,0.06455723048695604,0.07766442132764097
10582418,0.2635305818393081,0.004964403917725841,0.11314208175130484,0.004244048459047885,0.013857561811579986,0.4867427281957154,0.011168070476393576,0.04538171669296382,0.05696880685596065
10583009,0.0005643648828688031,0.0019505862222327366,0.1107075768941871,0.0009200093236184823,0.0013989669125010293,0.5782052685074857,0.2547673732613967,0.04545893176906089,0.006026922226648592
10583434,0.002419335419979262,0.027042570535266316,0.10902720838253367,0.07207098951695684,0.0017991850918230529,0.6235608376006291,0.016601745339725592,0.04926004470136346,0.09821808341172279
10583521,0.00027281694629580755,0.000360940435810364,0.11718886722817015,0.000562848588520172,0.0004073496176486634,0.3835967855489511,0.4509776880866817,0.030207386679905773,0.01642531686801632
10584210,0.0006033520952257398,0.002024316510139192,0.11087217863260317,0.0011375693826909726,0.0005757165218173558,0.5997727066751316,0.1930975158335937,0.05274037035871214,0.03917627399008619
10584222,0.0009026205139224183,0.0009293873200560723,0.11521670237152364,0.0005509955109605744,0.0002889863175656128,0.6543206677759354,0.16082022398753387,0.05129498471772998,0.0156754314847724
10584314,0.005631376171744522,0.0012014302234239832,0.11903848410578202,0.0013541953034458053,0.0005722863485447468,0.36931666775431765,0.11432675744378752,0.03379191484514752,0.35476688780380633
10584430,0.003378619100564064,0.0015820460880068914,0.11556298200920632,0.0014924608451700116,0.0006832060075753965,0.46038846831031127,0.3018168316853226,0.03803642238880061,0.07705896356504278
10584519,0.002038196777698545,0.012132196429889441,0.10310304367801225,0.004864079661478311,0.0018786804168265513,0.6035054714769829,0.16535815522797323,0.05797415550327515,0.049146020827863714
10584820,0.000991227996089666,0.04497609160597003,0.1066340066343093,0.001509111701825331,0.009719507751390275,0.7320048458161232,0.01146605807237294,0.05758340590382972,0.03511574451808943
10585136,0.0009322002047135632,0.017894281013329284,0.10639189270448461,0.019504070198083787,0.0013911541248422823,0.7735999441380391,0.0061160313907600685,0.061024001893504466,0.013146424332242905
10586849,0.0011961781162976553,0.005336952490894754,0.11439125625668672,0.007361478924364759,0.0031814926238591104,0.7053945810291252,0.08215772307301301,0.060467239694947356,0.02051309779081146
10587734,0.01463084902061295,0.005266396804995147,0.10095826640151384,0.0031530472190069154,0.00314171324521713,0.6276133117153934,0.15472125022177924,0.06043174879704917,0.030083416574432132
10587840,0.001825399453466884,0.002596058099325136,0.12984760034306683,0.003245548286022279,0.0008285573091909678,0.7014552951242093,0.08196523055818201,0.05669847284080507,0.021537837985731393
10588529,0.003153753255788545,0.00014236952559545322,0.1067359878720841,0.00020556705059143396,9.697232844666667e-05,0.2665801541405396,0.5776981492743828,0.024479080332355848,0.020907966220215582
10588664,0.003032824355560523,0.00040209897184814367,0.12480409888147047,0.00034592220348174147,0.00024897571442958994,0.2924000726094144,0.4000404457217412,0.022934043898577724,0.1557915176434761
10588792,0.007358435868407854,0.0004126634251337694,0.10766486610915492,0.00040075479356329035,0.0003027342436256035,0.29170283100180705,0.39261218903706974,0.022823077836799713,0.176722447684438
10589349,0.0017072134579038869,0.0047116507612826744,0.10982955160838305,0.0015492454969502135,0.001389350983126564,0.3833936360365168,0.12430929023931105,0.03161277129558478,0.34149729012094093
10589410,0.20465017103676958,0.0009967271395874883,0.1274616998753712,0.005743617131146542,0.001216448703052515,0.4722048623214903,0.03185458088806208,0.042412664844780026,0.11345922805974033
10589411,0.009590498633204655,0.0008435656994155071,0.1038016595703879,0.001344633200463953,0.0012890947157350914,0.5060952379963304,0.028869272524288666,0.043383069401736724,0.3047829682584372
10589472,0.023791397417484303,0.0024542277228155845,0.11165189804663542,0.002674978609406545,0.00249482974497839,0.36680707374763194,0.06347712002754295,0.03358043985672887,0.39306803482677605
10589485,0.0504333934373194,0.0018983206203696905,0.11287024163352531,0.003319125175317766,0.002439416911560223,0.4024444961470658,0.018133301739936183,0.03457194506232301,0.3738897592725826
10589763,0.0008847744792047135,0.029787591409728156,0.11151377625565828,0.02365996777859307,0.002990489580222495,0.7411944191450375,0.015454484409317543,0.06249778730561218,0.012016709636626075
10590733,0.003007421410629615,0.010521031165201814,0.1285866107283038,0.10035159073751751,0.003373041303485934,0.6632787454944569,0.0034957252021247816,0.07948039821776409,0.00790543574051571
10592587,0.219436595816153,0.004012044398929686,0.11263791611350425,0.004267398508260102,0.00852001084161645,0.5196749190982508,0.006936849753242091,0.05098547785816135,0.07352878761188222
10592944,0.0014030983356800649,0.01571391538815017,0.14947528730112128,0.025141740357392812,0.02346366416091176,0.683893634255881,0.01824196168224021,0.05870397317747279,0.023962725341149946
10595034,0.003108803979509427,0.017904891996323852,0.11232468623546037,0.004069201131103271,0.018020790928151488,0.7117138462436113,0.007463731820631025,0.06675143184187052,0.05864261582333886
10596119,0.0002788165822365866,0.0021408034690626097,0.10548836612552803,0.0002756975465539562,0.0004667707781141944,0.7853392921125346,0.017987847550406513,0.06479579889858941,0.02322660693697407
10599481,0.00038709666827527417,0.0007491980424335853,0.0986492553922389,0.0005297296481019682,0.0005553257945581103,0.6377777929132211,0.20433977505473602,0.04984289253689591,0.007168933949539093
