track_id,Clutter,Cormorants,Pigeons,Ducks,Geese,Gulls,Birds of Prey,Waders,Songbirds
6868504,0.0171207815593472,0.0930398424905332,0.0897811327791287,0.0844957362933382,0.5928875948787503,0.0449402602698279,0.0015158220574275,0.0554983709368297,0.020720458734817
6868536,0.0173897362192515,0.1343106760073488,0.120741076385625,0.077572864731343,0.4009092734414524,0.1121706532534107,0.0023336235662363,0.0733386300818049,0.061233466313527
6868565,0.008875509470004,0.0952923147237219,0.0939300667282282,0.0489722087228712,0.6389606191077933,0.0390338627949486,0.0010412591828139,0.0547323010753732,0.0191618581942453
6868861,0.0003084826022937,0.1173533951249916,0.0550071859065355,0.0038984044920511,0.7709249053597237,0.0022688930335616,9.651744089410742e-05,0.0493152686876605,0.000826947352288
6869275,0.0001714476230557,0.114945279527306,0.0519277472950754,0.0050881777095833,0.7673162222457979,0.004584590924064,0.0001267750346185,0.0539242524616067,0.001915507178892
6871418,0.0034590186988744,0.157095060253576,0.2164171970886428,0.1005821272265184,0.1246839501953201,0.1974837260770071,0.0041147220940531,0.1344520246655564,0.0617121737004514
6872996,0.2704772534101238,0.0534236821314928,0.0589682020811456,0.0033897046158169,0.0468822623796507,0.3676756633244156,0.0488044855803532,0.0583049165061093,0.0920738299708917
6873817,0.0115409509070348,0.0694582574082276,0.0720615805853639,0.0220417906886824,0.271999327266694,0.3448044416721995,0.0038776474228008,0.0870156288654716,0.1172003751835249
6874023,0.0006313827807319,0.0642109910818495,0.065971710493343,0.0047673984814949,0.0086708726180949,0.7608751592586023,0.005367990600289,0.0773479865021131,0.012156508183481
6875504,0.0006988780722677,0.0783526735792655,0.0679465568092488,0.0031720996583802,0.0043148425322267,0.5178223488673761,0.0429090907741631,0.0660207865026516,0.2187627232044199
6875899,0.0012612037042957,0.0627725228987632,0.0594971380220938,0.0034908145959268,0.0072543685799421,0.5724837858646706,0.113979871116785,0.0583176103199746,0.1209426848975478
6877293,0.006408861283721,0.0541556226866599,0.0680218645010395,0.0130678136831634,0.0037151027474346,0.0256557245632886,0.0057864418788577,0.0695540516595862,0.7536345169962486
6880408,0.0032298832237068,0.0994065001582054,0.0584196235767425,0.02289100602478,0.0146367577910653,0.5338378726848363,0.039471249332199,0.0733560497604381,0.1547510574480263
6880690,0.0009321069665439,0.0539492735085292,0.0756887600103082,0.0076801069087131,0.0036874678502942,0.5355193761732354,0.0150161022515138,0.0763477286100598,0.2311790777208022
6880833,0.0019192541700794,0.0513292302337612,0.0690979394461905,0.0015965717916671,0.0011149903168776,0.0344071228507712,0.2431912148292562,0.0603488587258634,0.536994817635533
6880956,0.0001942440724845,0.0587288988724894,0.0544255135034999,0.0016969697337077,0.0038573732930035,0.809173298170624,0.0074753559551491,0.058532787149804,0.0059155592492374
6881733,0.0006465395263854,0.0510463230751375,0.055067232475766,0.0003021353704902,0.0004827770247547,0.0327550971771567,0.7989773729399856,0.0530538258982934,0.0076686965120302
6885154,0.0274315828505485,0.0576803057793315,0.0605768466460758,0.0132425692711958,0.0121632189799518,0.5848379817376038,0.0378404683756705,0.0851798826435029,0.1210471437161191
6887294,0.0021161678020998,0.0615947956546231,0.0728373594117764,0.0014367295964103,0.0037443218388822,0.2709741543484242,0.0059763826394405,0.0617675500372328,0.5195525386711103
6887586,0.0096921711020299,0.0485836817640019,0.0727781801473731,0.0066235776770409,0.0025289093664725,0.2292154939734184,0.0093725887180714,0.0664203041569261,0.5547850930946655
6887600,0.0025161350149302,0.0494289698522987,0.0685384435222738,0.0020021693637974,0.0007198376649839,0.0454491975992234,0.0050680032647523,0.0637984988650824,0.7624787448526574
6887637,0.0068130209412823,0.116841212772366,0.0970783631817058,0.0505719397712199,0.0735403211473844,0.260915283876827,0.0202742172503021,0.0717565786381569,0.302209062420755
6887702,0.0274908530646178,0.0522379123015872,0.0776780713808234,0.0027771031867063,0.0016364078047359,0.0819004530712732,0.0657157506628247,0.0654198001798533,0.6251436483475781
6888243,0.0031752718056883,0.0801397080719837,0.0746390671195726,0.006953312523907,0.0146186467952029,0.153882623081727,0.010438115406826,0.0611875885894705,0.5949656666056218
6888737,0.0019154812932921,0.0749792365981827,0.105853978427135,0.0181665054179395,0.0110688466557106,0.1183207914515663,0.0106766589590107,0.063884979970437,0.5951335212267257
6889024,0.0126321002201581,0.0512221175470092,0.0663588797785721,0.0029103673285575,0.0011336469031515,0.0402056054058554,0.2287326549250268,0.064392712370623,0.532411915521046
6890285,0.0039897179636157,0.0900507629049106,0.0597301688557864,0.0047922721758175,0.0032894826731835,0.3240208865933277,0.3798802475277148,0.0598846254036829,0.0743618359019606
6890416,0.0054039771745246,0.0721109889354022,0.0943117097934794,0.0058716969369262,0.0055050319015684,0.2212570787909299,0.0521579111280925,0.0894125228391596,0.4539690824999167
6890579,0.0020994431679124,0.0491363383324189,0.0782919021960528,0.0020160798690063,0.0006111276089893,0.0320328891810249,0.0564183684360849,0.0597255351930249,0.7196683160154853
6890917,0.0059879521501597,0.0554579258153219,0.0745215600961421,0.0031145549761854,0.0014347761252435,0.0650192090782714,0.4829619993438191,0.0618657313886525,0.249636291026204
6891091,0.0070583495029431,0.0508059441692794,0.1132504094582177,0.0409022338908622,0.0091351938936729,0.0654715961867759,0.0049915490443103,0.0676484081667659,0.6407363156871723
6891208,0.000873140311633,0.0502512219588932,0.0705032047511461,0.0003948894233298,0.0003976617980218,0.0355000510472261,0.0370009376820297,0.0539515314397812,0.7511273615879388
6891245,0.0026240204986829,0.0512743644181962,0.0678903810084862,0.0014258397285407,0.0013899558860134,0.1097856567733729,0.1805830253965053,0.0566344968966219,0.5283922593935803
6891309,0.0004506777507125,0.051381868617604,0.0610164552017112,0.0009108111084158,0.0007037551103965,0.0358781448811667,0.0440174631378007,0.0606005412000684,0.7450402829921237
6891366,0.0089942318336401,0.0497895914382532,0.063125141448986,0.0007720799600659,0.0007630519387895,0.019913995240766,0.1318944152801085,0.0569390743565855,0.6678084185028048
6891473,0.0063103484762693,0.0557026128823833,0.082044150606934,0.0045536572075258,0.0030030054733392,0.216376344120909,0.0204364032273294,0.0598852652058599,0.5516882127994499
6891484,0.0007030943406748,0.0473850728066764,0.0677624550547722,0.0004209547590943,0.0002501355669275,0.0064602821228333,0.0144189874337596,0.0627115804964719,0.7998874374187895
6891531,0.003160142049356,0.0564100818338999,0.0663050898671828,0.0034458389006441,0.0016814920916058,0.1236034736260828,0.3080354665910274,0.0610522993290181,0.3763061157111829
6891557,0.0020105330623029,0.0526288831640245,0.1093362417774525,0.0019088920577283,0.0006998133033118,0.0203682599838895,0.0095539877955777,0.0672679620798761,0.7362254267758361
6891579,0.0018922901890614,0.0546364590529168,0.0827687085625314,0.0026738262636533,0.0020618994744262,0.0452767824971266,0.1387912795404279,0.0612938991352489,0.6106048552846071
6891867,0.0127497618996846,0.0527714216033463,0.0639758071676985,0.0045879664423974,0.0014624314706419,0.0661901386917984,0.6103820891915376,0.0605958908750382,0.1272844926578566
6891888,0.0091007989067897,0.0485329615100895,0.0690476879476041,0.0064663770021783,0.0013285200300187,0.0257590441550856,0.0257933702250324,0.0818804246942784,0.7320908155289229
6892297,0.0074486928092346,0.0523938193512549,0.0577125537937823,0.0008836485673726,0.0005251131098892,0.0269096750256968,0.5142534003836008,0.0550181440021609,0.2848549529570074
6892562,0.0035523786005405,0.051543419868451,0.0645990428727807,0.0029071945993572,0.0013307504013652,0.039646533040158,0.4418539033459046,0.0656369675597373,0.3289298097117054
6892587,0.0041364875959624,0.0517934389990316,0.0627249874721154,0.0016435572247364,0.0008870392390513,0.1064860327222563,0.3069870457092775,0.0642884558763117,0.4010529551612571
6894293,0.0029739847159423,0.3364455834248868,0.0791484756170562,0.0633413329691065,0.2027442269155946,0.1465895941458101,0.00289068920859,0.1256226056671368,0.0402435073358765
6895609,0.0021130456605188,0.05148855601976,0.1088069344649348,0.0220994594292059,0.0029751621190056,0.0385873011444436,0.0087860885893222,0.1006413264855064,0.6645021260873025
6895723,0.0028563422388952,0.0508236857580419,0.0637614642783819,0.001001721122986,0.0015414868461706,0.7233871546917019,0.064298982138528,0.059770532943516,0.0325586299817781
6895905,0.0011330486623459,0.0505435308434858,0.0717281711566678,0.0009887957049514,0.001846690321668,0.5474688483908448,0.1820340852379291,0.0614465544406384,0.0828102752414686
6895906,0.0022443833157248,0.0534876971460554,0.0821083070753892,0.0009447412039736,0.0016405297687784,0.6072046331654283,0.0796964996587737,0.0628543501895818,0.1098188584762944
6895927,0.0049091277392118,0.0615433429989087,0.075893487893261,0.0026591930231219,0.0035119027140401,0.5671043421920332,0.1210434810141345,0.0678198402924098,0.0955152821328786
6895938,0.0009972739660372,0.0521675908114179,0.0698278302540513,0.0008176360933162,0.0025365675453758,0.5395306163778747,0.1883352817613286,0.0612719437940752,0.0845152593965227
6895939,0.0017119658246816,0.054014671044939,0.0655365083478947,0.0011473918735562,0.0032194178992353,0.6957902560205449,0.0412848322554295,0.0602391660074524,0.077055790726266
6895948,0.0013394635150371,0.0538289899989749,0.0667149810934354,0.0009897388281833,0.0030598168648671,0.5797850331879225,0.1013872755099158,0.0632765252457086,0.1296181757559549
6895973,0.0023175107007307,0.0506738979221205,0.088989377470947,0.0013614336421672,0.0014651905476913,0.5911770807216332,0.0817905745062679,0.0651028501108755,0.1171220843775662
6895974,0.0014297170781314,0.0509333338880144,0.0691214521744086,0.0010425493523527,0.001764320364491,0.5326802155022817,0.1595062788735753,0.0599717435896072,0.1235503891771372
6896754,0.0024334420578229,0.0525692125611869,0.0675416018194331,0.0012812801484654,0.0011829430737051,0.2166820627914706,0.091754526455861,0.0618608975327872,0.5046940335592675
6897915,0.0035762023276918,0.0876622365332571,0.1266549750143483,0.0402002462718822,0.0407244089270677,0.2890346579346011,0.0275519202374113,0.1722017379133184,0.2123936148404218
6897964,0.0253961006253985,0.0788676122272987,0.1182164618376872,0.0348379045099837,0.2713284321270464,0.1060545070505666,0.0115776547168293,0.1032381658152405,0.2504831610899489
6899282,0.0018715914619551,0.0543095582177618,0.0549675071466338,0.0005467316793992,0.0004349746946176,0.0547439632635222,0.4767572071496643,0.059222601577239,0.2971458648092067
6899294,0.0073552450847577,0.0534699400316881,0.05986482842896,0.0036945885613951,0.0012326760685399,0.0360614243926551,0.2872316826301404,0.0634907859172397,0.4875988288846234
6899376,0.0023145295306433,0.0563243239074801,0.0715492443034418,0.0017965694724948,0.0016865823341238,0.0365980623753409,0.1571175075799576,0.0655847621918712,0.607028418304646
6899506,0.0033394846700501,0.058920617389544,0.0586063044420105,0.0008407864069493,0.0010928440731169,0.4303988130499548,0.2309066743341936,0.0591249978163927,0.1567694778177876
6899530,0.0051302672460758,0.047159939650426,0.0569379308243609,0.0069279566823352,0.0005586980398473,0.0583997587773722,0.0035230220193207,0.082193044545576,0.7391693822146852
6899560,0.0121126741080288,0.0527921445952256,0.0601479808200338,0.0077021316539572,0.0015489957925069,0.2378850310444956,0.0342820686774874,0.0833017991671042,0.51022717414116
6899670,0.0034720772401196,0.050042203407728,0.0538269300684,0.0004479168238034,0.0007146048437074,0.1279334699529653,0.0103973587389948,0.068591169362579,0.6845742695617021
6899695,0.0009085119246973,0.0486935305459433,0.0611301737390014,0.0003939124329217,0.0005725291112897,0.0330750689127127,0.0024331706680052,0.061966555653556,0.7908265470118723
6899730,0.0023567385903318,0.0510184012282799,0.0613690705187132,0.0018309289492203,0.001344699877803,0.1471710360001763,0.0343965065930694,0.0729046403662776,0.627607977876128
6899754,0.0080701363705998,0.0505690254492579,0.067579641397959,0.0106581232868194,0.0020765670663809,0.0605070172436143,0.0020481721092374,0.0763246561147833,0.7221666609613474
6901206,0.0015153585923443,0.0645750657789949,0.0803536043930662,0.003438834830922,0.0037469884363027,0.2621108914400114,0.153020767999219,0.0796998837820825,0.3515386047470568
6902131,0.0005017901699332,0.0534412297745133,0.0539011707049505,0.0013579490324754,0.0027429507637319,0.6757037616079266,0.1332260931585592,0.0691926850763031,0.0099323697116067
6902271,0.004783622426827,0.0751762381797893,0.0766225925067624,0.0122145167885794,0.0304037266305699,0.2747317012655095,0.0055543574624685,0.0851573983983573,0.4353558463411363
6904326,0.0167106303990571,0.046470863651755,0.0584732415991672,0.0008472044873469,0.0002617515549567,0.0151354895236072,0.0139486486302878,0.0656916119537006,0.7824605582001212
6908023,0.001190551037743,0.0640774806450718,0.058547233935927,0.0793309594125827,0.0218790688570751,0.6486598733445863,0.0043208200219054,0.1099432843077127,0.0120507284373956
6908625,0.0015259224384544,0.0557144217065362,0.0629091123545056,0.0018504699893342,0.0015250264395144,0.227429303926396,0.4542854737719431,0.0593500898768159,0.1354101794964998
6909657,0.0015984921828157,0.0504974941015023,0.0580539230208392,0.0006144416622534,0.000287241728857,0.0202407644710452,0.1908468949469659,0.0608777861886696,0.616982961697051
6909786,0.0065262446572055,0.0480870663727368,0.0595830022670769,0.002222818783387,0.0004635681291554,0.0515120626990162,0.0328690322164947,0.0801535067471376,0.7185826981277896
6909952,0.0035202609144102,0.0497737639102471,0.0576870429273582,0.0015169348307257,0.0008551290527113,0.0188989196355234,0.2129618224469456,0.0656383354297398,0.5891477908523385
6910003,0.0029204806453624,0.049686287067659,0.0573234215412587,0.0006987989747069,0.0002786220923819,0.0105018568241296,0.0546710970356876,0.0644230144755109,0.7594964213433025
6910407,0.0001037932845638,0.0601058652740225,0.0468598757514257,0.0003703485225656,0.0006761726339686,0.8153054107421036,0.0011249548025207,0.073898835314997,0.0015547436738322
6910422,0.0096077701104553,0.0501366523153987,0.0609663863099315,0.002378444566227,0.000712348140395,0.0592985941896884,0.4006456469767678,0.0710048969454182,0.3452492604457178
6910425,0.0082619325105425,0.0499532674402249,0.0535174133245006,0.0005949593727277,0.0002144818107651,0.0097757569747192,0.0421610832515073,0.0629586118329345,0.7725624934820777
6910560,0.0046606395691437,0.0470290282244691,0.066527212042671,0.0411886922629592,0.0017967048913951,0.0471330799826068,0.0071154327841271,0.1299717505318854,0.6545774597107422
6910590,0.0043638099664046,0.0503289241131395,0.0530895027263101,0.0007729169021907,0.0001975266327377,0.0094634138929218,0.0723945292019463,0.0633254727756113,0.7460639037887375
6912744,0.0002236961395581,0.0501833081572862,0.0505547665396168,0.0006529026297311,0.0017702290673157,0.8103708717302596,0.0036131458473725,0.0794607573805903,0.0031703225082696
6919118,0.002553086891931,0.0598187181154647,0.0669089148799368,0.0044097385543089,0.0035030990443272,0.4338910698654639,0.1939032164115992,0.0614207921234652,0.1735913641135029
6920152,0.0018493263441728,0.0565823421506511,0.0874925464831631,0.003865589025564,0.0027137614319752,0.4114227484734177,0.1975886313072845,0.0662845938082542,0.1722004609755169
6925791,0.0010246660304878,0.062454416782178,0.0604198174382564,0.002177809571883,0.0015118777856006,0.7106578730025813,0.0533953680229167,0.0680196661512923,0.0403385052148035
6926246,0.0032548163078974,0.0521397906821372,0.0595353649265184,0.0005420086602197,0.0005896654814726,0.7250677835283872,0.0681278054421909,0.0548142516769747,0.0359285132942017
6928841,0.0092798919499119,0.0758951005436765,0.1115755461748845,0.2570724253007823,0.014150164970303,0.1501227223617711,0.0056823475166731,0.2994928407337363,0.0767289604482609
6928933,0.0007949184011253,0.0728305247749772,0.0613352827025564,0.0010449228267408,0.0028229416946831,0.7714988209377416,0.0256683441412632,0.0536497070191615,0.0103545375017508
6937241,0.0073526795708974,0.0517456703651984,0.0683463945024633,0.002683630689065,0.0003578659856216,0.0233610747592089,0.0085635326162166,0.0943374768473506,0.7432516746639779
6938426,0.0001181010507467,0.0577282724108347,0.0526595549613066,0.0002501613646783,0.0003325857577644,0.8158970848969643,0.0174560205403605,0.0533870380446473,0.0021711809726968
6938530,0.0001789854127884,0.0616188809942789,0.0512958121378142,0.0002833759193379,0.0002587264942264,0.8096066031869686,0.019826123738208,0.0546151952111344,0.002316296905243
6938682,0.0005515340613612,0.0526749308258044,0.0571650395550568,0.0005853650722156,0.0003659175702524,0.048603151261308,0.7270443424235513,0.0556455675936763,0.0573641516367736
6939166,6.44042434557699e-05,0.0581068214660126,0.0522133675172655,0.0001580605867041,0.0001555762023337,0.8189022995557377,0.0155038155091834,0.0532451236343679,0.0016505312849393
6939222,0.0008566365424181,0.0543757263638864,0.0559908358015681,0.0004697300510196,0.0003353579073548,0.0581225383505576,0.7575348034516642,0.0555295484739866,0.0167848230575443
6944591,0.0188820221643807,0.0596313317696211,0.0681432869686523,0.0015251489307753,0.00140701091241,0.3553284804220201,0.3506792662934502,0.063715760068807,0.0806876924698829
6947293,0.0004199056489035,0.057435884244701,0.0628919857996897,0.0008021222415132,0.0012468011970186,0.7807007825617267,0.0084194182682984,0.0631387152912455,0.0249443847469031
6952804,0.0040314554304192,0.0648553174131178,0.1623016080251557,0.0042353570476166,0.0093683663585691,0.4317911931330426,0.0371867371609719,0.0907134570114316,0.1955165084196752
6975207,0.0002641284537011,0.0530967000733066,0.0614339153492282,0.0004785644532839,0.0005009487914004,0.8068423249199245,0.0027935975856933,0.0698304555505278,0.0047593648229341
6975472,0.0001802549482964,0.0540979577654568,0.0547744419304276,0.0003280494568289,0.0004270842426491,0.8092996383464199,0.0035027063668735,0.0717917376576921,0.0055981292853552
6975490,0.0001148047648624,0.0502382888164287,0.054699211744115,9.33673659921446e-05,0.0002034378886196,0.814925991260759,0.0010013919797176,0.0737689356129816,0.0049545705665234
6976427,7.588017564007675e-05,0.0469848643887158,0.0498461579027056,6.841347259287462e-05,0.0001037038098833,0.8209275448535189,0.0018533675095655,0.0754314574723832,0.0047086104149945
10551287,0.0012774264469532,0.0570688793450751,0.0562476479222334,0.0062177705237301,0.0051630035432847,0.7593764516302296,0.0282179857763582,0.0605375158089046,0.0258933190032307
10554874,0.4245323053597462,0.0717262248686759,0.0622493930484886,0.008392976372686,0.0181755208975673,0.1599741155063871,0.1131444786750195,0.0615537259577628,0.0802512593136664
10555071,0.0024859612139782,0.0601938209910544,0.0573977166213844,0.0025244156996377,0.0014776375871751,0.4359043310090844,0.0359823225987613,0.0660607783963849,0.337973015882539
10555459,0.0028969795197029,0.114696738880496,0.0790091001310394,0.0183281163543108,0.0168295885953674,0.317593667252094,0.0190247842279992,0.2426862985515272,0.1889347264874627
10555968,0.0494797589683095,0.0706613640370014,0.0644231677305225,0.2256323735359486,0.05059040007254,0.1677984454777179,0.0042584024858811,0.0969596014556304,0.2701964862364484
10556692,0.0112393107956026,0.051298821767782,0.0647432266595546,0.0162132657474337,0.0018595294920535,0.1889415060488959,0.0161765878339701,0.0797551647427273,0.56977258691198
10557065,0.0002523658290257,0.0676441158771462,0.0519676989609291,0.0009741954288535,0.0015348945032763,0.8076146334630518,0.003903854362913,0.0578882004911979,0.0082200410836061
10557235,0.0021895711141071,0.0738846384462443,0.0577436512643729,0.0611346783077811,0.0108745744181334,0.6496090569488584,0.0058412945439984,0.0996084955183285,0.0391140394381758
10557310,0.0018884482388853,0.0703523458090112,0.0610286802794806,0.0095036932962244,0.0387247878936133,0.2401689330725893,0.0022428733475258,0.0708984059755395,0.5051918320871301
10557603,0.0013002066561954,0.0669416883343204,0.0595762833291006,0.0042550033068296,0.0024629737115318,0.5965287323207382,0.0198981006112687,0.0643629265291996,0.1846740852008152
10557649,0.000847445860532,0.0632780140250359,0.0618890071604087,0.0045608670222569,0.0048363393535267,0.7251843266778626,0.0075042170690166,0.0804268518706709,0.0514729309606894
10559369,0.0014386962226993,0.0583932361195277,0.0546245928569568,0.0008753854271374,0.0011944243344513,0.7603017228283747,0.0076789377480544,0.058366398180428,0.0571266062823699
10559516,0.0022032849031815,0.068317814294816,0.0556318340034354,0.0046158684796067,0.0076092299435645,0.7011294227317376,0.0270722602457735,0.0621400988884055,0.0712801865094789
10559765,0.0009101897080463,0.0938819675158462,0.0503381874766884,0.0035713265632602,0.0026370096770362,0.6612541562317,0.0164636797038511,0.0681457251071198,0.1027977580164515
10559904,0.0032340264590719,0.0675587534487028,0.0589648051457843,0.0048716271758476,0.003185580372494,0.6252800333059293,0.0375340173894653,0.0629637545536263,0.1364074021490783
10561136,0.0027592844467266,0.0610303273334121,0.0579156623578212,0.0027179614470531,0.0025158498983598,0.6884927449574368,0.0044471615469337,0.0632428325363222,0.1168781754759341
10561583,0.0139177977135501,0.0595751925765791,0.0553043788510914,0.002305060697951,0.0019170773873487,0.6105185895017811,0.0921022337697141,0.0729367778534935,0.0914228916484908
10561870,0.0007715241338713,0.0725023834552035,0.051228750958124,0.0010916489902998,0.0018475873336899,0.6347284961361328,0.1562727104882204,0.0559357117537814,0.0256211867506763
10562711,0.0046560845017351,0.0859440898336803,0.0726874912493966,0.066474371436833,0.0475072284709158,0.3711176308175387,0.0136404688481496,0.0832285381187455,0.254744096723005
10566953,0.0010440296306578,0.0596725792048084,0.0541115158751054,0.0027938505767716,0.0034858975561359,0.6123029553702494,0.1876490048697803,0.0648108233861025,0.0141293435303886
10567563,0.0151399272894421,0.0818410741315941,0.0660857002343352,0.0056157565228939,0.0317530874283836,0.556545385950129,0.0312335577742665,0.0699141921445818,0.1418713185243735
10568512,0.006411579455203,0.0538693172131682,0.0570243980198769,0.0031487465210444,0.0017803741260813,0.3261959130594528,0.4086572034572137,0.0635088696222089,0.0794035985257505
10569249,0.0007272061605858,0.0537763551243585,0.0541554676467722,0.0008931615983455,0.0007276089968439,0.6606919182729133,0.1365016402835255,0.0581319780517133,0.0343946638649416
10569900,0.0022284743003227,0.2393961121734174,0.0693710721784768,0.0615987482964054,0.4231029921990304,0.0627624793065806,0.0095948291653892,0.0883083979996056,0.0436368943807716
10569996,0.0013845298894814,0.0543070064973976,0.0574188323510365,0.0030521411681597,0.0010742749700934,0.5351952651313999,0.2618717587603067,0.0599855008647591,0.0257106903673652
10570047,0.0007021454190568,0.067405963305161,0.0525508791363757,0.0021669230931794,0.0013449918606463,0.6827188487921921,0.1119372039056347,0.0645684342179916,0.0166046102697619
10570186,0.0039851834474193,0.0546932474489685,0.060227159845355,0.0080689514358059,0.0072993272311427,0.5940119129492979,0.0772921157240828,0.0654568325093211,0.1289652694086063
10570190,0.0007837967235663,0.0681398303994412,0.0512063105218512,0.0029132983134828,0.0023914337532193,0.5559803148367939,0.2419720006153026,0.0575410089518475,0.0190720058844949
10570281,0.0012678101567667,0.05683196417475,0.0544229947364047,0.0025204017357426,0.0017780380919994,0.5918539923761682,0.1814904396131775,0.0601463560132548,0.0496880031017358
10570444,0.2627688160606643,0.0574271564309649,0.0628371727598204,0.0195480937648411,0.0113875914540141,0.2854405085607613,0.0291228858237792,0.0816315351133294,0.1898362400318247
10570516,0.0031548500337203,0.058290258707098,0.0600461813125908,0.0031859853286324,0.0034643796517967,0.6500024247233155,0.0260065978715269,0.0647519761780375,0.1310973461932817
10570563,0.0097121264999146,0.0514362881385615,0.0539940777945748,0.0031156086824655,0.0010816771831093,0.4310557421244767,0.2605015177603959,0.0692655312170663,0.119837430599435
10570908,0.0060644912717981,0.0529585062983648,0.0527830183195872,0.0048426442182683,0.0031858540165374,0.349260960891216,0.4236525805581854,0.0719969988658295,0.0352549455602126
10570962,0.0030725412596058,0.077920290799162,0.0672398847370357,0.0059894498741019,0.0032631423635849,0.333216773907441,0.0245283300663931,0.2465851999300201,0.238184387062655
10571126,0.025144909561122,0.0532366467028255,0.0600243536661824,0.0030718404921263,0.0014152175444332,0.3524096329903859,0.1020062480654838,0.0644196924625893,0.3382714585148512
10571129,0.0829623396597136,0.0552767033870307,0.0551109872765472,0.0210198454863081,0.0039230491561416,0.5971149973449813,0.0075837694508272,0.0873602814097909,0.0896480268286591
10571130,0.0129624863510096,0.0530131936719496,0.0614348344427936,0.0323444898086194,0.0054501642484667,0.3677990012816817,0.0061423206627797,0.0833744831098399,0.3774790264228592
10571150,0.0063102751099588,0.0563554853195824,0.0557550521606533,0.0032115100229176,0.0018719562002263,0.6713754722718305,0.0152090736030167,0.0672473931628398,0.1226637821489742
10571157,0.0283617589635125,0.052168390817008,0.0607891530483642,0.0038846518155631,0.0013184292332691,0.1886230077391746,0.5152841770394619,0.0604767271537906,0.0890937041898555
10571249,0.0021846009076077,0.0495057868135314,0.0538609242379605,0.0011224217606325,0.0008616589269632,0.6074777119999255,0.1561301915285344,0.0674987505409907,0.0613579532838537
10571563,0.0014236228060422,0.1412212655413617,0.0662643331268982,0.0044601630714079,0.0110530133474623,0.555541388810333,0.0117649355507052,0.0706560413114328,0.1376152364343564
10571600,0.0020003385335495,0.0534374496899383,0.0547762189001338,0.0023794922967749,0.0022130886158174,0.7262012495086199,0.0215373181067194,0.0658569019521093,0.0715979423963371
10573894,0.0054750028058628,0.0621961129575945,0.051844442721348,0.0122318129224986,0.0024722775329459,0.6900185006748973,0.0180953451097073,0.0895379830168984,0.0681285222582468
10574347,0.0145220344146056,0.0535974712278993,0.0605205887161544,0.0062840385215286,0.0024506202377176,0.6364240578435749,0.0771053925076318,0.0654733228509924,0.0836224736798949
10574370,0.0233898343180735,0.0501885264152846,0.0597549104425668,0.006324984534094,0.0025636945653484,0.483048329304326,0.0673452944858305,0.0755423952895292,0.2318420306449467
10574372,0.0053068038224257,0.0515202048095443,0.056686440474588,0.0013507680241517,0.0008257646080087,0.4718279190162165,0.2552748532011759,0.0641343432407147,0.0930729028031743
10574408,0.0059537818138391,0.0549692793941713,0.0574641181305275,0.0351988706760118,0.0081979908456135,0.6204854355830083,0.0033938575740433,0.0723474478434187,0.1419892181393661
10574430,0.0008379471909897,0.0502825333212531,0.0568233261585825,0.0016854798849142,0.0006752340590361,0.7009227871439353,0.0147374240751077,0.064422730150811,0.10961253801537
10574439,0.008588795251907,0.0530807210655727,0.0547210196803786,0.0040476462845182,0.0016374933218931,0.6811824389359112,0.0284676588136506,0.0672334670680766,0.1010407595780917
10574456,0.0041335387960278,0.0513495224023352,0.0583761020191343,0.0024005472621161,0.0014910998503205,0.4665867626579737,0.0096629059618176,0.0639278406519814,0.342071680398293
10576038,0.147749677317001,0.0555090299251185,0.0595570547795989,0.0056879670546174,0.0090020264528149,0.5681070045955399,0.0167541506472963,0.0713188155121479,0.0663142737158649
10576770,0.0054096312329707,0.0581097566358706,0.0564553128388196,0.0180875081311476,0.0017334004282883,0.6188076103478074,0.0261026550188223,0.070075430923569,0.1452186944427042
10577118,0.001991667536906,0.0630045828805507,0.0495081094590495,0.0024974961323012,0.0018618172006859,0.7504911867652824,0.0226930902750698,0.0728406912037478,0.0351113585464063
10577354,0.0032903434058729,0.049883550696909,0.0586390068372135,0.0009793649549199,0.0009408504255069,0.5814350530652602,0.16865723671374,0.0602413095361738,0.0759332843644035
10577622,0.0005997048283854,0.0605466374949097,0.0503394452370085,0.0021371086699074,0.0011318952971956,0.6653617878606193,0.103161532834107,0.0681047538368851,0.0486171339409817
10577723,0.0025466575374758,0.0546055109443625,0.0569261253808587,0.0018316208694316,0.0009757160789882,0.6998375759842144,0.0914556993560372,0.0572405253089631,0.0345805685396682
10578130,0.1485516589465341,0.0607618878339161,0.061823692791526,0.02430838133714,0.0167101471417874,0.4158989488441734,0.0296875714274478,0.0727915324762153,0.1694661792012595
10578295,0.0029104025724445,0.064476500173537,0.0564075223720364,0.0115409386410023,0.0040359456150925,0.475263665506662,0.2396931494851034,0.0598197487393853,0.0858521268947363
10579132,0.0005180627915633,0.0636715124407907,0.0528377513502519,0.0012414665173792,0.0007870829611103,0.4785989461834217,0.3332563402210293,0.0540039257761984,0.0150849117582548
10579372,0.000892488402575,0.0559757370013636,0.0591847380855201,0.0014716047645592,0.0023319400573505,0.6247950602078101,0.1660306449284623,0.0574502094834521,0.0318675770689066
10579452,0.0015562830371048,0.0602005546987952,0.0629675122425179,0.0164298989443322,0.0223686001862483,0.7215083248356222,0.0238108900563775,0.067240872433058,0.0239170635659435
10579754,0.0014359691955961,0.0554377377184608,0.0712210258027463,0.0095737559030959,0.0411142333297385,0.6327962086569566,0.0231490329136296,0.118599108683236,0.0466729277965396
10580098,0.0030142438247169,0.0603909920507309,0.0533558195875058,0.002400249800716,0.0021283824812647,0.5027523204682279,0.2802158394550756,0.084553373513677,0.0111887788180848
10580150,0.0008992235107066,0.0586932517448784,0.0573186843927518,0.0036693293677566,0.0030040507315486,0.6260810626637813,0.1449369601209119,0.0597878474998428,0.0456095899678216
10580642,0.0020027539565625,0.0519123373783196,0.0539353872643235,0.0020864597515008,0.0012239592659032,0.7345244583508473,0.0088181532426885,0.0640361647175816,0.0814603260722726
10580740,0.00840073996616,0.0519034948436056,0.0582854534744356,0.0022123716479949,0.0010575249043613,0.355446453745624,0.3177860243429696,0.0614413043780666,0.143466632696782
10580745,0.0022222583547705,0.0573333816884651,0.0577983442512305,0.0022649177522943,0.0009065614118788,0.3924714207641229,0.2913762306791711,0.0623809331162954,0.1332459519817709
10580771,0.0496262826171068,0.0511153149123942,0.0537427019471952,0.0130099567682823,0.0019981328449701,0.5484189092743994,0.0376113128727714,0.1004012264643402,0.1440761622985399
10580995,0.0029820365272839,0.0550056469527238,0.0617586094225343,0.0050848426413782,0.0018626506968004,0.5147730433574879,0.0914291662615725,0.0685439391142955,0.1985600650259231
10581310,0.0009288399869345,0.0743172915579739,0.0551439391746541,0.001715447095407,0.0009656522140019,0.5381474992179931,0.2164422546616512,0.051985840472106,0.060353235619278
10581368,0.0162070841257868,0.0797407451701622,0.0621730016649704,0.1259232175453955,0.0110917497472852,0.4429674284770782,0.0067459097513659,0.0826157302719567,0.1725351332459986
10582173,0.0071069846257912,0.0593428740102135,0.0578563023966832,0.00839206055397,0.0032743084428526,0.6916980181864714,0.0147496763047885,0.0653288575695016,0.0922509179097277
10582418,0.331325176925251,0.0597611799967734,0.0592022972218159,0.0065595279603335,0.0278745931084338,0.3858661487970376,0.0133911742928844,0.0571961261132772,0.0588237755841929
10583009,0.0008182422005415,0.0687773604346901,0.0516550821581554,0.0015217565610823,0.0021525640436741,0.424497255452454,0.3873144898020949,0.0549073722726922,0.0083558770746151
10583434,0.0033994748719765,0.0995987848118179,0.0593470914758631,0.0930833965267186,0.0032987959231796,0.5287530257752725,0.0268588792280881,0.0748414302263459,0.1108191211607376
10583521,0.0004347290307423,0.0528957931924796,0.0538065509167152,0.0010189473635924,0.0007167200840701,0.1615233630814706,0.6507466166916868,0.0563113696337838,0.0225459100054586
10584210,0.0007631433842888,0.0497400170490172,0.0594230583805824,0.0013822186536276,0.0006905370135092,0.521729868714786,0.2396702077732378,0.0573268744146113,0.0692740746163394
10584222,0.0012871416034555,0.0529003683322407,0.0566006798172913,0.0008884434786092,0.0005015553126072,0.5848533999753718,0.2279455015466139,0.0552238541276892,0.0197990558061207
10584314,0.0060382086793813,0.0525793004778352,0.0596030930633998,0.0022506279134181,0.0008926160475906,0.1533625282977739,0.0984560150840039,0.0668137195721274,0.5600038908644693
10584430,0.0045640872049497,0.0629949793634278,0.0558596445818293,0.0026419845289748,0.0012140738846849,0.290553280151836,0.4276504821634933,0.0545871380798818,0.0999343300409222
10584519,0.0020535626528382,0.0693936465569841,0.05677017102471,0.005297998760461,0.0023473679880308,0.5387782949526114,0.2004858846191943,0.0692165010251293,0.0556565724200407
10584820,0.0011202014273907,0.1336053883360252,0.0514031449667923,0.0021458942271181,0.0186048621149619,0.6812998458941392,0.0168164337736869,0.057741469217879,0.0372627600420064
10585136,0.0012966075123058,0.1007750340968433,0.0524169885626603,0.0220566325770912,0.0029454013148964,0.710884963091924,0.010905397823647,0.0771872891994064,0.0215316858212252
10586849,0.0017150220406256,0.0672580298728209,0.054467665253912,0.0092507053716556,0.0047010696950319,0.6365529165065246,0.137687508631367,0.0587476411322174,0.0296194414958447
10587734,0.02067999861837,0.0573694481754206,0.0587099527436025,0.0036911952124162,0.0047635091761129,0.4746448217617857,0.2671546573650531,0.0679788784080687,0.0450075385391699
10587840,0.0022066072745883,0.0639252570771723,0.0570008537144634,0.0035882545882102,0.0012653528507903,0.6635213986816012,0.121319532208391,0.0575889612111596,0.0295837823936233
10588529,0.0042096213341233,0.0523385528110925,0.0536973060409576,0.0002853982745499,0.0001502286076086,0.0111985129173166,0.7970925737201768,0.0542599251702414,0.0267678811239327
10588664,0.0049789871606243,0.0483083166394823,0.0582197482214096,0.0006124304398578,0.0004418609475919,0.0455750157714182,0.621240245894767,0.0575887094288347,0.1630346854960137
10588792,0.0145287555756074,0.0529890642244277,0.0534064151551679,0.0007280494459805,0.0005959585708903,0.0288111740835289,0.6098319783028368,0.0599366493112172,0.1791719553303432
10589349,0.0032412586174002,0.0557138972084754,0.0623707125245315,0.0027596254576898,0.0024222146839043,0.2045407585607341,0.2184899188824335,0.0615526626241139,0.3889089514407169
10589410,0.3169408423501457,0.0515475105438313,0.061384409668809,0.0100501816790356,0.0024412670320898,0.2619839479787257,0.0512063200227682,0.0757712477551359,0.1686742729694585
10589411,0.0152729627372634,0.0531106442468533,0.0564065234785747,0.0019632642496008,0.0023810776508815,0.3708795580488207,0.0546782202580676,0.0632798066608306,0.3820279426691068
10589472,0.0472380057279434,0.0544761607715844,0.0641525850355368,0.0033105264820833,0.0043327984789211,0.1837678796841425,0.1308815704641423,0.0645873834969307,0.4472530898587152
10589485,0.0794181542106114,0.0522226649826275,0.0638605503039699,0.0057485207455161,0.0046431259141133,0.17535447745703,0.0268478911833615,0.0670805209685832,0.5248240942341866
10589763,0.0012063925249181,0.0985723144677176,0.0548699783692844,0.0352364159613107,0.0048427151527271,0.6798688881335092,0.0230442915322169,0.0813060490777355,0.0210529547805801
10590733,0.0037530896878569,0.0799599825565562,0.0493286750023207,0.1086766502696394,0.0044873395302849,0.6485595272850914,0.0045907315731263,0.0882587175265245,0.0123852865685994
10592587,0.3537212041287494,0.058986897726079,0.0571388189554916,0.0087062801223571,0.0197498009255424,0.3375661334821351,0.0102203940175232,0.0659405284354451,0.0879699422066765
10592944,0.0020381789529035,0.083419870643379,0.0636480225904038,0.0331603249990618,0.0286414455518968,0.6498208416821234,0.0331312481771497,0.0652691630143377,0.040870904388744
10595034,0.0053374433314361,0.0835860230922492,0.0575814365305074,0.0058393810860384,0.0183372696470735,0.6898348699374512,0.0107795420401294,0.0648532838072487,0.0638507505278659
10596119,0.0004249294185419,0.063136670770819,0.0544395733683919,0.0003862163051885,0.000752479627726,0.7647907203679394,0.0353347321424981,0.0539982693678432,0.0267364086310516
10599481,0.0004268439138403,0.0625296523906878,0.0504926173122323,0.000696207199474,0.0008495765984909,0.5471796814926219,0.2750348341442846,0.0546817346979603,0.0081088522504075
10599552,0.2360265579199326,0.0515469349520613,0.0646793211944066,0.0054388567102348,0.0025838520861193,0.2803793778521794,0.0439571312225744,0.0690567906364202,0.2463311774260711
10599609,0.0515632446667486,0.056248332900113,0.0676910243401641,0.0024930384147259,0.0022307940190033,0.140451855981523,0.3519245253934728,0.0632725433927666,0.2641246408914823
10599643,0.000704957113389,0.062318542798242,0.0537384602798027,0.001259799886746,0.0006446596703188,0.4123417448649103,0.3889122895575825,0.0531056388210512,0.0269739070079571
10599718,0.0533639723403236,0.0544428107350492,0.0624230729806679,0.0133708287954713,0.0051325466247519,0.6040059051549286,0.0328466891107591,0.0885522948307761,0.0858618794272721
10599755,0.0045170881819126,0.0505260853710155,0.0574090419631147,0.0076482745850927,0.0013265871457699,0.6914037655876595,0.0637391608479302,0.0736847328925232,0.0497452634249814
10599776,0.0021798135310428,0.0495410180459111,0.0565167621402208,0.0045305921463913,0.0006436988121985,0.7473243414494796,0.0220163252299765,0.0698992742341505,0.0473481744106288
10599823,0.0029160053359014,0.0570883516532681,0.0549369366259854,0.0086686859685327,0.0027822707204122,0.6315625266987667,0.1245471617271511,0.0697693852159477,0.0477286760540344
10599926,0.0048174624868013,0.0504874493905837,0.0541456725460049,0.0017766350125109,0.0009618999508239,0.7085061227336416,0.0321609204831572,0.0665745650511834,0.0805692723452927
10600363,0.0032501003532514,0.0507232450544773,0.0525046727434783,0.0059816618368438,0.0017684499223165,0.7530294624555928,0.0248016088384537,0.0887999080866081,0.0191408907089776
10600655,0.4732494146929617,0.0562606737209644,0.0597510318609565,0.0172744224928547,0.0046026303870176,0.1752168141626432,0.0080961495580365,0.0954262917486847,0.1101225713758805
10600700,0.0861047769704241,0.0527575187591762,0.0622477134578863,0.0225860431477433,0.0055610170099884,0.2978876368234259,0.2105965246680578,0.0936598933542584,0.1685988758090394
10600716,0.0379023894668067,0.0519613497651379,0.0653981956574144,0.005602702652206,0.0014057709799567,0.3722268899999543,0.210806622585409,0.0805585474008644,0.1741375314922503
10600717,0.0548723873255268,0.0612955840227959,0.0728753290496374,0.0067975521743058,0.0035968381345162,0.3639763952901369,0.0645924244770849,0.0908061635541569,0.281187325971839
10600746,0.0111397856669235,0.0522130187386507,0.0607723159693358,0.002952488983493,0.0012347671687098,0.3595982652395201,0.3261281001982422,0.0687313433729226,0.117229914662202
10602334,0.0006598074730297,0.0514113121214785,0.0539934400546569,0.0006657436944715,0.000589025311079,0.2860054530978954,0.5353582017303318,0.0619379186086773,0.0093790979083796
10602555,0.0013770688266229,0.0543773122342743,0.0543123622113181,0.0013515627362195,0.0006671367493084,0.3252272043931871,0.4781790611423429,0.0608721178879425,0.0236361738187838
10602707,0.0007602044661086,0.0525974415196807,0.0564085715928663,0.0008534402274786,0.0003563065935961,0.6503454913385336,0.1417853424062622,0.0584249790832386,0.0384682227722349
10602774,0.0015294336209512,0.0593905567557643,0.0531223831097049,0.0039858419982817,0.0023998549751272,0.4083346610445973,0.3682934822124512,0.0632746833065717,0.03966910297655
