track_id,Clutter,Cormorants,Pigeons,Ducks,Geese,Gulls,Birds of Prey,Waders,Songbirds
6868504,0.005978359916114564,0.015248438314281824,0.16204248118433218,0.14655710520592868,0.6197783335224297,0.013247199956007259,0.0002985794185579085,0.01090791045762531,0.02594159202472255
6868536,0.009237497160528187,0.022264949654734127,0.35959821978606404,0.05872128389438786,0.2947976637408681,0.12518172283892948,0.0007293728910853125,0.024581985536775992,0.10488730449662689
6868565,0.0020292553358284447,0.01209714415955885,0.05745610169946249,0.03981488300594623,0.8591358277888222,0.011552428102345408,0.0002382302978896547,0.006300122515938916,0.011376007094207706
6868861,4.06328931245055e-05,0.008320475393924375,0.00010693206305304872,0.001164812707590785,0.989180844930831,0.00042435608550523996,2.8427540644245993e-05,0.0005083106497496887,0.00022520773557720735
6869275,1.0313639580117913e-05,0.002316884829542282,4.095420060685863e-05,0.0007214019993624465,0.9960144455428729,0.0003516001234738463,1.6266042831737807e-05,0.00040937719183271914,0.00011875642989700095
6871418,0.00107726816764629,0.03696869926161346,0.4739046913500374,0.04451145306344448,0.06381105121578973,0.22193249916087318,0.0006941125860204796,0.12353204266561137,0.03356818252896363
6872996,0.29526319736639833,0.003519383042200145,0.0012297939089123285,0.000776701338061264,0.027664454584344078,0.6307726368024739,0.019325788587031104,0.001672748457663639,0.019775295912915207
6873817,0.0017757870065813438,0.0068435878681622426,0.0018847903812735734,0.0014591784992439602,0.9062410636409884,0.06951397246302136,0.0005821256969901969,0.0035553288703702086,0.008144165573368842
6874023,9.93435692275878e-05,0.006515963718520124,0.0009199689060354532,0.001546385795353169,0.002999580869361873,0.9711744893402354,0.0011981253674431972,0.010347759523762377,0.005198382910060847
6875504,0.00012292910202563677,0.003871202926461007,0.007543584298419681,0.0011316325156500284,0.0012043227064099668,0.5557275133377542,0.0031537673751055833,0.005779984598294185,0.42146506313987975
6875899,0.0004269727703897927,0.003947233697852738,0.0017783658651336896,0.0004541265962214586,0.0004968884249510107,0.8865570769355337,0.053371210256365806,0.001766609380939895,0.05120151607261187
6877293,0.0011357744691651004,0.001683163597788298,0.002986481370222215,0.0021171814669130582,0.00047701739305337033,0.005673085380326487,0.002532600998565687,0.003753558256281618,0.9796411370676842
6880408,0.0003891121430257375,0.0026450373702332445,0.0014804652927856848,0.0015425253213351353,0.0005986947491568693,0.9304116028785635,0.006380115740389257,0.0030736941832436647,0.05347875232126695
6880690,0.00023023060827180255,0.001980207196356535,0.009041377161524141,0.0020240471301183976,0.0012113144244811,0.648275988910373,0.0031921654311305764,0.004794650896308291,0.32925001824143624
6880833,0.000373377844679276,0.000264774943656807,0.002131748383692818,0.00020777361899326232,0.00014764949033886155,0.01070645422831209,0.3840035448597606,0.0011391845452569929,0.6010254920853092
6880956,7.293347727752398e-05,0.0035611892815620876,0.00042813951720194004,0.0005593968605135169,0.0006602466684551583,0.9840316044066721,0.0016077111579424546,0.0017669336066615765,0.007311845023713606
6881733,0.00014525110258535102,0.00015763657712693414,0.00018258336917609225,6.300799039142622e-05,7.877111217123402e-05,0.008726825039821067,0.9843634871890069,0.0001968840686665499,0.006085553551054459
6885154,0.012506687620458045,0.008268223292318279,0.0027288381873069915,0.0019582152860036957,0.0034225601268401966,0.8082621226562379,0.04054592472725411,0.008020671121595718,0.11428675698198494
6887294,0.000798549214522304,0.0007474655184788871,0.005340361119977848,0.0005566445652515636,0.0006942172839629337,0.22054561730476316,0.0015710764916029188,0.0023253436980805267,0.7674207248033599
6887586,0.003050699922518815,0.00039449071881287305,0.004890995352093753,0.0013054307572786953,0.00041629093748923033,0.029185699844628626,0.0013016740549712746,0.002486909101582289,0.9569678093106246
6887600,0.0008041231299171535,0.0001739244342590731,0.0028363058887013837,0.0009620077706867754,0.0002029365366551745,0.004376272375526479,0.0009582714111631453,0.0017349142079906713,0.9879512442451003
6887637,0.002236645373069878,0.015027688853916353,0.009237603355999538,0.004420114554601517,0.006917889375599788,0.04956497370058483,0.003596459222245629,0.003486497025340684,0.9055121285386417
6887702,0.006947737976858231,0.0003783884063331696,0.010789924490140464,0.00037351550679712883,0.0002237714417127855,0.0120989756451844,0.020053427941911155,0.0022622484680444306,0.9468720101230181
6888243,0.0006195506240275414,0.010550686800495491,0.003120517046020749,0.0015344483663725945,0.01120718226413113,0.045877336230326894,0.002243709837379847,0.003266165079736659,0.9215804037515091
6888737,0.00032214234020928195,0.0016278059723726056,0.02703196316114048,0.0034192635390382538,0.0026596752714135373,0.026017364864918114,0.0014859339010706418,0.003551421337455442,0.9338844296123818
6889024,0.00453621602407797,0.00022588241927751733,0.00847733536121627,0.0003040873885102225,0.00015126963244613931,0.00458144741551167,0.06553541094815304,0.0023880538091866476,0.9138002970016206
6890285,0.0007553608432511308,0.004088239063165933,0.0018197458985809377,0.00034108749547803844,0.0003987750230070045,0.16599202874530924,0.7946863352743312,0.0013216883885525492,0.03059673926832393
6890416,0.001001577154639568,0.003236779803379885,0.03049338055316001,0.001659166871363095,0.0009760707819218393,0.15174601212149375,0.027970481653331766,0.01947530856574656,0.7634412224949636
6890579,0.0004117013012095517,0.0003386433847486091,0.02161381297609237,0.0002951152245119701,0.000120142561834348,0.002665005062773303,0.020757288332124084,0.0016331018155441334,0.9521651893411616
6890917,0.0006031486172345678,0.000643071829693972,0.015219412846018649,0.0005129635570884552,0.0002896664931971391,0.03624396035839066,0.6632207868276427,0.0023099802263577404,0.2809570092443761
6891091,0.0008242688321966898,0.0003215973272143059,0.04600652949431009,0.007093493146165682,0.000699061571463198,0.0031778990519212512,0.0005671332742603817,0.004388492407567948,0.9369215248949004
6891208,0.00016564795255503625,0.0001731800810977488,0.009595387063890421,0.00011122906849384794,8.988660685562853e-05,0.007010227467377471,0.010288945486318224,0.000691968222540541,0.9718735280508709
6891245,0.0005404310158345732,0.0006651835364273218,0.005635905757842275,0.0003210261465122699,0.00036227872307002476,0.057298503170173626,0.1905814255197543,0.0010367769881176362,0.7435584691422679
6891309,9.793080888361861e-05,0.0004150812735812986,0.0010375133752081737,0.00013312654736647486,0.00012062506521604652,0.007697405901041161,0.010261872831743705,0.0009161509966592985,0.9793202932003002
6891366,0.0006662280178411986,0.0001879502572161582,0.0005798312681024401,0.0001964528755050676,0.00013703769326502406,0.0021945628280069383,0.01410091551156475,0.00038797210024241375,0.9815490494482559
6891473,0.0007395516887861138,0.00044213912046083735,0.01764005897618851,0.000615465986229498,0.00043178643497052485,0.035077694892161566,0.0021186890564041405,0.0025248718992763567,0.9404097419455225
6891484,0.00011634463374694324,0.00010054866489699219,0.0007625181389059199,0.00011483904433906974,5.527271244607349e-05,0.0012113169000160266,0.0018157906809451439,0.0005177754769366048,0.9953055937477673
6891531,0.0009934799313538818,0.0018905210501866084,0.02518204441229157,0.0005955570867032846,0.0004211854654442905,0.07626791820637073,0.2664023269194068,0.002379603529524447,0.6258673633987184
6891557,0.0003110231702103307,0.0004676357590177532,0.041809067602488065,0.0005657214344699148,0.0001434678171912868,0.002164284381212008,0.0011076713400687318,0.003844385848204934,0.949586742647137
6891579,0.0003418940005133879,0.0005315605826251274,0.017599350195983323,0.00035957515888612854,0.00025860330622585624,0.008903737162480926,0.04643830493462306,0.0015785830031343304,0.9239883916555276
6891867,0.0028473297510140157,0.0004007070404822124,0.013268530396746156,0.00024209566918724124,0.00016150723824469415,0.00971971759762242,0.9196867637185965,0.0011300648417663626,0.052543283746340444
6891888,0.0006119435348531305,0.00027385232968997074,0.003325280847536333,0.00039285151484830716,0.00017512818452577339,0.001872357968059499,0.004589303817224025,0.0033737521394449606,0.985385529663818
6892297,0.003160595495358745,0.00020672876534441205,0.001457614157338457,0.00013913621546476633,0.00014395370042419732,0.005494342073896722,0.24274585279660352,0.000696526887295997,0.7459552499082731
6892562,0.0004192889673758887,0.00041107780091202494,0.0017982780416345102,0.0002912940036654427,0.0001780584399198247,0.006129843064781619,0.7695607935843078,0.0012959782298142771,0.2199153878675884
6892587,0.0009303473042613428,0.000555625749677934,0.005666586826002821,0.00033787954250931684,0.0002651763976552824,0.04839339449888019,0.13384979433436509,0.008773028199173746,0.8012281671474742
6894293,0.0007329467867109048,0.45441595777491434,0.009927596094148335,0.021191027500123555,0.03310452799736471,0.4290927021500383,0.0008563370350265472,0.02525550177428506,0.025423402887388417
6895609,0.00029803936596279517,0.002048328144932051,0.07573413568868193,0.00659732695619204,0.0005808654522896186,0.0068981818879088365,0.0015423769628820025,0.03520315582948,0.8710975897116708
6895723,0.0008627480186937859,0.00019655104571902684,0.001200604763147672,0.00014047274704489442,0.00016157682103884368,0.9634522399422776,0.027120777223987674,0.0007694609951751711,0.006095568442915374
6895905,0.000527987296041414,0.000439159277895281,0.010770973333745737,0.00019661905514364527,0.00031190054498968337,0.7771786967368437,0.09889399980016067,0.001746310226966047,0.10993435372821386
6895906,0.0007373829755203303,0.00027814189192732706,0.03428428396015928,0.0002211162064943918,0.00022478388371648526,0.9194896223917417,0.023518743530061614,0.0013168249015097838,0.019929100258869202
6895927,0.0012191132117649966,0.0005739792279683207,0.005658213047338377,0.0003408244251370844,0.0005025184046488969,0.9566923226761503,0.00863592891744879,0.001706989406556921,0.024670110682986107
6895938,0.0006347228670279409,0.00040856332526499324,0.011222517969365674,0.0002036556724808845,0.00042439661489022756,0.6671115440525335,0.264464076173502,0.0022187497531330476,0.05331177357180176
6895939,0.0006336180282265376,0.00031184160740818883,0.0036170802233063183,0.00014666951821282775,0.0002547806814556712,0.8927898962437468,0.01852195430987438,0.0021629112269945364,0.08156124816077484
6895948,0.0003625618997255369,0.0002736153411799603,0.00212902497171666,0.00014003747393065305,0.00022881449205384356,0.9076278322086777,0.018406070935970013,0.0017429685753543426,0.06908907410139152
6895973,0.0006965969203818067,0.00026722906126835916,0.04348500732750122,0.000204510079457375,0.00024400719176579226,0.8457503699050516,0.03329290642401116,0.002291574778102808,0.07376779831245998
6895974,0.0004942951307093945,0.0002679224221757676,0.003930771496736543,0.000157624824390847,0.00020153878579628996,0.819272632420397,0.11244962278588734,0.0014861860088077237,0.06173940612509912
6896754,0.00027534631609749176,0.0003644901978620885,0.0031883634684898026,0.0001757482610235395,0.0001486053697182934,0.10255743975912492,0.07142465733801921,0.0011916804893068774,0.8206736688003575
6897915,0.0004657101567202413,0.011542989674299824,0.12029895796331598,0.012383466836307592,0.013198206800746128,0.255912485982358,0.004095414131640518,0.23493528157900376,0.347167486875608
6897964,0.007740356495754152,0.003928267050423889,0.04349919761067627,0.0077838817585151555,0.020665951874957584,0.03517490545915716,0.002293286697673902,0.006244931096687728,0.8726692219561539
6899282,0.00023980214633700797,0.00034568568908693994,0.0006063687838206933,0.0001880527154740287,0.00015796632077508512,0.06102724976636493,0.5397142205239128,0.0009157481438550673,0.3968049059103734
6899294,0.00042234833042896925,0.00019649687805057986,0.001387682926456858,0.0001773976298565149,0.00011477691196712183,0.002797971153575686,0.9389126369241607,0.0024248391258464962,0.05356585011965702
6899376,0.000240638527923264,0.0008079533353401882,0.010466247545805486,0.0004247910014088787,0.00019975212730039406,0.005563628376519018,0.06756836051076798,0.0036172467791469698,0.9111113817957875
6899506,0.0003571317094767221,0.0002167609923710032,0.0005103120779193557,0.00010033086270823249,0.0001063803711875051,0.18093134394855592,0.7955597957989365,0.0012398655691709015,0.020978078669673845
6899530,0.0010747886669863014,0.00033643655829298684,0.001427957931675063,0.002342169847224651,0.00028520313420543603,0.014518354752402702,0.00093740544047563,0.004157220259402204,0.974920463409335
6899560,0.0010874955825832435,0.0005678285547240882,0.002371075174493877,0.001312401354825188,0.00030625738479324836,0.19729649350749323,0.0314555996785928,0.010013526796358942,0.7555893219661354
6899670,0.0003279587151065605,0.00017287954221947523,0.00023380333184531437,0.00014755196452644477,0.00014586094300645218,0.012896681950614632,0.002381157442989599,0.0010249906431066959,0.9826691154665849
6899695,0.00018820000108637315,0.00029429853552400645,0.0005447068647395295,0.00032239743051823443,0.00019300321537592106,0.014278667766282829,0.002509291525221052,0.0009027246507299649,0.9807667100105221
6899730,0.000358903666115126,0.0006762638770479016,0.0010213681643742693,0.00030430295404900804,0.00032797661958461376,0.0543740957233062,0.20090058190635976,0.002819034279223792,0.7392174728099393
6899754,0.0006999826745797402,0.0005525825863559781,0.006750174726024377,0.007774483653462296,0.000745828917416018,0.016474841639091044,0.0011717185059533274,0.007081265833937079,0.95874912146318
6901206,0.00033592572542487663,0.0013922544162166687,0.007439428018565677,0.0006738689332383023,0.00033581845229821244,0.3096479057340148,0.3726351729388201,0.0055349464649623896,0.3020046793164588
6902131,8.199119218263972e-05,0.00038420264492165475,0.000303005247194133,0.0001569678237818953,0.0002576471280606007,0.9481478648141086,0.04609493228178369,0.0016415769365206577,0.0029318119314463856
6902271,0.0006597316221719274,0.0017970857319362901,0.005567725937346578,0.0019125015314971927,0.0024583999535104663,0.0491245747491178,0.0006213092746300967,0.004766891958575054,0.9330917792412146
6904326,0.0002680331321714425,7.395884022985408e-05,0.00016233611106606356,0.00012598515617826138,4.4574392439685624e-05,0.0009385880712074735,0.001848189121622756,0.0006597137553273153,0.9958786214197572
6908023,8.42033517251984e-05,0.003773644190796158,0.001336241604107952,0.015701259104153594,0.005082671238409118,0.9614916694499156,0.0007918009368863914,0.010361122640058921,0.0013773874839469698
6908625,0.0002600377333753257,0.00030413389065058567,0.002137980252247867,0.00016920792441654442,0.00012798622331232546,0.3828477616929737,0.3856212434488598,0.0009396156550470464,0.22759203317911683
6909657,0.00018388950972712066,0.0001254862195070761,0.00037730428445783046,0.00010815384986596975,5.399699598565141e-05,0.0016648790547507506,0.04513993129939238,0.0006262130733005543,0.9517201457130126
6909786,0.000539212412050719,0.00011880965813666944,0.0003912394181579438,0.000192437197232901,7.398822041128635e-05,0.002764005593172466,0.004001909388519994,0.0027026217029489483,0.989215776409369
6909952,0.0002106901943188174,9.79312354576161e-05,0.0005257969506185774,0.000107955053131664,5.0351430508419827e-05,0.0016953371675224639,0.259763249968799,0.001106231544818407,0.736442456454825
6910003,0.00022560550951592916,7.892349813520113e-05,0.0002840922574166863,0.00010321983740812581,3.759842198327729e-05,0.000935201711722151,0.009264166238106336,0.0004053233395803619,0.9886658691861319
6910407,5.281407697942921e-05,0.00038766079425192623,0.00014063594848446324,0.00017603200277726007,0.00024743858219382245,0.9949705091158352,0.0008198619715432528,0.0020614820191664613,0.0011435654887680699
6910422,0.0021119061513811947,0.000309015558635515,0.001793883841938039,0.0005034078911941034,0.00012103362675853914,0.00910245490039395,0.3438285290520217,0.004592273008176592,0.6376374959695005
6910425,0.00037926552996852826,6.918623413448982e-05,0.0002096818754815891,0.0001252843233881739,4.321113868405648e-05,0.0011059415437616703,0.010629943498169911,0.000477886987582815,0.9869595988688287
6910560,0.0006305958383583185,0.0005623278101651515,0.004691849620431364,0.005061481111064219,0.00022033198015728556,0.006004042098947975,0.001388456507736373,0.08574414812848809,0.8956967669046512
6910590,0.0005788613860302009,9.481801952575555e-05,0.00034761619333242643,0.00014964769030870054,4.309458202930101e-05,0.001723808979609492,0.020174212930563654,0.0007109551636406035,0.97617698505496
6912744,3.195478395185555e-05,0.0009067119364444707,0.00011268557600195793,0.00018891950694790475,0.00042499174284926577,0.9925269245948464,0.0007928789614479484,0.0038161088856732794,0.0011988240118371864
6919118,0.0003382538176736546,0.0008443323395214144,0.0015897842967724542,0.0003533724632948169,0.0001799481448872273,0.5711322462981382,0.11474630457856069,0.001626357201882218,0.30918940085926927
6920152,0.0002705025049723245,0.0008036070198977859,0.005299270988542725,0.0003233522215733187,0.0001773042102308631,0.8450729002900693,0.07911632034885835,0.002464904151441119,0.06647183826441413
6925791,6.105413195929092e-05,0.00045070966912247703,0.0003408553790423434,0.0002033117608431366,0.00011577266522598564,0.9810272132193552,0.008828532088164543,0.001850653660319616,0.007121897425967346
6926246,0.0007606118057897093,0.00025882204592739516,0.00032944831033417425,0.00011790127294325732,0.00011231390376948916,0.4813659988376691,0.5129637869111798,0.0005203608713324866,0.0035707560410544762
6928841,0.001239346133279467,0.007190101868273394,0.02537050079022896,0.17646691258742764,0.006871621628951777,0.07915921340521213,0.001127016791906296,0.6905613254803094,0.012013961314411008
6928933,0.00036506214523220005,0.001242437161144442,0.0003458041543465873,0.00012591414026649525,0.0002959697908095702,0.9270433222915005,0.06731018753281505,0.0006800058237434196,0.0025912969601417906
6937241,0.0007135021197304865,0.00014181748615921185,0.0018637697783167116,0.0004764104539701599,7.728351144690974e-05,0.001991148411174216,0.0010264316024077341,0.007522465680521381,0.9861871709562731
6938426,4.7142461403384355e-05,0.00010180105778007224,0.00010512002739757238,5.479519376784277e-05,5.470333268223189e-05,0.9918332318587649,0.006801069662758486,0.00033251682685584214,0.0006696195785895784
6938530,7.355082567091799e-05,0.00015971926315359018,0.00012955511127827054,6.527433173348557e-05,6.536893313048158e-05,0.9568065075866915,0.04135541185963747,0.0005916914617462338,0.0007529206269580588
6938682,6.438651666171968e-05,6.601345788707832e-05,0.00018001844692579853,3.7482420505653516e-05,3.3245677983603996e-05,0.020150302610616233,0.9385236224139342,0.00037335676640896324,0.04057157168907686
6939166,3.0522867685659464e-05,8.913535482071023e-05,6.087133511372724e-05,4.372823781904222e-05,4.4871071956761104e-05,0.9861825810948308,0.012698728286629516,0.00030052874641298296,0.0005490330047310124
6939222,0.0001965916485597582,9.644260048246549e-05,0.00034517524994728956,5.760189458643082e-05,5.557338173815238e-05,0.03763472979885889,0.9573923238118636,0.0007903938860173239,0.0034311677279463557
6944591,0.0012406246841557998,0.00026455288347447374,0.0018023877284272572,0.00010290025400605154,7.241570325077037e-05,0.4887948008189546,0.5015197764050429,0.0009876316126043697,0.005214909910083914
6947293,5.502265924030363e-05,0.00041903472460691184,0.0011014203347688909,0.00012471991506086174,0.00015911878272651707,0.9898865531627565,0.002904779757972242,0.002895760000407422,0.002453590662460726
6952804,0.0007550165178788547,0.00090084340768183,0.25513863051074037,0.0006815819513432149,0.001375873586829174,0.5626622912419421,0.024137889756433988,0.01480530453253505,0.13954256849461538
6975207,5.972848380115142e-05,0.00029720694397628164,0.0005869965146136783,0.00010105597899414969,5.133736710129698e-05,0.995463720829746,0.00100557740019211,0.0014999372968712368,0.0009344391847040904
6975472,3.112502863819757e-05,0.00017514627140167755,0.0001941602269382799,4.539760711051887e-05,4.410308045352011e-05,0.9933653775701262,0.003909988937311886,0.0013685564505308574,0.0008661448274888451
6975490,4.8613961492967245e-05,0.00018175514666247513,0.00011946352447111589,4.3582098253351294e-05,3.601750238041011e-05,0.9954563403536775,0.0006093375379290834,0.0020771810506451903,0.001427708824487866
6976427,3.3893714032427933e-05,0.00020473366787525008,9.217253033692594e-05,3.002259521054378e-05,3.4171703892584744e-05,0.9948601415843291,0.0007330702825897795,0.0016854202293309372,0.0023263736924024514
10551287,0.0004153912764770401,0.0015772407147278634,0.00033654607293757066,0.0005261145314772274,0.0007273197472884633,0.9856629473109477,0.005820682256516755,0.0008836631696027617,0.004050094920024453
10554874,0.8617713462780148,0.0037174781113377786,0.0012080114186880362,0.0016258217994366113,0.005253041178515849,0.09301949258225667,0.013040392042639374,0.0017308857794417732,0.018633530809669212
10555071,0.00022186807262788129,0.0006957324332151971,0.0006460719234355134,0.00039034633491002844,0.00020773283285949968,0.921451799586352,0.01645965675496528,0.001616106177250765,0.05831068588438372
10555459,0.0005074237482928871,0.011882442830578438,0.007919086131938285,0.004267390150613956,0.0012119069042181025,0.39496558848021546,0.003620660431605252,0.26943528315053383,0.30619021817200387
10555968,0.08318751370447681,0.01770147552446563,0.004814272078327616,0.22403787867182204,0.07829835130747571,0.27185405589822725,0.0013148927021465011,0.07517915943989602,0.24361240067316253
10556692,0.002286505118422905,0.00401520940748688,0.0017714938766713202,0.0015246477143959591,0.0006204717373903037,0.2096592999130776,0.012226765233575335,0.01753608289353222,0.7503595241054476
10557065,4.569180985663609e-05,0.0029555248919202397,8.98434435831811e-05,0.0002464000997855737,0.0006576127069008699,0.9907704565860854,0.0022745788260520455,0.0006756610551588348,0.002284230580657229
10557235,0.0003787585337008038,0.005635434486182454,0.0030482049524625902,0.0151996014070581,0.0023259704883324102,0.9162788593723711,0.002410975427057489,0.014747105361167667,0.03997508997166736
10557310,0.001354116818464981,0.0594790637633849,0.001448250036955359,0.00394655872601251,0.023224730525274045,0.6505367917087675,0.0008842793190271309,0.005060692363206655,0.2540655167389068
10557603,0.00018012664011121283,0.004307206335982551,0.000262537985625448,0.00044598699671008924,0.0004349705664179242,0.9662624835185972,0.002870024882026333,0.0016582053790168802,0.02357845769551243
10557649,0.00013095571932445147,0.0030483504603379184,0.000922072325533425,0.0006241702922509133,0.0033610081290675227,0.9793476158613988,0.0008229540582527408,0.004045047890492257,0.007697825263342005
10559369,0.0005973556662501574,0.0018987347067804638,0.00028592707833552096,0.00023427314493569863,0.0008388313556976061,0.9756346257423326,0.011457439397039436,0.0006345440794011982,0.008418268829227077
10559516,0.00010281467436042755,0.0022075437911353384,0.00014021920147997698,0.0001682116586295396,0.0003771860991688385,0.972461457656356,0.004624549367834444,0.0005401644650162354,0.019377853086019376
10559765,0.00018696453490757764,0.01787228270154497,0.0004089648301147998,0.0008398828437422724,0.0008687980600108606,0.9077665829877608,0.015410888027328424,0.01250216696818657,0.044143469046403795
10559904,0.0008601025587046047,0.005765249222875467,0.000562070620638661,0.001002651572703722,0.0012647684331256962,0.9281838811150758,0.029644070264962297,0.00322052329472369,0.029496682917189865
10561136,0.0006089701476670695,0.001552611655733295,0.00027850712952852896,0.0005160615394639853,0.0010975958385569175,0.9785126998132697,0.0036239933679552126,0.0010300107345151792,0.012779549773310361
10561583,0.0008361987582824693,0.0011863840362191039,0.0006493815031263773,0.00028400043235520455,0.00038245897131419435,0.9618967808960354,0.006115185644983314,0.0021786106840012403,0.026470999073682683
10561870,0.0001213758306850382,0.0008341801253181573,0.00010471419146882544,9.793887501138766e-05,0.00036456342524141943,0.9634970380455055,0.0322189168842666,0.0002506812115084642,0.002510591410994428
10562711,0.0015805833712854234,0.11391966279710272,0.00839066822665608,0.03934173630790109,0.17823107410929545,0.5069596258941885,0.0012160820610909765,0.014122895188593413,0.13623767204388643
10566953,0.0001206238047361974,0.004766853194303789,0.00016587726623622438,0.00023214141658375314,0.00019539313754702212,0.9131185717102495,0.07649147822429749,0.0015775876801360786,0.0033314735659099744
10567563,0.0038795661977275857,0.006024623526776584,0.00046646313573123053,0.0005948005521402137,0.0019944512318906976,0.9394104324919844,0.014091066242907332,0.0014169385326957703,0.03212165808814601
10568512,0.0007045805247826162,0.0004943712123203376,0.000448976775865127,0.0006665222604883315,0.00023973749767905396,0.49545468843901197,0.4772296126016569,0.0011259284882333123,0.023635582199962386
10569249,0.0002677438102908299,0.00048415589827607516,0.00019803650341844063,0.0001510375767277404,0.0003066274414088076,0.8630670879471936,0.10864778876052816,0.0007795572156353941,0.026097964846521087
10569900,0.0007684525690579824,0.046064731936620494,0.001395469291470659,0.05017026788626193,0.8074354357984663,0.023192814345470762,0.00804027266425623,0.00905068343255241,0.05388187207584332
10569996,0.0004284492744833012,0.0006496706458541156,0.00047081620562281656,0.0010780150316335398,0.00031512900893119556,0.8515862939210685,0.12711614828447274,0.0018155480679104292,0.01653992956002342
10570047,0.0002075925409800136,0.001808871694023768,0.000228340269339288,0.0003071763099419076,0.0007136363568900928,0.9816228564112986,0.010000055451032927,0.0010236229666983087,0.004087847999795314
10570186,0.0007270078440128148,0.0016886407436863392,0.0004523248922492088,0.0010921305248033175,0.0010045686504668774,0.8659988088821833,0.08503071456847697,0.002140428857484788,0.04186537503663632
10570190,0.0001604378902828908,0.0013398132599972334,0.00019430995973335996,0.0005039702781757877,0.0005081849040082241,0.8930694966438573,0.09856035080843828,0.0008248882116433233,0.004838548043863707
10570281,0.00023738257451227257,0.0009254138539101976,0.0003580189069954076,0.0003921577114093781,0.00036024174895793237,0.9347178719224453,0.05166142131476506,0.0012131886146541126,0.010134303352350306
10570444,0.7402086714353587,0.0017710690893906595,0.0010208979967809913,0.0072220482691467075,0.0022179490635561984,0.20777139349319618,0.012302353218831406,0.006379364572949932,0.021106252860789203
10570516,0.0009109495536114432,0.002124558976785561,0.00041313803853657423,0.0008157537534233554,0.0008732857646668559,0.9361194682604962,0.03693569320378789,0.002208702137453044,0.01959845031123904
10570563,0.003375165084853932,0.000520365135277263,0.0004502856876815677,0.00043998874013279716,0.0003098106218503495,0.5211979246950907,0.3854366313800486,0.0031380930721736076,0.08513173558289117
10570908,0.005596001366453078,0.0006847969064069809,0.00044832542437753606,0.0017157088964419756,0.0008320082668109475,0.7222474602244892,0.21495078040344665,0.0028981640993422917,0.05062675441223126
10570962,0.001329551542359616,0.01365874877087562,0.004170586156522373,0.002153458793776521,0.0017202674015038021,0.18421780910088223,0.012593094394388774,0.35273710522820045,0.4274193786114907
10571126,0.0028812990732680894,0.0005318421881900658,0.0006353714487139108,0.00036341718549485986,0.0002841723398041526,0.8834631114799467,0.03341264677153892,0.003319118911980876,0.07510902060106253
10571129,0.026150087026618456,0.0012793884708942162,0.0008818343434602422,0.00352067911265901,0.001475957167464925,0.9403016110306854,0.0021762620513014093,0.005748365227400146,0.018465815569516018
10571130,0.010394921296012638,0.004710834033030843,0.002267842601164114,0.017473167879744234,0.0036053540166071664,0.2970485111352561,0.0018428895164390436,0.012706947623845194,0.6499495318979007
10571150,0.001179471308275824,0.0015756068478831548,0.0005389763386293995,0.0006896751615285942,0.0007106915773522664,0.9539128097667148,0.011075673270127304,0.004598752734080046,0.025718342995408455
10571157,0.018893701617683556,0.0008646974596881552,0.002609074226055541,0.0009201741741349067,0.0004458531046056818,0.4527797490962627,0.4368217450097175,0.008625734725646098,0.07803927058620586
10571249,0.0009054730753101793,0.0007079974468644659,0.00023674118688896367,0.0002648455809103124,0.0003557609401964122,0.929558914197413,0.024733774421913185,0.0010539993386157044,0.04218249381188766
10571563,0.0005382335713014101,0.07673277472780132,0.0013319576798326406,0.0017569808551212464,0.012782625833659708,0.8394219000678413,0.009765959538831736,0.005347350243977651,0.05232221748163282
10571600,0.0006372454088508388,0.0009755341029170284,0.00026527882320935423,0.00036927520213444456,0.0007196803791613622,0.954875207669059,0.013061450722734015,0.0011537500729090007,0.02794257761902514
10573894,0.0018379575916991002,0.0026799435065633023,0.0010668413334565749,0.009671834612661911,0.0021573187624476867,0.9196092376983527,0.0055157047682357066,0.020992232704902497,0.036468929021680634
10574347,0.0009666013447548963,0.0007749281194242616,0.00037336174304621636,0.0008408307425769058,0.0003855029959685077,0.9723771715578555,0.010847964557371198,0.001717524468284584,0.011716114470717886
10574370,0.003011714986605527,0.0005836463782934038,0.00029965977870546304,0.000939683784800691,0.00038789163766823323,0.9548895407088579,0.010141519433709755,0.0018565231890288534,0.027889820102330157
10574372,0.0012348339002623968,0.0010831921135570268,0.0007688326789848595,0.00028175220480992696,0.0002806151181984977,0.703056240520201,0.2650115857092889,0.0009935515129700992,0.027289396241727458
10574408,0.0037631477773128726,0.004101016058069074,0.0006759343885540193,0.011360871348405749,0.005060542947714201,0.9419860121828194,0.0007150103010148996,0.004694354377804815,0.027643110618305093
10574430,0.0003329959880112012,0.000749477935534343,0.00018409782222996834,0.0002975820463668619,0.0003634023320258633,0.9746461338345367,0.009473118777689709,0.0009386859907039995,0.013014505272901548
10574439,0.004668121939932846,0.0008919015206200918,0.00042316623626565287,0.0012408843164369609,0.0005788892455448468,0.9595202202776826,0.004787645151847802,0.00214835399359836,0.025740817318070888
10574456,0.003371188683714623,0.0014249491067929237,0.00031684479204413177,0.0007650783520195375,0.0008199319485978328,0.754468219948486,0.005968229348824704,0.001478725090957902,0.23138683272856247
10576038,0.07022827357590816,0.0037289171522414816,0.0007103775045796817,0.0025628806478031722,0.0022692631157148484,0.8871120986197566,0.007341673934716643,0.0030240015491627102,0.0230225139001166
10576770,0.0016400038802828628,0.00141939640785534,0.0004682021002031459,0.004709208301783928,0.0008265765758507272,0.9479575961845974,0.0041825487272614025,0.003613021197818068,0.03518344662434733
10577118,0.0002318970681792361,0.007925076017868753,0.00040532406475931405,0.0007831171916936199,0.0007475954493584337,0.886217744659399,0.018669410439363994,0.0036067064599163176,0.0814131286494615
10577354,0.0009482531362087598,0.0005478242352240842,0.0006156803977510542,0.0001497611515137725,0.00022235216212657376,0.6057974153867921,0.37424005151385187,0.000996151005003552,0.016482511011528252
10577622,0.00011434134839609204,0.002001086040504457,0.000352874865022596,0.0004307297674068629,0.00029614221013165714,0.9631345061086325,0.014310070830502624,0.002060167002006291,0.017300081827396674
10577723,0.00024035699994793367,0.00028022618193932966,0.0001103347136347216,9.667377956367102e-05,0.00017819192172806246,0.9711393081100895,0.023351783137795453,0.000337243917051335,0.004265881238250207
10578130,0.03422922832517899,0.00366847202961278,0.0015999393422033543,0.008193321986123731,0.0035614510329629594,0.784692141831516,0.0479280191909315,0.005135809945150741,0.11099161631631967
10578295,0.0003455682299504276,0.0006403768400116343,0.00032225030634724054,0.0006130276532338261,0.0003329038454346119,0.4581862381341245,0.5119082044343705,0.0014413534999450396,0.026210077056582147
10579132,8.288445204916267e-05,0.0001536525324624299,0.00010251684931897864,9.744373846431964e-05,7.589013090842773e-05,0.5217175330082453,0.4734281312484344,0.0002966207383905853,0.004045327301726312
10579372,0.0001831306165307396,0.000474380252360378,0.00033898502518947863,0.00018327898672458983,0.0002552342549640616,0.8868487230875772,0.10083729602341761,0.0006333781775935155,0.010245593575642472
10579452,0.0002862961305706821,0.00502018233344206,0.0010560327777048486,0.00461581663880163,0.018922705738150556,0.9423779904115019,0.007566245349291961,0.0049568088011947104,0.015197921819341799
10579754,0.00021735648485295917,0.0012652880810891827,0.001405275183999961,0.0014375418981098199,0.010924800721458341,0.9406798509899353,0.005530557540755622,0.022159056919090623,0.016380272180708283
10580098,0.0004019027640907249,0.007403932054425133,0.0010145300659727724,0.0005581493430099687,0.000951869732305094,0.8475175427388585,0.1166010660619223,0.01104352622229165,0.014507481017123607
10580150,0.0002817280530742344,0.0006493678537155973,0.00026466792188940716,0.00031897326493307164,0.0010331418752860435,0.9814683061941029,0.012294390125955844,0.0006373166079769685,0.0030521081030659308
10580642,0.0009126885140640762,0.0009155289414484979,0.000213963682267403,0.00046514166265211913,0.0005992260366412962,0.9324693143141628,0.007581340162843558,0.001191587043859775,0.05565120964206024
10580740,0.0007426426301537238,0.0005838139159618293,0.0003215945462157688,0.00030929160828820085,0.00030368663315738737,0.7819201312031349,0.19828115637288327,0.001269181551915397,0.016268501538289386
10580745,0.00042464076252743036,0.0005163412865269836,0.00032062199288345454,0.0002223692515250507,0.00023702146382409707,0.6596328016503276,0.3123605541044353,0.003645967518648564,0.022639681969301644
10580771,0.001228799824990415,0.000857154449984975,0.0003473409520375322,0.0012204923939505973,0.0004779659264462439,0.9419718342798309,0.00504803489422942,0.0056594644951345,0.04318891278339557
10580995,0.0009138200625048438,0.00747046127194286,0.0006075994817241589,0.0012019532911469119,0.000528462024004836,0.6970861414947898,0.04653775844217155,0.01152605071216773,0.23412775321954726
10581310,0.0002990666716254085,0.0010220799088762262,0.00027622309949085726,0.00035489236220217064,0.0004745751835353728,0.8486531803305232,0.13151134842648463,0.0007620857836636991,0.016646548233598353
10581368,0.004196481601110432,0.0034302745839463237,0.0020163861544816985,0.06143817695311969,0.008846486926448982,0.8070704167909801,0.0009859776790212228,0.04240757546963282,0.06960822384125874
10582173,0.0023419694119324735,0.0008213071314043609,0.0004754872667717337,0.0009029689032103899,0.0017177182822227318,0.9722369835470359,0.00828315182385164,0.001912790129842339,0.01130762350372845
10582418,0.3278511298603092,0.001490205078281096,0.0010505139225529068,0.0016567729619198818,0.005530347461477531,0.6334323362996671,0.008839866513083085,0.0020152494906237233,0.018133578412085332
10583009,0.00021188228237982448,0.0005152855252762485,0.00027387145492341434,0.00014109102741012095,0.0004625147209192593,0.8407835776457638,0.15394021850006592,0.0003825924534058349,0.0032889663898555415
10583434,0.0002080476561252133,0.01209437125299754,0.0006806987784406594,0.019946689028253074,0.001668645031065004,0.9309809797285963,0.004012575213738666,0.003274458120885677,0.027133535189897987
10583521,0.00010777536276417947,0.000273984705364317,0.00016441835519333508,0.00013327472180908967,0.00017618960238042155,0.452702803836497,0.5377369793211846,0.0004577031033894294,0.008246870991417587
10584210,0.00014553299731647526,0.0005622377473340807,0.00021971374511863334,0.00010607000771122118,0.00011116553018563446,0.7539363010444765,0.2246056510342312,0.0006792272578025967,0.019634100635823763
10584222,0.0003542226331911684,0.00048519115369414427,0.0002421336741467133,0.00022359207009748565,0.00022043901319218634,0.9265619794538805,0.0655828792159656,0.0007879235316267562,0.0055416392542053505
10584314,0.0034562098441706253,0.0005261559763853993,0.0009263839950633704,0.00041559450133693657,0.00021973686372873976,0.06956111217101746,0.10974705480796301,0.007805919615275866,0.8073418322250586
10584430,0.00042133243922694985,0.00028887449062766897,0.0001233608219931052,0.00013046301027184402,0.00016270803132782528,0.6333694718656745,0.35199493539767623,0.0005278059919477054,0.012981047951254017
10584519,0.0003251094241198786,0.006577322346019453,0.000728044154780244,0.0004037716857477346,0.0007143514082830571,0.9451430649279506,0.03758027532005543,0.0026710725315332398,0.005856988201510258
10584820,0.00040840179126815107,0.018763080546869208,0.0004996069393698567,0.000704725364867383,0.015507619771399743,0.9348581217548811,0.016450719126743875,0.0036599669030661277,0.009147757801534522
10585136,0.0002507366173031276,0.04880401023016909,0.0008387308518414425,0.02693319373371599,0.0029698901337308,0.8886311457809855,0.007414446252971168,0.014407189480024387,0.00975065691925839
10586849,0.0003469365057077623,0.0009361383738134485,0.0003363875504645656,0.0006172040100961235,0.0008465735995240125,0.9850280784554902,0.008743856184464912,0.000855036964699069,0.0022897883557398743
10587734,0.0047750805114497264,0.0037881195489263154,0.0008597696583050442,0.0005166623991499755,0.0012024274986322774,0.8002462775895401,0.14695154582498948,0.002458020672693236,0.03920209629631363
10587840,0.0008735784333876879,0.0018170812698010334,0.0006927018286047464,0.0009277668442488042,0.000758123739632865,0.9570061239435871,0.033407423311345635,0.001308034000638068,0.0032091666287540096
10588529,0.001872836200913403,7.502687392288905e-05,0.00020305044950754143,6.452697072152566e-05,8.339074051880342e-05,0.0047099785652242885,0.9395730473738507,0.00045447255877190535,0.05296367026656905
10588664,0.00081022020948213,0.00011278658026371453,0.0002988100319270852,5.57674394298873e-05,0.00012137292177354339,0.02960623776953625,0.8725358462540015,0.0004309632456718893,0.096027995547914
10588792,0.0053798577532976274,0.0001968168554184918,0.00028578626574008744,0.0001258148411126399,0.00014869130566695196,0.007018958591220661,0.10764264673785708,0.0005855078965812771,0.878615919753105
10589349,0.0002837761891736082,0.0001789927444196474,0.00040729332446846764,0.00011852521953237342,0.00010304836765952012,0.10942015623574128,0.09086170004118875,0.0008677180923781516,0.7977587897854382
10589410,0.12424700116441269,0.000842755208707708,0.0039009114173780787,0.0032171847833089686,0.00164723207335744,0.4328124597622475,0.08937666782783357,0.012959594225705678,0.3309961935370484
10589411,0.0023977268919931644,0.00034293150441709033,0.0004121544041446612,0.00021644858267758576,0.00039941146456447794,0.0879647883857758,0.026588499322734094,0.0008262933290553731,0.8808517461146376
10589472,0.004842981465474194,0.0004182264660833991,0.0006290491799523827,0.0002835477984198483,0.0004715049607674765,0.038744527439065514,0.1363244253087363,0.0013096885082929527,0.816976048873208
10589485,0.00794790410522423,0.0004544555249308256,0.000892741821316993,0.0005851624471936086,0.0006044341988927128,0.06426516254619377,0.005584362170685562,0.0019108371742964545,0.9177549400112658
10589763,0.0002005621109204584,0.0768725160151592,0.0009831987091184766,0.012928421999470198,0.0015852057565560872,0.8827710831196408,0.008012071894868824,0.011809795744606572,0.004837144649659484
10590733,0.0005740065595946839,0.0024274978170647906,0.0010473986825722539,0.03252494176789682,0.005369054492733736,0.9452533318483709,0.0016622192913022665,0.00802645977634571,0.0031150897641188217
