track_id,Clutter,Cormorants,Pigeons,Ducks,Geese,Gulls,Birds of Prey,Waders,Songbirds
6868504,0.007526529890368616,0.018168451162326377,0.16801371919683128,0.15285819948432403,0.59385609928363,0.015915153180677617,0.0004483660597224502,0.013255373625241883,0.029958108116877588
6868536,0.011052407376131853,0.02529587640525621,0.3468767601213876,0.06301567967419437,0.2877118811062425,0.1284860692415723,0.001013237567909607,0.027766161167018945,0.10878192734028665
6868565,0.0028092641808023077,0.015077528000764276,0.06534017732654337,0.04626575333692703,0.8333059301512945,0.0144376861286482,0.00037409227823554053,0.008159489358966624,0.014230079237818098
6868861,7.330524056383478e-05,0.01097610709890278,0.00018224087826277952,0.0017249846663432683,0.9851663431260422,0.000666891528950893,5.237479765773028e-05,0.0007903915389796378,0.00036736112429657615
6869275,2.0220240005784516e-05,0.0033033585392247557,7.403621213565666e-05,0.0011016308415963108,0.994061617916413,0.000560103456670499,3.1046800983129426e-05,0.0006463327077666353,0.00020165328520431328
6871418,0.0014713666679360663,0.04101163833033033,0.45247637371844135,0.048842887661814695,0.06855261723744492,0.22156767340776945,0.000972872794948415,0.12765336002844374,0.037451210152871055
6872996,0.29951798803582674,0.004632777776108353,0.0017221386130807273,0.0011174541665125459,0.03225694148999562,0.6119197414500442,0.02301453027248842,0.0023004228951445356,0.023518005300798773
6873817,0.0025118778974468387,0.008941846406086069,0.002656738529677242,0.002088010542737098,0.8883128102982288,0.07924878757710827,0.0008792593915130873,0.004827839109123052,0.010532830248079458
6874023,0.0001688100589367056,0.00865693871971482,0.0013714214045375966,0.0022358789684689957,0.004171238013258487,0.9612595790750716,0.0017585360125051985,0.013378772472372366,0.00699882527513414
6875504,0.00019881918728092645,0.0051111735375491294,0.009576556812057402,0.0016062019081514163,0.001703127477838341,0.5478394416620709,0.0042144470062140905,0.007453518378101003,0.42229671403073693
6875899,0.0006542768989819469,0.005306852680904388,0.0025057297580930358,0.000693367116810513,0.0007546511635509424,0.8668270002605429,0.061563172967378746,0.002490136162223642,0.05920481299151395
6877293,0.0016765550611039684,0.0024277444877438045,0.004164735534848315,0.003012825919990657,0.0007410067468871839,0.007618249685536239,0.003566200424371469,0.005164527354271698,0.9716281547852467
6880408,0.0006051066110439263,0.0036747411101848196,0.002128230539613846,0.0022120945172520875,0.0009077262124466649,0.9155689067723095,0.008416461995272748,0.004232710837039702,0.062254021404836685
6880690,0.0003597785966154047,0.002726525164003065,0.011385128467899963,0.0027833004237945227,0.0017167690190813315,0.6349137545493907,0.004273520100130663,0.006267075184770441,0.3355741484943139
6880833,0.0005679356579011523,0.0004109681472960112,0.002926721471133269,0.00032712595608967,0.00023718297959554117,0.013367836720654011,0.3884171287525388,0.0016227360350108944,0.5921223642797805
6880956,0.00012680289393997087,0.004925653785984696,0.0006707680381968289,0.0008627314233000687,0.0010083872096710172,0.9778343395622363,0.0023302028841186806,0.0025467918881241112,0.009694322314428312
6881733,0.0002427178683313233,0.00026214939698640944,0.00030102314874844643,0.00011058968840891198,0.00013645259097567848,0.011460590692926853,0.9790001207773809,0.0003231638847866066,0.008163191951454917
6885154,0.015464313105809245,0.010475454806156253,0.003690270029535638,0.002700339004760877,0.004567144829210231,0.7820704150779489,0.04678301358237252,0.010180004216671725,0.12406904534753478
6887294,0.001170716633614923,0.0011000948189307466,0.007001248550609915,0.0008335796759281296,0.0010261772051193203,0.23229974089479918,0.0022133976944902246,0.003201343144244881,0.7511537013822627
6887586,0.004225684021296177,0.0006162982686715569,0.006589251537924594,0.0019007999302004224,0.0006483014407936257,0.0353977168106505,0.0018956512347499785,0.003486401624208927,0.9452398951315042
6887600,0.001215595544224398,0.00028770178312175393,0.0039812350320539884,0.0014390151259647667,0.000332660352204227,0.005988107766435214,0.0014337542728674018,0.002506687010660929,0.9828152431124675
6887637,0.003109958990778409,0.018680362963223056,0.011816361599762383,0.0059045787003623885,0.009000890304788843,0.05743554933801326,0.0048629373146893045,0.0047228713392591,0.8844664894491232
6887702,0.009132837200920957,0.0005902656287507716,0.01382086113707667,0.000583108589323934,0.0003600260546575437,0.015393592824532024,0.02476690724808211,0.0031766361765900183,0.932175765140066
6888243,0.0009335805034446226,0.013456494713327969,0.004275615146776194,0.002192088622610903,0.014243133626211442,0.05366625891114173,0.0031344820759632,0.004463184008034818,0.9036351623924893
6888737,0.0005058859974994388,0.0023239239342495764,0.03271266896036749,0.00467295137468172,0.003688970498287537,0.031555786562792926,0.0021327912934421397,0.004842750391387071,0.9175642709872923
6889024,0.00608552793924838,0.00036151216955278347,0.010961991151708681,0.0004782377366592616,0.00024787642489710693,0.006142621693773904,0.07513773013949542,0.0033269003655707293,0.897257602379094
6890285,0.0011084314345162335,0.005431884696378557,0.0025357298364206823,0.0005244828140945664,0.0006075772746755744,0.17737027841753752,0.7744314420644398,0.00187668255259479,0.03611349090934217
6890416,0.0014297022040241315,0.004312289763084052,0.03560416455758579,0.0022990943481041373,0.0013954089207034567,0.16121955048122252,0.03282474676920696,0.023347144057026155,0.737567898899043
6890579,0.0006408963318717446,0.0005332596334866953,0.02665334319605306,0.00046849233718791804,0.00020107879723727572,0.0037169857033853,0.025658065340103207,0.0023443204883380167,0.9397835581723368
6890917,0.0008865745448779324,0.0009417010289219543,0.01850204727237804,0.0007612283473667878,0.000444555523736547,0.04186880913963607,0.6457329462564441,0.0031375759454300442,0.28772456194120843
6891091,0.0012278510974347298,0.000506330107213391,0.0540936470315784,0.009309990885208789,0.001051480637473056,0.004372624101601015,0.0008636025941037073,0.005924774083248827,0.9226496994621379
6891208,0.0002734390783553071,0.00028512575995406783,0.012474937952599529,0.00018796084305391673,0.00015381072472084962,0.009283835588437494,0.013321830911443299,0.0010501156380828757,0.9629689435033527
6891245,0.0008037439919676375,0.0009772664987759317,0.007302065072021581,0.0004922931056867242,0.0005516171988480121,0.06477082029140795,0.20073102286662037,0.0014839490657180562,0.7228872219089537
6891309,0.00016715328532265208,0.0006507793839195563,0.0015413128084537469,0.0002231600248815702,0.00020338013683826375,0.010163525301733837,0.013322342620380737,0.0013710149157749292,0.9723573315226949
6891366,0.001016978648561324,0.0003090723114472925,0.0008923575105795051,0.00032221462165322806,0.00022957678685996615,0.0031230759204377567,0.017986983894182157,0.0006113677423509543,0.975508372563928
6891473,0.0011091118172938297,0.0006834511570004393,0.02195207448274913,0.0009330456320834816,0.0006683790451803,0.041922380283597294,0.002986660543622394,0.0035227131195155856,0.9262221839189577
6891484,0.0001977081778872312,0.0001723384708070868,0.0011601090624728666,0.00019529926045537446,9.813025152552534e-05,0.0017934217826133952,0.0026251178152960106,0.0008058957486460108,0.9929519794302963
6891531,0.001406933312203794,0.0025778599454738885,0.02948636049835704,0.0008691815502073856,0.0006273508336088358,0.08366873456758143,0.271522991200219,0.0032011393271501967,0.6066394487651985
6891557,0.000492602949380124,0.0007230918217734967,0.04963295967474051,0.0008650156467551947,0.00023780758952198327,0.003058147978299849,0.0016280474371866333,0.005251627652970621,0.9381106992493717
6891579,0.0005346173974995155,0.0008098977320190322,0.021825569490851487,0.0005606000847063341,0.0004110725424982551,0.011493401930591006,0.0543949106491251,0.0022559947885760216,0.9077139353841331
6891867,0.003926900855810327,0.0006202030479969829,0.016715455904021608,0.0003859818488074056,0.0002637015827357431,0.012470968361222006,0.902925626229656,0.0016455968226274855,0.061045565347122355
6891888,0.0009391479742668245,0.00044063601628060826,0.0046196474222778465,0.0006188332380755554,0.0002892949133628954,0.0026905575869836176,0.006256001016702895,0.004682998043116248,0.9794628837889335
6892297,0.004269340878007572,0.0003278396912050137,0.002060661372681601,0.0002258479454547518,0.00023320036378065616,0.007184248212824861,0.2540030065193725,0.0010284114896832864,0.7306674435269898
6892562,0.0006389952115983001,0.0006272106913216994,0.002515615945692964,0.0004535451533898119,0.0002853817492047974,0.007978254432176497,0.7537772301432113,0.0018482188201724174,0.23187554785323217
6892587,0.0013451909646986112,0.0008281129930441585,0.007367208274850691,0.0005185327822764936,0.00041279935748229544,0.055459436774257485,0.14448307673391036,0.011116410450703666,0.7784692316687764
6894293,0.0010450438038796875,0.44387216358739917,0.012143149609044463,0.024789525129728054,0.037723101606835785,0.420552591988306,0.0012098511349209276,0.029240823975274874,0.029423749164611067
6895609,0.0004647177854472233,0.0028514942187757453,0.08525810724010653,0.008573545799856011,0.0008708513683222687,0.008941037000836033,0.0021832882691051256,0.041456896994816014,0.8494000613227349
6895723,0.00129052271112935,0.0003207345770059597,0.0017613254896942008,0.0002337996561738528,0.0002667197325986315,0.9537200609615146,0.03312076744702957,0.0011587551177268415,0.008127314307126855
6895905,0.0007866595037877174,0.0006614413607738468,0.013439438544929268,0.0003104731831012066,0.00047932153884857194,0.7539408965046949,0.10830638468180284,0.0024250797028376016,0.11965030497922405
6895906,0.001100087158803488,0.00043944835812078595,0.040808121444222835,0.0003540980507871325,0.0003596233326305662,0.901927809846736,0.028621601311791728,0.0018986643684525577,0.02449054612845498
6895927,0.0017815091555564717,0.0008767669860834453,0.007554565272364505,0.0005368269855998253,0.0007736360571523819,0.9445787632586491,0.0112470205925463,0.002445544804573317,0.030205366887474716
6895938,0.0009295279367849289,0.00061403351965733,0.013879885900048499,0.0003188711751300878,0.0006364045644642873,0.6488357034879291,0.27160648433254836,0.003018662875992731,0.06016042620744467
6895939,0.0009514652334777164,0.00048821468546409884,0.004902546688962948,0.00024004180876448797,0.0004036510358355436,0.8751529764159807,0.022804743407242343,0.0030216122337050344,0.092034748490567
6895948,0.0005641557271997914,0.00043286051412623304,0.002985204904183564,0.00023044290155797525,0.0003658129773144075,0.8912742708175545,0.02273263384619158,0.0024728296255054237,0.07894178868636659
6895973,0.001028590179458116,0.00041746575367382355,0.05034902640293101,0.0003245527957396616,0.00038323239241247443,0.822386406249813,0.03915850054980927,0.003154816638966628,0.08279740903719597
6895974,0.0007444843085773332,0.00041833480510570267,0.005240550716336636,0.00025391688412550043,0.00031999790146971824,0.7978453458974593,0.1230783957570525,0.0020980683374031083,0.07000090539247021
6896754,0.00042932226587505916,0.0005590168552736385,0.004304295231711144,0.00028136176201071526,0.00024026705189360046,0.11288359926248408,0.08030713595628092,0.0017046518857513468,0.7992903497287196
6897915,0.0006689267194937686,0.013726797398550974,0.1246332009692191,0.014665525730669236,0.01557193258417033,0.2536175276983731,0.005176313058810724,0.23400273168109706,0.33793704415961584
6897964,0.00991991490041699,0.005239321439177362,0.050364790997640956,0.00997240625202165,0.024998530956737843,0.04123871269511796,0.003157053628586966,0.008105110621145861,0.8470041585091542
6899282,0.0003713591033903242,0.0005239375996898742,0.0008891577104173083,0.0002954138284654159,0.0002507087807225292,0.0682267625886155,0.5307745821450963,0.0013106486729239186,0.39735742957067877
6899294,0.0006559255668128339,0.00031921800630888735,0.002009484414961865,0.0002899290718553879,0.0001924516425654271,0.003887968596365228,0.9266789354908828,0.0033979652644300297,0.06256812194581773
6899376,0.0003835740517444813,0.0011993002312536392,0.013362787731450977,0.0006548489300587251,0.0003219087267959302,0.007372372864098903,0.07730457395009886,0.004916161473770895,0.8944844720407277
6899506,0.0005495009923622097,0.00034346059785203293,0.0007688787023532188,0.00016634492223864308,0.0001757684001893912,0.1929988568302722,0.7778231624380842,0.0017730371436553087,0.025400989972992755
6899530,0.0015905319954077168,0.0005330823108262774,0.0020781475136292245,0.003310838472571275,0.00045631622049552246,0.018434492540557783,0.0013984297693939538,0.005681522383730379,0.966516638793388
6899560,0.0015543545706495113,0.0008432190813949346,0.0032370924543767125,0.0018551838675820694,0.00047160908069043594,0.20767189815046266,0.03688616255669307,0.012560137361415572,0.734920342876735
6899670,0.0005221056143577603,0.00028578549178534383,0.0003796951831407531,0.0002462002824060995,0.00024354377698486234,0.016542978951304837,0.0033735105109273344,0.0015259745149635176,0.9768802056741296
6899695,0.0003093579550596533,0.00047120304947245826,0.0008411141006243838,0.0005134308348698812,0.00031678338267282903,0.018194373929468523,0.003541769922039008,0.0013531374956199979,0.9744588293301731
6899730,0.0005471671565339374,0.0009932846201416773,0.0014642206799977083,0.0004684511169751458,0.0005026747507963696,0.06169848753657817,0.2110940869788161,0.0038070468470172533,0.7194245803131436
6899754,0.0010564869902957809,0.0008456967299474945,0.008916535207022638,0.010184587897609298,0.0011214899315236872,0.02064942099004823,0.0017156915436914587,0.009327574472934893,0.9461825162369266
6901206,0.0005014889301884427,0.001911677428947744,0.009255983202792948,0.0009656267246863509,0.0005013382055790668,0.3093830633079441,0.36828319182510943,0.007007303275986939,0.302190327098765
6902131,0.00014052339258849495,0.0006012891326264922,0.0004808819318681682,0.00025894126886797405,0.00041281574585063003,0.9372405974337946,0.05443479696689243,0.002358762386563137,0.004071391740948037
6902271,0.0009946219208104019,0.002554226660101377,0.007404226903574443,0.002708334193691217,0.003430348554020838,0.05747459392359739,0.0009400078312283419,0.00639741297317658,0.9180962270397993
6904326,0.0004337836768765073,0.00012911266318146875,0.00027058895077187973,0.00021315254415711708,8.016775975754604e-05,0.0014110516103172275,0.002669956568755474,0.001012582544894149,0.9937796036812887
6908023,0.00014408394826045424,0.005163023921339766,0.0019433467256625946,0.019754029418825304,0.006833252948238485,0.9496169213469294,0.0011875450074531277,0.013358180409032245,0.0019996162742584546
6908625,0.0003960002199304884,0.0004589043767070635,0.0028763460730958793,0.00026427564781713084,0.00020320409904255428,0.37960579174426845,0.3821934730211378,0.0013267553153438363,0.23267524950265678
6909657,0.00030094497077409765,0.00021003350397863008,0.0005919172579119521,0.00018261305525584827,9.497403140129158e-05,0.002393475343873212,0.05344444382396466,0.0009535608922219594,0.9418280371206184
6909786,0.0008351101343184492,0.00020113019497875379,0.0006174781746725054,0.0003166610966924733,0.00012879158045845317,0.003888401328937178,0.005508645292458268,0.0038070726973149374,0.9846967095001691
6909952,0.000334371726381863,0.000162584224449733,0.0007907516844770705,0.00017820120299773902,8.692879422231092e-05,0.0023799620233620335,0.2712334962393861,0.0015924523846422155,0.7232412517200809
6910003,0.00036794391290685425,0.0001369210467839322,0.00045709083478726124,0.00017626690140331246,6.813603198000999e-05,0.00140284734560853,0.012143085326658535,0.0006386542020995484,0.984609054397772
6910407,9.40001185895973e-05,0.0006136304898432535,0.00023629507101744732,0.0002918871186915109,0.0004021537679235312,0.9924640126695385,0.0012418271569193202,0.0029576360934236126,0.001698557514053356
6910422,0.00289999241999878,0.00047511884524113496,0.002487058466304421,0.0007520987899504487,0.00019664074210237972,0.011469862188271807,0.3499178366754,0.006024286911009952,0.6257771049617212
6910425,0.0005995928616316616,0.0001208923644668105,0.00034325282410487055,0.00021140082304384956,7.762468136219761e-05,0.0016417413447253322,0.013813121313903437,0.0007453040346836428,0.9824470697520782
6910560,0.000947825387399491,0.0008509302216278536,0.006266876630099596,0.006730501336886052,0.0003523042846908206,0.007904070602686252,0.0019922595546171097,0.09653492611564857,0.8784203058663443
6910590,0.000889901829066424,0.0001621343696420113,0.0005506750947076681,0.00024911313624054947,7.718840538184418e-05,0.002485302925100716,0.02516779554364136,0.0010798382198807363,0.9693380504763386
6912744,5.8520151031607836e-05,0.0013638675998620176,0.0001916204499389303,0.000311637586008696,0.0006684078452553346,0.9891551434138462,0.0012020899765574076,0.0052748346165746324,0.0017738783609251416
6919118,0.0005109746759548717,0.00120865186961318,0.0021926021907628028,0.0005324420112117584,0.0002821157279092598,0.5572380509412053,0.12303896578317389,0.0022400439265812624,0.31275615287358777
6920152,0.0004231340255772316,0.0011790557893351793,0.006958572391039849,0.0005005222820483868,0.00028432628810366734,0.8234341970956935,0.08861522397036178,0.0033857738398915906,0.07521919431794899
6925791,0.00010720108356891026,0.000703576735775815,0.0005409057693824124,0.0003325940024337991,0.0001957688627051428,0.9744406761773069,0.011569206906207103,0.0026586167095205716,0.009451453753099158
6926246,0.0011112008609574806,0.00040287442834313836,0.0005055822722691263,0.00019220919168431717,0.00018362401251908878,0.4811958117150009,0.5108682833001101,0.0007773770125076079,0.0047630372066081944
6928841,0.0017292282907512778,0.009046498156190191,0.029638968411491048,0.18392817349565319,0.00866886208832129,0.08649012953801477,0.001581311002845203,0.6642506524528002,0.014666176563932778
6928933,0.0005709993574294826,0.0018082337311932642,0.0005426046734005661,0.0002096703339940633,0.00046867972795513297,0.9143035851301813,0.07745907821721591,0.0010253934027044838,0.00361175542592604
6937241,0.001085783222155707,0.00023732969547169604,0.0026804696171298624,0.0007424164929436639,0.00013403479472840125,0.00285255056362176,0.001528929972559005,0.009966293328816498,0.9807721923125735
6938426,8.440025400085677e-05,0.00017418739694535077,0.00017952721980939266,9.723687942268039e-05,9.708344860250037e-05,0.9887226522777764,0.009088642454513197,0.000530687873373815,0.0010255821955556573
6938530,0.0001272075130366645,0.00026392013370813393,0.00021672898478725003,0.00011368871473432855,0.00011384378375004495,0.9478408332940125,0.04928288249705917,0.0009052225210088414,0.001135672557903132
6938682,0.00011162157709550777,0.00011427420363938691,0.0002937678264623056,6.708145265331807e-05,5.992034220842551e-05,0.024913885538863555,0.9257161228417178,0.0005836809768109195,0.048139645240548756
6939166,5.597227136929458e-05,0.0001534686501415501,0.00010718298948507456,7.851001582945598e-05,8.043970089702943e-05,0.9818612062234242,0.016332063849344037,0.00048173313307416554,0.0008494231664351071
6939222,0.00032069890321632,0.00016405716922425313,0.0005447424255491977,0.00010100192850792043,9.765075429143023e-05,0.04506968492237394,0.9477834549476767,0.0011880376052611206,0.004730671343899402
6944591,0.0017584002856000697,0.0004106463245233492,0.00249910160853291,0.00016884771378035981,0.00012130731824273487,0.48744795088280835,0.4993823359548496,0.0014187259496646224,0.006792683961997899
6947293,9.748032144835662e-05,0.0006588100081941369,0.001635968165645958,0.00021057443306348608,0.00026483086353905664,0.9855169642040778,0.004075311809734887,0.004063400671516775,0.003476659522779845
6952804,0.0010772242802472225,0.001272001552011809,0.25844717940245704,0.0009783219194930979,0.0018949489017026616,0.5440504525902895,0.02808889761089915,0.01773127290993884,0.14645970083296078
6975207,0.00010556282402709427,0.0004779645313952321,0.0009069542561903335,0.00017316390656141087,9.154415592519614e-05,0.9931416259890178,0.00150526721001313,0.002193087948435927,0.0014048291784340128
6975472,5.711846271513646e-05,0.0002903573834931709,0.0003199332254572774,8.148115402039416e-05,7.929251534333555e-05,0.9904547449340116,0.005399677503152287,0.0020103580365313394,0.001307036785275366
6975490,8.697649930297549e-05,0.00030091087342088286,0.00020272492922965055,7.847663856503506e-05,6.558675100797352e-05,0.9932521825649586,0.0009395175739902989,0.0029798263016486367,0.0020937978678758876
6976427,6.192506866907385e-05,0.0003365048303063946,0.0001587782681681246,5.5245111790379454e-05,6.240297510256373e-05,0.9924459084989291,0.001117794536085667,0.002447125163337073,0.0033143155476116335
10551287,0.0006523044654357832,0.0022898456941359943,0.0005350750899566203,0.0008147730103766209,0.0011051175507245802,0.9798871316821297,0.00782572754707775,0.0013273811706922916,0.005562643789470843
10554874,0.8393810049654589,0.004988174100724885,0.001731731429176067,0.002290309079261827,0.006906705000947195,0.10327916196680566,0.01625258790317276,0.0024293485460581197,0.022740977008394517
10555071,0.0003562730782835422,0.001044560350582564,0.0009742356139434122,0.0006063252256857919,0.00033486910722219847,0.9063899145116298,0.020515863247120427,0.0023090330009859546,0.06746892586454638
10555459,0.0007368719082982905,0.014333955952733051,0.009783672542341774,0.005467440406813444,0.0016720504779869372,0.38771317610691686,0.004683904230009121,0.27050583542094714,0.3051030929539534
10555968,0.08685623613109741,0.020243453531990335,0.005943868983391048,0.22067579847358873,0.08204325125552571,0.2647445631784078,0.0017522022146567796,0.078963474401593,0.23877715182974918
10556692,0.003126981227913591,0.005312229441705826,0.0024593045416087464,0.002135382609403581,0.0009162114158441225,0.21980387669650858,0.015150708429121851,0.02127359836848705,0.7298217072694066
10557065,8.186769359318821e-05,0.0041437294210877025,0.0001546988804314896,0.0003998230861043737,0.0010072075879016245,0.9866894766799043,0.0032385303619888776,0.0010332037931795515,0.0032514624958090202
10557235,0.0005862562762067251,0.007441801358200799,0.004173436851400396,0.01893370151953674,0.0032356543036584024,0.8968371983255703,0.0033468305445284083,0.01840272742703176,0.04704239339386655
10557310,0.0018846528063751883,0.0662688547646959,0.0020077140803916797,0.005157824856405953,0.027347670907535083,0.6296583761541913,0.001261975622727362,0.006517867466312746,0.2598950633413648
10557603,0.00029553235546072297,0.005863104077693013,0.0004213033097749486,0.0006937258171273149,0.000677586104405566,0.9566186463631707,0.004001186232201678,0.0023875692286205227,0.029041346511545447
10557649,0.00021955834229703893,0.004246998499720639,0.001378253974033172,0.0009546313815006807,0.0046557792784856725,0.9716078734248436,0.001238354867772671,0.00554260454437083,0.010155945686975965
10559369,0.0009153795913637928,0.0027182507033649108,0.00045755756717680887,0.0003793177158938581,0.0012599979969383764,0.9675028519339778,0.014756853727289911,0.0009689183102202487,0.011040872453774312
10559516,0.00017468627837077908,0.0031316170541983647,0.0002339292706479354,0.000277640777862884,0.0005936814110508621,0.9642829330657727,0.006281118282300727,0.0008324325563334808,0.024191961303462236
10559765,0.0003013363722243406,0.022028098345234892,0.0006294809528803669,0.0012391704910686653,0.001279282566640731,0.8880355243007393,0.019160643000597107,0.015736617099509142,0.05158984687110557
10559904,0.0012736291549547423,0.007633203616165464,0.000853398421219585,0.0014713810433864324,0.0018308515669466197,0.9114022186980094,0.0356447868485747,0.004412565704035472,0.03547796494670749
10561136,0.0009329471874195295,0.00225120002177169,0.0004467692121224206,0.0007983468914038328,0.0016242531469147412,0.9710487307726818,0.0049990128250016275,0.0015299477052745753,0.016368792237409658
10561583,0.0012519617539022078,0.0017400856105751056,0.0009868265970278212,0.0004530939072032688,0.0005995842276408565,0.9513971391168972,0.008144450163470615,0.003083175348609632,0.032343683274673414
10561870,0.0002039602954492691,0.0012514988481397767,0.00017749704126052138,0.0001666669678576547,0.0005742354380412467,0.9547037198012235,0.038988575691604146,0.0004036513449760549,0.0035301945714476097
10562711,0.0021221162510106518,0.11892391599806594,0.010211804218762069,0.04372053969235395,0.1812255969528806,0.48473479717115886,0.0016581047741230498,0.016669710885656955,0.14073341405598785
10566953,0.00020073646093150908,0.006389923793124332,0.0002709203624130024,0.000371724501437854,0.00031606791568826627,0.8985420520451177,0.08709077887463483,0.002256870905191548,0.004560925141460947
10567563,0.005270325463971115,0.00797517563040083,0.0007177731918573867,0.0009022610476881852,0.0028175739431785343,0.9239960310645163,0.017743835253073624,0.002042380159324074,0.03853464424598984
10568512,0.0010284658767159983,0.0007368244710218066,0.0006729693597865852,0.0009760959201679034,0.0003728516616144413,0.4917997392653512,0.4747545990875224,0.0015988022679434657,0.028059652089876253
10569249,0.00042164184662762196,0.0007363363027965692,0.00031744893977531715,0.000245999843586905,0.00047903922460578835,0.8450779246221273,0.12017542363567098,0.0011528441048143305,0.031393341479995084
10569900,0.001114358687359695,0.052505266593220676,0.001953830363382007,0.05689835209084827,0.7776442985756069,0.027524413336505443,0.010155447916806748,0.011352343621272111,0.06085168881499797
10569996,0.0006555319573638703,0.0009699576437826026,0.0007163692227703598,0.0015622379759949196,0.0004909424074310485,0.8334964453326337,0.13914438727330627,0.0025516052234963093,0.020412522963221037
10570047,0.00033917376472772566,0.0026020319317427553,0.0003709876409477019,0.0004904422483762592,0.0010842825327426013,0.9749770869674467,0.013008440333571394,0.001522614782092764,0.005604939798352223
10570186,0.0010770091634559804,0.0023806100436709826,0.0006890546207832191,0.0015796418987668558,0.001460154177899903,0.8457805669900479,0.09519341583504555,0.0029757409183897555,0.04886380635194004
10570190,0.0002619523481645607,0.00193081107894201,0.00031370178967521795,0.0007692707510128909,0.0007753241299430214,0.8779554382538541,0.11030478212978621,0.0012231556777349737,0.006465563840887005
10570281,0.00038077581986198714,0.0013702457217560746,0.0005605689140193573,0.0006107409705003885,0.0005638440064093558,0.9213334829406157,0.060377354725088435,0.0017679646944629302,0.01303502220728575
10570444,0.7180573562653565,0.0024503263003946042,0.001458963693713765,0.009199017791945535,0.003028251789087832,0.2171939308857925,0.01518664168326907,0.008185177099282067,0.025240334491158027
10570516,0.0013480314695341479,0.00299116728965633,0.0006404730150474683,0.001215023015457183,0.0012955100519146821,0.9212343038145885,0.04396089748804804,0.003102535835425313,0.024212058020328463
10570563,0.004452447118515193,0.0007662595008158914,0.0006687304849191122,0.0006543280168158154,0.0004703398138862257,0.5111624214728682,0.38478491117040514,0.00415747945356108,0.0928830829682134
10570908,0.007237136668794527,0.0010021123174984948,0.0006726198048441316,0.002378672094758161,0.0012036709804548297,0.701794235516781,0.2242974765427786,0.003896018790359685,0.05751805728373071
10570962,0.0018258826087709905,0.016355600297504436,0.005354998631926761,0.002874648486264385,0.0023269219850396055,0.18928720619313535,0.015151765273612743,0.3488554628524477,0.41796751367129803
10571126,0.003947223187860637,0.000804731795834192,0.0009513761360299905,0.0005623438048422556,0.00044613058939694936,0.8642137490399094,0.03962844353485927,0.004509333576086296,0.08493666833518107
10571129,0.031744992514515125,0.0018547741537199467,0.0013067195866478664,0.004809000368585762,0.0021218325271067165,0.9245959230330189,0.003057938088415495,0.0076286578565044755,0.022880161871485515
10571130,0.012886134754538033,0.006118124222555805,0.0030747441082385686,0.02100900282741688,0.004756645091053577,0.3023301232072262,0.0025292756842482766,0.015567257625575238,0.6317286924791474
10571150,0.0017256005273081517,0.0022662252208340908,0.0008257137303454431,0.001041371934567913,0.0010712124078531625,0.9412679106061083,0.014203860132799383,0.006210563703960251,0.03138754173622337
10571157,0.02238359147039294,0.0012281976066251523,0.0034727812227999255,0.0013022234865081343,0.0006584423616211003,0.44498824620416316,0.43021190760211814,0.010701371983976053,0.08505323806179522
10571249,0.0013398405588284045,0.001062904396294399,0.00037907233418239686,0.00042128420975014717,0.0005561623247905653,0.914772798127066,0.030128185983509883,0.0015457442356743584,0.04979400782990383
10571563,0.0008046026420463299,0.08568111254436704,0.0018877865332209971,0.0024499340424173227,0.015860256318627197,0.8142670822939939,0.012310673679100739,0.006983809271191569,0.059754742675034805
10571600,0.0009677823461430855,0.0014448902602878526,0.0004241915774949098,0.0005791082430982679,0.001085182602428424,0.9432248861922133,0.016607508107598316,0.0016920676419547832,0.03397438302878086
10573894,0.0025944299115044723,0.003699962995693147,0.0015549001473886815,0.012382072842248362,0.0030166706941419153,0.9005945623010784,0.007298490143180514,0.025677106342196266,0.04318180462256837
10574347,0.0014382947561173754,0.0011681756680542617,0.0005875317646838935,0.001261450434686692,0.0006054966820831225,0.9634129297719638,0.01400161464261354,0.00247068748309182,0.015053818796705434
10574370,0.004172736409497005,0.0008905909803227253,0.00047554061927218436,0.001394259606918989,0.0006062845830983465,0.9428321394984664,0.013082570966172095,0.002646470617712543,0.03389940671853966
10574372,0.001752036807722544,0.0015487717196802934,0.0011216853014796655,0.0004360652597031816,0.00043440872555211785,0.686820870174993,0.2741847455211801,0.0014278384741456642,0.03227357801554349
10574408,0.005120505367055037,0.005552090545430086,0.001017484183274771,0.01448592104694316,0.006766923471247894,0.9262285684551227,0.00107275284043804,0.006305055563476198,0.033450698527012004
10574430,0.0005281410433299196,0.001133300479964324,0.00030234318087744627,0.00047510557949416606,0.0005734114369617928,0.9666105514934972,0.012338754221462822,0.0014007346813085734,0.016637657883103743
10574439,0.006309116051032299,0.0013287004090223012,0.0006586710546061439,0.001813031372794949,0.0008846023370512378,0.9480403274071871,0.0064610397009326175,0.0030391898837124347,0.03146532178366087
10574456,0.004534140973732824,0.0020160920333689596,0.0004897411088307555,0.0011228060994031386,0.001198416344374125,0.7381183031594649,0.00776185551161097,0.0020876230527322698,0.24267102171648203
10576038,0.07960114576436315,0.005023262803089665,0.0010549959897555796,0.0035294839792754016,0.003147575311472336,0.8661511399573449,0.009503676579674969,0.004124185191449685,0.027864534423574294
10576770,0.0023503903238103483,0.002051584805923094,0.0007223583201083913,0.006343015594140062,0.0012333372340607937,0.934580531210633,0.005673077343858063,0.004942966260323692,0.042102738907142515
10577118,0.00036856776528836944,0.010233104283531861,0.0006233893167515849,0.001158667328906467,0.0011091353343908171,0.867046177905252,0.02292158965725445,0.004877823623533935,0.09166154478509042
10577354,0.001364276703190424,0.0008140218571865605,0.0009085879446512743,0.00024017393981613886,0.0003483946435474334,0.5960488823541877,0.378799384328607,0.0014290403016397467,0.020047237927173663
10577622,0.00019244595347909097,0.0028460984309756185,0.0005558235447239955,0.000670544979372951,0.0004712964831769691,0.952536475011438,0.018128777714507594,0.002925117035071564,0.02167342084725418
10577723,0.0003885859343048766,0.00044897101998222637,0.00018673827075593085,0.00016489463804218008,0.0002931997087627284,0.9633169499215022,0.02884302099743721,0.0005344686418675731,0.0058231708673450325
10578130,0.03969700141250321,0.004851761539512342,0.0022218599275219296,0.01033585308740867,0.004718430685817967,0.7569063028250184,0.05449423039536204,0.006659285976389624,0.12011527415046573
10578295,0.000525812709902037,0.0009396669627626188,0.0004923515886043299,0.000901848192783286,0.000507656447453487,0.45673296380251677,0.5069674200625178,0.002016430540091443,0.030915849693368153
10579132,0.00013802919518248494,0.00024675671559984153,0.00016860188235292634,0.00016073766452951983,0.0001270385150605017,0.5193557483338511,0.4739852513566679,0.00045827602291102955,0.005359560313844716
10579372,0.00029632744793566516,0.0007258082475687719,0.0005290063371246704,0.0002965534010349145,0.0004050128708511839,0.8711452067671437,0.11256543192188462,0.0009527388909776889,0.013083914115478879
10579452,0.00045307445737502656,0.006712785459964124,0.0015476996346600223,0.006202648551148552,0.023402844385239072,0.9261317747667798,0.009876058225008135,0.006632999919290158,0.019040114600535098
10579754,0.00034968848128991435,0.001835258114236942,0.0020257619494201116,0.002069510311247239,0.013958837559678723,0.9248096996683131,0.007355217234961339,0.027159394048119203,0.020436632632733445
10580098,0.0006148143186254918,0.009542310761704462,0.0014697124635303113,0.0008374973316859085,0.001384119678581183,0.826495770303873,0.12778143602547187,0.013902229903517683,0.01797210921301023
10580150,0.000452205055433219,0.0009923459987081795,0.00042638551011119703,0.0005082619423546078,0.0015362765773619734,0.9750478770374236,0.015803342861499557,0.0009750034111137318,0.00425830160599382
10580642,0.001352041083565615,0.001356000966478119,0.0003451955290505741,0.0007169227929742926,0.0009099277598718288,0.918932267107446,0.009915841067612022,0.0017377252977739373,0.06473407839522784
10580740,0.001093562623208964,0.0008719379971773108,0.0004974542166750585,0.00047952260014792953,0.00047133948606959926,0.7646082331437961,0.21018892995773902,0.0018109093754769508,0.019978110599709258
10580745,0.0006406254762190041,0.0007700596488822739,0.0004917608754617536,0.0003484845670894719,0.00037005503568333584,0.6458956835614799,0.3196046946886963,0.004846926463255403,0.027031709683232562
10580771,0.0017902775698811072,0.0012755562388359685,0.0005450962195105025,0.0017788839011136338,0.0007361372039789848,0.9285329858106949,0.006768073031056772,0.007536978276784971,0.051036011748143366
10580995,0.0013102219553905118,0.00946576923632692,0.000892334439671808,0.001695782669411024,0.0007825083170715628,0.676419589245897,0.05295184893299695,0.014236741582421197,0.2422452036208131
10581310,0.00046745605505934856,0.001486149555040723,0.0004337731339324159,0.0005491577948027077,0.0007219074141054601,0.8309742961429695,0.14369906146046924,0.0011274061676826935,0.02054079227593799
10581368,0.0055208112796814555,0.004566640695671178,0.002769590097892882,0.06902302008395009,0.011138746730100015,0.7792459075152004,0.0014124911474068537,0.04869331790549279,0.07762947454460427
10582173,0.003306286597972585,0.0012332014491216845,0.0007372759562439877,0.0013482785543832397,0.0024696225705607058,0.9627647592480781,0.010856340706599497,0.0027327380632961324,0.014551496853744059
10582418,0.3327838945539231,0.0020774074860329616,0.0014948908343234836,0.00229525938407049,0.0071371971943276855,0.6185302310269027,0.011097854504506175,0.002759902383100714,0.021823362632812586
10583009,0.00033867183141952255,0.0007816804341400037,0.00043119646850566217,0.00023097862167700275,0.0007061012798407529,0.8254426680801054,0.1670041526793494,0.0005906419091952536,0.004473908695767051
10583434,0.0003347964697318753,0.015325402834787642,0.0010216240850119994,0.02454244358347926,0.0023757115012679646,0.9137075318475112,0.005425473894578214,0.004480712655811939,0.03278630312782005
10583521,0.00017649810343249814,0.0004247282751064569,0.00026265205408568145,0.0002155475747663076,0.00028031369008910763,0.45383586227714245,0.5336519194962653,0.0006884294558458034,0.010464049073266209
10584210,0.00023543654590995307,0.0008400505709749776,0.0003469335906799165,0.00017481774989725764,0.00018271087197725696,0.7374872529293732,0.23592646401133924,0.0010036248678890114,0.02380270886195928
10584222,0.0005547996915031535,0.0007459939967708174,0.00038782337813480925,0.0003598076667003404,0.0003550301976813921,0.9134803145833491,0.0755556935214161,0.0011773890397870181,0.007383147924657183
10584314,0.004627745246923354,0.0007869936646304212,0.0013402820796387539,0.0006303077993651861,0.00034599212495083607,0.0780627264642929,0.11990062959915707,0.009962773121654155,0.7843425498993872
10584430,0.000637295159266964,0.0004467525242792289,0.0002005728981237007,0.00021142307354094585,0.0002602744458881636,0.623000793844297,0.3584057667039666,0.0007878330399580916,0.016049288310679262
10584519,0.0005123290967632158,0.00868448178965381,0.0010941614462796412,0.000628231428309067,0.0010747826366338954,0.9317161068936316,0.044784793208610355,0.003718791611121156,0.007786321888997117
10584820,0.0006319605578422088,0.023180832934993744,0.0007639788526847017,0.0010560513756394812,0.019374844007123557,0.9177430320234354,0.02048187624494745,0.004978019353219893,0.011789404650113612
10585136,0.0003951182534758839,0.056403206808089947,0.0012310752633783683,0.03223461404884676,0.004046702941731653,0.8658377612277296,0.009573413540840445,0.017889439990723816,0.012388667925183429
10586849,0.0005505988695533654,0.0014014161734597535,0.0005348279044559434,0.0009468859185291567,0.0012748554208781913,0.9792748380800996,0.011477568916831946,0.001286847185273601,0.0032521615309183995
10587734,0.006275872495538479,0.005046987259998121,0.001249900507467364,0.0007739457066541496,0.0017138902447436022,0.7781785477846574,0.15787987730351288,0.0033592580442711652,0.0455217206531566
10587840,0.001303355578767451,0.002596720575703873,0.0010476932448237925,0.0013793116110731765,0.0011405711716172987,0.9459647962285421,0.0402266012011397,0.0019057558964701556,0.004435194491862436
10588529,0.002665614908468221,0.00012903501572091494,0.0003293518803932447,0.0001119653157535484,0.00014253072703737706,0.006349749532925702,0.9276396330313033,0.0007030420253432046,0.06192907756305456
10588664,0.0011967319836325692,0.0001870787796898732,0.00046802798070242696,9.641410014781242e-05,0.00020045390959670271,0.03538741220210933,0.8546997223536588,0.0006606345541184412,0.10710352413634402
10588792,0.007123892434169358,0.0003166074385142406,0.00044975085626575964,0.00020778868747833577,0.0002431687355832123,0.009150082547751636,0.11950579167015775,0.0008833653866832653,0.8621195522433965
10589349,0.00044082242727933073,0.00028569071654805116,0.0006193893962148415,0.00019382167036905817,0.00016990547188408067,0.11974579534214567,0.10052910785081412,0.001262156714658667,0.7767533104100863
10589410,0.12985216593414164,0.0011814858384027705,0.004997446856009734,0.004168511922500465,0.00222004143354001,0.42031982089032977,0.09523637123076567,0.015470395706085606,0.3265537601882244
10589411,0.00332380619127566,0.0005329976137743034,0.0006336954888889037,0.00034564371468472814,0.000615238515878751,0.09865404359329923,0.03199377194791121,0.0012195113329431166,0.8626812916013442
10589472,0.006381873765420141,0.0006365280978540911,0.0009346797608272385,0.00044153068355209105,0.0007125725897300879,0.045177519792281656,0.14762050071031088,0.001863854199255157,0.7962309404007688
10589485,0.010327739417654632,0.0006987915464118304,0.0013192680573505043,0.0008864918712648494,0.0009139439031085918,0.0738469891675797,0.007408710823493272,0.002700161879004703,0.9018979033341319
10589763,0.00032066359881697165,0.08661636855825713,0.0014316298730462952,0.016177711138748958,0.002244256464349501,0.861627405348278,0.010311930190092395,0.014856821053367166,0.006413213775043614
10590733,0.0008738918133115827,0.0033951729271248124,0.0015391764756208855,0.03905009261907888,0.007166747447163371,0.9308408258132413,0.0023772021070191606,0.010463481035522878,0.004293409761917026
