track_id,Clutter,Cormorants,Pigeons,Ducks,Geese,Gulls,Birds of Prey,Waders,Songbirds
6868504,0.0033658050620309116,0.009813505506052781,0.14616950007828558,0.1303175901112226,0.6771640764259396,0.00835591745927034,0.00010955571271249321,0.0066920159441214225,0.018012033700364378
6868536,0.00592139504136393,0.016183501495681367,0.38892665652078073,0.049024594105773776,0.3099178369644854,0.1164455816220134,0.0003253152169021492,0.018122157935982597,0.0951329610970167
6868565,0.0009032473321309408,0.006948908354824669,0.04123202282932867,0.027113657953051165,0.9073571566214667,0.00659247498594232,7.808386696597792e-05,0.0032969051823658916,0.0064775428739237756
6868861,9.654986126666942e-06,0.004228667459572459,2.9175260315551187e-05,0.00044701996055393375,0.994896458460456,0.00014097909778039604,6.41875147401618e-06,0.00017328194978061083,6.83440739400903e-05
6869275,2.006131494121446e-06,0.0009767409381133763,9.700656206920618e-06,0.00025743210036495965,0.9984700396774673,0.00011322559640713977,3.3767312285166253e-06,0.00013472818915706303,3.2749979560649894e-05
6871418,0.0004994656094700777,0.028403676267494755,0.5241995627345893,0.03511816485185831,0.05300321879105531,0.2202720493502141,0.00030223247281574623,0.11276371025119773,0.025437919671304546
6872996,0.281712228790228,0.001783374370752235,0.0005362593340657392,0.0003171651029511356,0.018820030429837806,0.6707551501969682,0.012490517990432987,0.0007621819094047191,0.012823091875359188
6873817,0.0007544560251493895,0.003525542068592821,0.0008076108411145009,0.0006027930988352617,0.9382593860080898,0.049870193727671826,0.0002108936618587677,0.0016679870724952267,0.004301137496192212
6874023,2.714472072129818e-05,0.003236478228614538,0.0003454691342005583,0.0006254241201264794,0.0013335934474908132,0.9859738240159661,0.00046722733119952545,0.005490801470065289,0.0025000375316155776
6875504,3.798818540991981e-05,0.001958245312083446,0.004197485114239184,0.00048019848696880343,0.0005156092952859434,0.5715157379063939,0.0015492952976581722,0.0030961109616548547,0.4166493294403057
6875899,0.00014934246736997294,0.0018969708112927092,0.0007626434294304345,0.00016024531141355339,0.00017760304547966108,0.9234019247455418,0.037209027423506895,0.000756884200815073,0.03548535856514987
6877293,0.0004373996082751916,0.0006856737246304689,0.0013204659255973154,0.0008912147563695103,0.00016229231191402632,0.0027491295753331317,0.0010937210885257269,0.0017147226529141961,0.9909453803564405
6880408,0.00013159420029947784,0.0011762561966950974,0.0006059873315547016,0.0006351047210384826,0.00021532793053175313,0.9560800880592961,0.0032175609000216878,0.0013965264752369374,0.03654155418532574
6880690,7.724690549764275e-05,0.0009035151943081048,0.005124802339821797,0.0009264116680938536,0.0005152147912277495,0.6765151391103363,0.0015593197559487148,0.002482250360430284,0.3118960998743354
6880833,0.000134190509547287,9.059946205306159e-05,0.000982637002282908,6.867492809562582e-05,4.6477814320327826e-05,0.006214880702409818,0.3717242340364312,0.00048014658881821476,0.6202581589560415
6880956,1.8912699382257787e-05,0.0016093850485257523,0.0001429618819307999,0.00019406429505729032,0.00023453927308637987,0.9927671057019404,0.0006485327707476983,0.0007224420522894511,0.003662056277039865
6881733,4.152637542639272e-05,4.5597221394379e-05,5.3933361291095985e-05,1.5987572589656314e-05,2.063511665197711e-05,0.00447884588567909,0.9923181840738572,5.878754529322396e-05,0.0029665028478171084
6885154,0.007334154938093046,0.004570295122340498,0.0012874592375999305,0.0008811055718665169,0.0016678620198019765,0.8597852574609987,0.028127239891162635,0.004414249032997892,0.09193237672513876
6887294,0.0003127149082974647,0.0002899589769967059,0.002743551313865905,0.0002070311862910722,0.0002664745345093585,0.19279142943349803,0.0006776872602686066,0.0010608311451799385,0.8016503212410927
6887586,0.0013684463974500609,0.0001321162178054052,0.002346988404033892,0.0005187026612412034,0.00014049260508647692,0.018076256695227506,0.0005169970737178939,0.0010834556248461088,0.9758165443205915
6887600,0.000293104513142445,5.0940826335506325e-05,0.0012378196615770308,0.0003597500149951176,6.076269228913232e-05,0.002031963861696496,0.0003581536131818177,0.0007058068618021054,0.9949016979549805
6887637,0.0009871142703455403,0.008706578160582255,0.004992570511313884,0.002150137167515318,0.0035875477945361963,0.03405419137924373,0.0016986884236743491,0.0016394619318910693,0.9421837103608978
6887702,0.003529970563471082,0.00012685498243303076,0.0058379015724628475,0.0001249896855742313,6.959594183893882e-05,0.0066541299710927435,0.01185440806475839,0.000979159005615435,0.9708229902127533
6888243,0.0002255059335817059,0.005757688723968223,0.0014309183162701748,0.0006357719745046736,0.006168917844544427,0.03088544431681137,0.0009814976866443967,0.0015074976345433627,0.9524067575691317
6888737,0.00010617787563147969,0.000676233517495403,0.016776317426810062,0.0015793331977912598,0.001185177845385493,0.016058644611049788,0.0006093067003350522,0.001649286834840845,0.9613595219906605
6889024,0.002194680505625587,7.11941170826147e-05,0.004484685913847469,0.00010000120348153243,4.502333055247904e-05,0.002219708024756399,0.04643407411417413,0.0010541795750890837,0.9433964532153907
6890285,0.00029413360884546767,0.0020262605916784894,0.0008034370038838478,0.00011855749892653317,0.00014173782772660686,0.1396494533615411,0.8361921986286442,0.0005574808021864665,0.020216740676567393
6890416,0.00041506162949631514,0.0015860499748863426,0.02058568605919341,0.0007389811121256503,0.00040300371249224286,0.12883559703679742,0.01865098486341994,0.01233180932020915,0.8164528262913794
6890579,0.00013906974406140092,0.00011124309492834626,0.012856341435227254,9.505746467482812e-05,3.4035733230346e-05,0.001175498663604203,0.01227574744708605,0.0006716667094165009,0.9726413397077711
6890917,0.00023438500378673776,0.0002521978734689048,0.00937962165061193,0.00019477971979278266,0.00010136780016624998,0.02528465506136874,0.7008508187577221,0.00108749116362022,0.2626146829694621
6891091,0.00030952398228398166,0.0001055708646244227,0.03068885595661594,0.0036226567832099554,0.00025640053885406445,0.0014470714770104798,0.0002018891018388457,0.0020926195265145234,0.961275411769048
6891208,4.863307255320253e-05,5.116846783700921e-05,0.005030922460546699,3.084993508837168e-05,2.4183175334954623e-05,0.0035143213100385508,0.005448610445251943,0.0002491906816092446,0.9856021204517399
6891245,0.00020387862995557222,0.0002584989730145575,0.0029720468901980584,0.00011242362402731248,0.00012908041397836188,0.04208409623913266,0.1661949296071177,0.00042927689724614145,0.7876157687253296
6891309,2.655099231928489e-05,0.00013832367769564581,0.0003940890012820239,3.7711639757051567e-05,3.369226056804918e-05,0.0038929677910494545,0.005407585197116099,0.00034186101378198456,0.9897272184264304
6891366,0.00023713323777609013,5.583429524393583e-05,0.00020232700222012656,5.8730212315002624e-05,3.8913271290177367e-05,0.0009261435135823135,0.007762323988521179,0.00012782740648057154,0.9905907670725705
6891473,0.00027318120683954245,0.00015174890760417714,0.01025114869699271,0.00022145802249002818,0.00014769494525084865,0.02248800008760725,0.0009095976348024777,0.0011114839098623874,0.9644456865885506
6891484,3.200960737958247e-05,2.709302106906491e-05,0.00027442746436825207,3.153664197861935e-05,1.3673139879822675e-05,0.00046574750936706716,0.0007397312690196374,0.00017632071659312432,0.9982394606303449
6891531,0.0004223306124804164,0.0008810335959434074,0.01698815235718837,0.00023532545280289174,0.0001583893665439297,0.060276382949989216,0.251734506845082,0.0011460149500276849,0.668157863869942
6891557,0.00010087447447872367,0.0001607675499173015,0.027310350389817523,0.00019985125230545,4.166175565562076e-05,0.0009261111068395733,0.00043072696089555565,0.0017857489390765804,0.9690439075710134
6891579,0.00011399113858253962,0.0001887611282407396,0.010303654000961036,0.00012075291043158846,8.284974916823494e-05,0.004729247733677163,0.031229720411427086,0.0006548742029896937,0.952576148724522
6891867,0.0012874351719503656,0.0001369165325806112,0.007474704135022282,7.697560111408089e-05,4.846681530701693e-05,0.0052373903994303505,0.9492595884085198,0.0004477725652207226,0.03603075037085469
6891888,0.00021487634872522214,8.572524152770049e-05,0.001487038823552955,0.00012948162379390282,5.1429360476323946e-05,0.0007713449715463344,0.0021489639981695616,0.001511837048531088,0.9935993025836768
6892297,0.001511659932741837,6.697159877540965e-05,0.0006241798070859151,4.259553960642598e-05,4.4285196691405446e-05,0.002843855742789603,0.21586260748717329,0.0002684046691454241,0.7787354400259905
6892562,0.0001495540039728148,0.00014621151447957953,0.0007897256123028791,9.863220482906205e-05,5.6196767460597814e-05,0.0032074019054761206,0.8031092254562429,0.0005431181978599791,0.19189993433737612
6892587,0.00037472399132502476,0.00020790664423280463,0.0029545039718217344,0.0001177572988494042,8.9274694195945e-05,0.0342780003964325,0.10963921175733594,0.004868899815151481,0.8474697214306551
6894293,0.00030585914690347556,0.47513190223613777,0.006011388443296668,0.014299692403401404,0.02380885796550075,0.44499410065497796,0.00036538182245121257,0.017474991200654787,0.017607826126676066
6895609,9.977379189141442e-05,0.0009030915817338429,0.05592532627765488,0.0034376938274280977,0.00021390388270115088,0.0036174329489334356,0.0006530125161711459,0.023300671677921866,0.9118490934955642
6895723,0.00032174656825923365,5.933796563821626e-05,0.0004693883577584616,4.0421171886736755e-05,4.7432906694027166e-05,0.9792217070183866,0.01655194232086692,0.00028230394016925665,0.003005719750340684
6895905,0.00019790252466399486,0.0001603323473331893,0.006211164382837349,6.399824380392641e-05,0.0001084390748641233,0.8258582711103519,0.0782793660036504,0.0007765389570598186,0.0883439873554354
6895906,0.000275314402830802,9.034678457890211e-05,0.022152930812299115,6.950751350576723e-05,7.082669958685138e-05,0.9504898317065378,0.014400157046366472,0.000534121762583109,0.011916963271711196
6895927,0.0004800048747287026,0.00020293753318820657,0.0027740514663746256,0.00011185592369663493,0.0001743287441888457,0.9761274057469242,0.004497561396778687,0.0007052064289984434,0.014926647885121882
6895938,0.0002489058809515414,0.00015044518174062282,0.006633710106446869,6.789233091728005e-05,0.0001571266126386083,0.706819717880322,0.24551178814084842,0.0010404127031650972,0.039370001162969424
6895939,0.00023320001069272465,0.00010371708921949144,0.0017073988463224279,4.379826977186188e-05,8.232742478289709e-05,0.9257554341543075,0.01104069259087184,0.0009486647409480357,0.06008476687308347
6895948,0.00012247261824631101,8.878389210912059e-05,0.0009261172301996012,4.1293472665843835e-05,7.237414025861274e-05,0.9377094799227219,0.010896124642840885,0.0007368205631676152,0.049406533517790154
6895973,0.0002662207372494106,8.906385022594791e-05,0.029997122260955043,6.560499854038019e-05,8.027498906262498e-05,0.8914791531169048,0.02210660567585152,0.00103818151393741,0.05487777285727265
6895974,0.00018055422243530572,8.966720337527052e-05,0.0019308153962000803,4.890318173900586e-05,6.476179171811603e-05,0.8629190701642794,0.08918453629981156,0.0006353201137029445,0.04494637162673837
6896754,9.248388402922487e-05,0.00012743055775025873,0.0015195329512911954,5.536335044461471e-05,4.570437289047241e-05,0.0802513287941239,0.05307471306165935,0.000493450782151132,0.8643399922456598
6897915,0.00019194604467448373,0.007525815454403475,0.10962702563323123,0.008155264767701832,0.00877130048903419,0.25976464572025704,0.0023027375423443686,0.23557577745410316,0.36808548689425014
6897964,0.004152176117459561,0.0019126513566378898,0.029860628630521652,0.0041788706471147866,0.012755514921298488,0.02342460679504086,0.0010339543223280734,0.003248803236459115,0.9194327939731395
6899282,8.248866356898863e-05,0.00012528883310962522,0.00023814028075194447,6.24796931772917e-05,5.11926178180639e-05,0.04631612824001204,0.5592507882057435,0.00038146008664328795,0.3934920333791753
6899294,0.00014367574702332821,5.992316548820454e-05,0.0005595072359647147,5.331420386017064e-05,3.2414276015599846e-05,0.0012469994587791572,0.9604487810190792,0.001058829225637067,0.036396555668152725
6899376,7.660492629128093e-05,0.0003057902885068218,0.0057114104728123935,0.00014666464569208727,6.191980175960603e-05,0.0027739957175602235,0.04812860070387178,0.0016959552412023212,0.9410990582023036
6899506,0.00012427574909854293,7.023618668379743e-05,0.00018686920735658423,2.9122051887254405e-05,3.1137328475649773e-05,0.15326938479626426,0.8327109823905359,0.0005154107361714738,0.013062581553526515
6899530,0.00041148866830815806,0.00010911337717557788,0.0005693478579822838,0.0010022615927147208,9.03398300145302e-05,0.0080624248714838,0.00035194693252475176,0.001930916727048024,0.9874721601427485
6899560,0.0004513366990220237,0.0002147704968176567,0.0010999632080926811,0.0005595031747131046,0.00010605705984079312,0.17213246177343106,0.021111740537316237,0.0057068609571532805,0.798617306093613
6899670,0.00010542713460124719,5.07167889235954e-05,7.161243241847435e-05,4.231796437243129e-05,4.176415025792221e-05,0.0070051851502623734,0.0010160542600997833,0.00038775127195642204,0.9912791708471077
6899695,5.594839674202015e-05,9.32597999413822e-05,0.0001884801503601376,0.0001035036318449251,5.758324418454316e-05,0.00787837892841344,0.0010799997224691233,0.00033573749980641453,0.9902071086262378
6899730,0.00012759213224877987,0.0002631889560227688,0.0004216136506160784,0.00010566066772914368,0.00011510605516754633,0.039602790117443686,0.1763595960089973,0.001345305739310175,0.7816591466724644
6899754,0.0002545833023559819,0.00019429866020910324,0.0033936074136446553,0.003988259057500787,0.00027372712270674253,0.00940861868228863,0.0004586994289775774,0.003584497849974358,0.9784437084823422
6901206,0.0001264499653910297,0.0006421031762104718,0.004359133607569776,0.0002801826226995917,0.00012640381786429878,0.3090732640604993,0.38191357363728684,0.0031090483087241536,0.30036984080375456
6902131,2.197480237344862e-05,0.00012839429287233857,9.788259849581855e-05,4.6159418955675954e-05,8.132422900921294e-05,0.9671146729930776,0.030524728675331327,0.0006750667827011552,0.0013097962071834067
6902271,0.00024045844958860322,0.0007558109501693513,0.002752204302588577,0.000811536451548348,0.0010812782253770542,0.03314288664344488,0.00022452142885780738,0.002304642040499691,0.9586866615079257
6904326,8.304524382796859e-05,1.906474018973268e-05,4.681994974553177e-05,3.504347929047718e-05,1.0688365089426208e-05,0.00034782158892490597,0.000754512922871903,0.00023246781348160405,0.9984705358965784
6908023,2.259155631806291e-05,0.0017429965037672377,0.0005321201502596947,0.008890443146239282,0.0024496467029449494,0.9799902312010194,0.0002925996012852614,0.005528484244895196,0.0005508868932706883
6908625,9.341336275108119e-05,0.00011172639904793549,0.0010377337484505534,5.71654926805011e-05,4.1548369005157847e-05,0.389913893003007,0.39314375572096416,0.000405531748568554,0.21519523215552522
6909657,5.5188640094854956e-05,3.565989587050647e-05,0.00012548018715524253,3.0088740645417427e-05,1.3603027377874588e-05,0.0006844863913769142,0.02973601490020139,0.00022389194248787083,0.96909558627479
6909786,0.00018545393701474688,3.2921825139181095e-05,0.00012853349393397487,5.7126917614412394e-05,1.9160664782286053e-05,0.0012006380415954068,0.0018327432290172422,0.0011702133880282606,0.9953732085028744
6909952,6.829190804695414e-05,2.8452097388870055e-05,0.00019421469713086498,3.180401808991403e-05,1.3302464006280875e-05,0.0007402085803661191,0.23273652451531116,0.00045441945963596336,0.7657327822600241
6910003,6.849696043731584e-05,2.0623605168663566e-05,8.914200161458545e-05,2.802672858605441e-05,8.83736175676703e-06,0.00034789574664994004,0.004782134025994114,0.00013380535171859858,0.994521038218074
6910407,1.298351046510304e-05,0.00012669692091328222,3.976514699756849e-05,5.139558024093838e-05,7.584495089862823e-05,0.9981034972240913,0.000298211755368874,0.0008553997357456637,0.00043620517527855106
6910422,0.000971333794887938,0.0001080020979522526,0.000806050859201581,0.0001886465906246188,3.700022978910535e-05,0.0051581382711935264,0.32733184905943735,0.0023600156357412587,0.6630389634611723
6910425,0.00012414580729822893,1.7760199924616524e-05,6.306387468237133e-05,3.500777161100341e-05,1.037099543175309e-05,0.00042181231599985544,0.005601674457851197,0.00016167919973012789,0.9935644853774708
6910560,0.00023152427193106741,0.00020310761103853285,0.002294577835848727,0.002502310058446553,6.961196353721103e-05,0.003041602022302763,0.000570619287660262,0.06350807844113397,0.9275785685081008
6910590,0.0002024590511187288,2.561019989277931e-05,0.0001130377203637909,4.314231167883187e-05,1.0399698089787797e-05,0.0007046181655509003,0.01171862477821972,0.00025606920237496395,0.9869260388727105
6912744,7.323570615888306e-06,0.00033513380856421313,3.092044004186937e-05,5.581006057763157e-05,0.00014096675730113233,0.9969492655833088,0.0002874965236732767,0.0017319452388451085,0.00046113801707211053
6919118,0.00012346251966696272,0.0003512034815375479,0.0007238428255532298,0.0001297890308875685,6.001824978895127e-05,0.6026978997260118,0.09627877716290298,0.0007429047127638106,0.298892102290887
6920152,9.002048239488243e-05,0.000312440245871835,0.002697515862162676,0.00011038701088002468,5.55496887366259e-05,0.887790198436647,0.059256415997035586,0.0011247600998832879,0.04856271217638812
6925791,1.5457866096325973e-05,0.00015182990786057106,0.00011033116813489392,6.112689420287223e-05,3.211731426959996e-05,0.9907585282980115,0.004549034025846292,0.000762813226352131,0.0035587612992258807
6926246,0.0003022042189268293,8.815733852025503e-05,0.00011614858415697733,3.589156911913692e-05,3.3954343281529566e-05,0.4806183522280076,0.5168399991613623,0.0001958352600345504,0.001769457296590731
6928841,0.0005431402708703546,0.004050717175884913,0.017114082912580854,0.15704399810453198,0.0038463188798801293,0.06282349931894034,0.0004872537285093527,0.746807604454551,0.007283385154250963
6928933,0.00012210633785885474,0.0004950312798614851,0.00011477286967246102,3.617463456367405e-05,9.60730837533148e-05,0.9503025528295601,0.047437919499058456,0.000248585789519549,0.0011467836761522127
6937241,0.00025589808356734516,4.037974966541248e-05,0.0007667168903349829,0.00016128497371699016,2.017703787103858e-05,0.0008268905348809125,0.0003877607863211007,0.0037771986903282215,0.9937636932533142
6938426,1.1422180603764498e-05,2.7532897730830774e-05,2.8561140781576185e-05,1.356476028038389e-05,1.3538774178092591e-05,0.9962093746366698,0.0033524794962360824,0.00010650024142452634,0.00023702587209480333
6938530,1.9316294184368105e-05,4.6860133358151564e-05,3.689051068502519e-05,1.6852807008445052e-05,1.6880723719235596e-05,0.9725422114913517,0.026836005102636555,0.0002093099196291473,0.0002756730174274508
6938682,1.676519212225235e-05,1.725020690509443e-05,5.4289955245091945e-05,9.033883291932003e-06,7.876626725575061e-06,0.011923212077975063,0.9613156114558011,0.0001249639213111456,0.026530996680622983
6939166,6.971594420647687e-06,2.37271739874819e-05,1.5344275652159085e-05,1.0514145688997305e-05,1.0828769199248196e-05,0.9927831367608513,0.006864819750396668,9.516717619506347e-05,0.00018949035360837506
6939222,5.945114041447107e-05,2.6343827434093415e-05,0.00011312529214485526,1.461741940987345e-05,1.403060789031413e-05,0.024109450867969482,0.9738102341954806,0.0002915843418380597,0.001561162307418374
6944591,0.0005299817345737894,9.06269922742426e-05,0.0008121593520496155,3.080181895430262e-05,2.061555347767202e-05,0.49037779812716187,0.5049946563321442,0.00040838155553678414,0.0027349785338275255
6947293,1.3653659882138247e-05,0.00013896833880102142,0.0004193498820046694,3.478675471853739e-05,4.5952780086084694e-05,0.9957638047180484,0.0012702885271492852,0.0012657816101844066,0.0010474137291253945
6952804,0.00031541019797453414,0.00038594436504692383,0.24488121127834148,0.0002806008748830878,0.0006262237538244176,0.6046365898344807,0.016541764788953545,0.009461802816914474,0.12287045208958092
6975207,1.4938606351274219e-05,9.348490006395269e-05,0.00020349008955134214,2.724685594729884e-05,1.2565206419347495e-05,0.9983310844707239,0.0003764613409384739,0.0005945470292369827,0.00034618150076752726
6975472,7.1017810610424365e-06,5.1149673291505015e-05,5.7543521389249715e-05,1.0932212930838537e-05,1.0576675549176828e-05,0.9972292410414194,0.001779506533114489,0.0005361130418904828,0.00031783551935365376
6975490,1.1805437413035645e-05,5.328754908216941e-05,3.29866671469067e-05,1.0419580240086311e-05,8.379688790419423e-06,0.9982463831622443,0.00021234888874023338,0.0008624907994809846,0.0005618982268620114
6976427,7.82058012203538e-06,6.107880332052117e-05,2.453523521399321e-05,6.808377393493185e-06,7.893929168337429e-06,0.9979678169233869,0.000262411877121002,0.0006795131632653,0.0009821211110084235
10551287,0.00013797139063174833,0.0006338797513152526,0.00010847189299575893,0.00018074753580120685,0.0002617035545838202,0.9936688618499862,0.002818990657485445,0.0003269273039976313,0.001862446063202915
10554874,0.9038135925886422,0.0017908432624439362,0.0004956105823742019,0.0006959392281455579,0.002658714669763468,0.0709812945495984,0.007515588285498039,0.0007475699769553346,0.011300846856579078
10555071,6.946718691741125e-05,0.0002564684388589286,0.00023565576239654328,0.0001324908127455144,6.443262237130234e-05,0.948568372787455,0.00953443801020216,0.0006719720849497334,0.04046670229410352
10555459,0.00020380986918611013,0.007488727087373693,0.004709789828075774,0.0023234313867866235,0.0005512362226250295,0.41062047842837124,0.001925568320300513,0.26522017443874146,0.3069567844185396
10555968,0.07446582178029508,0.012702855490721391,0.002868400755355162,0.23103963025566332,0.06948539444909636,0.2882059203945401,0.0006508478391438378,0.06633094901907303,0.2542501800161116
10556692,0.0010556981897816289,0.002009136838124544,0.0007886313493399462,0.0006643453006761641,0.00023777607271448584,0.18459345352313788,0.007172971181454492,0.010831647877717007,0.7926463396670539
10557065,1.103476253435478e-05,0.00129492445381566,2.389795498488632e-05,7.570223945009052e-05,0.00023245678784502657,0.9961976005160862,0.0009599821141373384,0.0002397622116024758,0.0009646389595439836
10557235,0.00012900112190193644,0.002822719664153648,0.0013984866677971561,0.008772641263810603,0.0010266944834540755,0.9498159882926257,0.0010696870865175294,0.008474808524127879,0.026489972895611502
10557310,0.0005992617223923566,0.045185292723190086,0.0006471032561488397,0.002034909213458934,0.015425486950648696,0.6955369893634967,0.00036822373535841336,0.002703732642619673,0.23749900039268632
10557603,5.365230324240858e-05,0.0020190705266090758,8.252319391708353e-05,0.00015121044697494207,0.00014694936368582669,0.981507691317295,0.0012695632109118358,0.0006782216547438853,0.014091117982619894
10557649,3.703621939815151e-05,0.001351587841718896,0.0003446344340993975,0.00022064187151047906,0.001511147140862001,0.9904688452220125,0.00030263116056116607,0.0018674728739788732,0.003896003235858619
10559369,0.0002101946415596914,0.0007881343760726234,9.055925463785788e-05,7.211709675568922e-05,0.0003098320956524351,0.9878331665128596,0.006148103384381832,0.0002252150567290896,0.004322677581351228
10559516,2.816737028841806e-05,0.0009372715080488071,4.015586902388187e-05,4.944134653625345e-05,0.00012441989107215887,0.9852297001587779,0.0021822551190808144,0.00018756060476747373,0.01122102813240436
10559765,5.7757091133296625e-05,0.010591155887333156,0.00014128400631103957,0.00032156834134682656,0.0003342515554378064,0.9428061504487766,0.008941241093785895,0.00704008582648623,0.029766505749389063
10559904,0.00032697101179624395,0.0028761753589942015,0.0002010739009007326,0.0003896039111582784,0.0005080342564856317,0.9569532394871351,0.018686314103745435,0.0014784149408291274,0.018580173028955302
10561136,0.00021450728114642606,0.0006251375236808934,8.772941912656848e-05,0.00017753209741946404,0.00042056969843199294,0.9894828737532674,0.0016469838548415392,0.0003911058579630691,0.006953560514122621
10561583,0.0003108657891453946,0.0004636507430573069,0.00023284999874769797,9.048649540530668e-05,0.00012714994294849114,0.9787048351698676,0.00302075799375624,0.0009286521254976872,0.016120751741574048
10561870,3.416639048336378e-05,0.00030925475343452144,2.886100669530372e-05,2.6736895653935952e-05,0.00012008102667658957,0.9781824446333859,0.020130775047970558,7.826853046157574e-05,0.0010894117152383676
10562711,0.0007641009473785143,0.10146805750853584,0.0051487087710898344,0.030103748939298864,0.16923232756679515,0.5588934037092811,0.0005662800728760618,0.009335324055244407,0.12448804842950029
10566953,3.466453955499873e-05,0.002316318617076089,4.9888921728903374e-05,7.325244583797275e-05,6.01571015261687e-05,0.9400174082420341,0.05525567643059282,0.0006545676826180322,0.0015380660190309264
10567563,0.0018192711194874426,0.0030085057790402744,0.0001616247606138544,0.00021337379334515947,0.0008504674889588746,0.9650534819031404,0.007944765276904542,0.0005754067620988089,0.020373103116410364
10568512,0.0002798614123937052,0.00018667367002579835,0.00016721612517709374,0.00026265272197945625,8.16325574069425e-05,0.5020431982194096,0.4809936099456389,0.0004781961513758194,0.015506959196592784
10569249,8.791390463663967e-05,0.00017301175525578447,6.228346720751976e-05,4.5698709340851575e-05,0.00010265077479612074,0.898611532090689,0.08413438311991363,0.00029818802943774744,0.016484338148722685
10569900,0.00030514692241046226,0.03282652968270723,0.0006034300817914146,0.03619092501135464,0.866246048879254,0.0149842941880925,0.004465062270403038,0.005111901641667613,0.039266661322319096
10569996,0.00015086192568118992,0.00024277343882627648,0.00016802810235044992,0.00043306345684769284,0.00010619642589382539,0.8873578409582469,0.10094082781505762,0.0007857328174812628,0.009814675059614659
10570047,6.258772327155054e-05,0.0007430172363427474,6.978627653550862e-05,9.794358161747207e-05,0.000256663252763166,0.9912516341684051,0.005244190787913484,0.00038762089871413965,0.0018865560744370242
10570186,0.0002761818123658341,0.000723566905268595,0.00016057030680749525,0.00043972225405859103,0.0003996672218046924,0.9048961283750353,0.06377722608009069,0.0009487489423975417,0.02837818810217128
10570190,4.831524945988642e-05,0.0005463844321051756,6.013902218859168e-05,0.00017872948571144343,0.00018043871758324106,0.9220302209784857,0.07427141700708448,0.000313874766793966,0.0023704803405875446
10570281,7.458386473205065e-05,0.0003531380351995867,0.00011928776057958653,0.00013237359631222394,0.00012013456413898611,0.9582550674915603,0.035020475879764604,0.0004812112031338681,0.005443727604578828
10570444,0.7856855205203868,0.0007937515033193713,0.00042291431680505125,0.0039565166619613245,0.001026502622925657,0.18393156842904324,0.007272565371248808,0.0034334637628583215,0.013477196811451334
10570516,0.0003474199432351151,0.0009144678007793846,0.00014073385378167774,0.0003062468328372157,0.0003310526676504627,0.9615106883383046,0.023906394944027177,0.0009559750196079988,0.011587020599776385
10570563,0.0017116319806764397,0.00020203445719535118,0.00017125020689064542,0.0001667820464347666,0.00011169672276975625,0.542988426562904,0.38460904887922315,0.0015749353668844056,0.06846419377702141
10570908,0.002962926369555113,0.00026858018999010875,0.00016551004324611145,0.0007672535497410574,0.00033552173924501137,0.7657254836203378,0.1916609672400636,0.0013968311123155764,0.036716926135505534
10570962,0.0006106429955908455,0.008750291277829583,0.002255312443303947,0.001059589234985865,0.0008197143892308213,0.1711435152984887,0.007974514864953382,0.3595694387966377,0.44781698069897913
10571126,0.0013237936715158791,0.000191948790835228,0.00023521514337734251,0.0001242174829244817,9.377747710094533e-05,0.9197058830310836,0.021786572799822407,0.0015560771524592153,0.05498251445088095
10571129,0.016107091341295357,0.0005120782322597906,0.00033468247584936733,0.001628409982465872,0.0006029412100482133,0.9662009381895982,0.0009397308081837102,0.002851665031952949,0.010822462728346336
10571130,0.006093723409995409,0.0024663573029566205,0.001069586994899407,0.011032010693053568,0.0018168256957984395,0.2811187380212684,0.000843779813538126,0.00766589342646354,0.6878930846420266
10571150,0.00046289818949391736,0.0006444834120297553,0.00018913833479491452,0.00025069799392303716,0.00025944769163340647,0.9743384136452823,0.005985809847089019,0.0021920980293490397,0.01567701285640487
10571157,0.0124095006345974,0.00036555356731944366,0.0012914890918604256,0.0003924775889488921,0.0001714678028653052,0.4681722497922091,0.44936248908366605,0.005065093892200805,0.06276967854633264
10571249,0.0003457081107459821,0.0002609770468156586,7.462408709571029e-05,8.483162493506793e-05,0.00011885916668087517,0.9556770237113498,0.015146997215402944,0.0004112424224531899,0.027879736614520836
10571563,0.0001991680787324394,0.05766942030244953,0.0005609917436653751,0.000769866539593812,0.007436872841272351,0.8879192326862119,0.005467445506971142,0.0027468828119539433,0.03723011948914954
10571600,0.00022870680100504096,0.00037207818827055184,8.400457277618156e-05,0.00012259466465039222,0.0002628207138730328,0.974051287628476,0.007216843858538456,0.0004507268137891713,0.01721093675862129
10573894,0.0007831575278744067,0.0012051410305186465,0.00042059637327665326,0.005224530511082151,0.0009405194786368412,0.9521966667536707,0.0027497641275476465,0.012667052743987307,0.023812571453405686
10574347,0.0003650389723968829,0.000283557393950654,0.00012308492249218927,0.0003112805738337902,0.0001276698120345407,0.9859789517904766,0.005787013623196858,0.0007041413488700702,0.006319261562748368
10574370,0.0013500032622655775,0.0002069481694675813,9.660065191573696e-05,0.00035664894751239953,0.00012973995075736043,0.974495176355304,0.0054069331185702466,0.0007766138170159139,0.01718133572719106
10574372,0.0005237219592040234,0.0004508880462945043,0.0003047385536298887,9.675696696482804e-05,9.631082296207977e-05,0.7380881614950976,0.24201977919189613,0.00040850212616964194,0.018011140837781207
10574408,0.001756342228382598,0.0019376871257352401,0.0002468547284844175,0.00620899046974165,0.002463956081299324,0.9677077228114132,0.0002632303914108507,0.002261265419734799,0.017153950743797886
10574430,0.00010781523614072782,0.0002724779708575643,5.476709917293807e-05,9.481385919920075e-05,0.00011913794134872259,0.9869365648274784,0.0049483010908943316,0.00035241858839727314,0.00711370338651087
10574439,0.002222818214520959,0.0003352658605423586,0.00014299651445747504,0.0004889804475250706,0.00020457405951135156,0.9777591240136361,0.0022879801186284792,0.0009156290194210173,0.015642631751757157
10574456,0.0016273339409432165,0.0006082284516421543,0.00010910257044535839,0.000298805450275864,0.00032341219738582364,0.7889119914526299,0.0031259110664310554,0.0006345314006540959,0.20436068346959257
10576038,0.05098657740269911,0.0017798928192719746,0.0002675653134763581,0.0011595102462399502,0.0010089786759515827,0.9252833098067053,0.003860437677391102,0.0014008544763164635,0.01425287358194832
10576770,0.0006764209559484712,0.0005734728412352496,0.00016144792279157284,0.0022582050202113358,0.00030913376695960933,0.9698945587844161,0.001971961126797805,0.0016681932126748449,0.022486606368964865
10577118,7.42478015151792e-05,0.004202357017446813,0.00014055121553149127,0.00029834557358299956,0.00028293030926250827,0.9218878564085634,0.011188738828562991,0.0017090646886101742,0.060215908156924514
10577354,0.0003899674569655239,0.00020830748933251412,0.00023804761758765855,4.7315088983946124e-05,7.432966229049728e-05,0.6269073623966049,0.36152952294759333,0.00041255943729553014,0.010192587903346161
10577622,3.198607251660097e-05,0.0008425655940765492,0.0001159565022770797,0.00014562919009999365,9.490745997179526e-05,0.9800041771108627,0.007980561692446438,0.0008710550902354309,0.009913161287513277
10577723,7.434504625911013e-05,8.859835857290941e-05,3.053522059021335e-05,2.6254097358163706e-05,5.2810016933734455e-05,0.9837400016288855,0.01388796569421801,0.00010948430476549416,0.001990005632416994
10578130,0.023441245048723053,0.0018260385270069273,0.0007073675659393696,0.004574443742187768,0.0017652849192842462,0.8406432981406134,0.0344395661317072,0.0026823070246637347,0.0899204488998742
10578295,0.00012407829741617867,0.0002511130718005007,0.00011455683414927193,0.0002388943253556433,0.0001188952216199424,0.45949063298520226,0.5215612172531962,0.0006346550888399337,0.017465956922420065
10579132,2.397373650092683e-05,4.85397589745533e-05,3.0566575818272734e-05,2.8844081780684814e-05,2.1675956843123992e-05,0.5265104528662672,0.4711939609848426,0.0001029362236639858,0.0020390498153085228
10579372,5.635770631753225e-05,0.00016725194955549688,0.00011391362156989772,5.640989256741844e-05,8.236224391906022e-05,0.9172402920307468,0.07644780240110875,0.00023272415816528612,0.005602885996050015
10579452,9.253484281803215e-05,0.002442923557576506,0.0004112893706635289,0.00221936534409667,0.011130047413427558,0.9687284209061029,0.0039041128957248367,0.00240771104241594,0.00866359462717402
10579754,6.75481889948226e-05,0.0005057299121370035,0.000570165429406037,0.0005851516896864387,0.005941403518478335,0.9668297018466254,0.0027290374557668237,0.013332255246953343,0.009439006711951747
10580098,0.00014112416751585211,0.0039419025735949725,0.0004066253543384563,0.00020540284279654057,0.0003780521449397454,0.8881579281460867,0.09204077826523428,0.006225263027571894,0.00850292347792159
10580150,8.870992416105547e-05,0.00023037830024551698,8.259768596559753e-05,0.00010223505933379054,0.00039167029186242105,0.9908889645628706,0.006639222631706403,0.00022549857346019077,0.0013507229703944655
10580642,0.0003478491097978742,0.00034908659608460965,6.628433010288031e-05,0.0001610029863254335,0.00021505741835917396,0.9563229303778076,0.003909853582503119,0.0004717776862583264,0.038156157912760905
10580740,0.0002875762091842412,0.0002184329616353487,0.00011049873264099026,0.00010568094346560083,0.00010349505138825462,0.8182846508041671,0.17056801805386398,0.0005305739886010441,0.009791073255053219
10580745,0.00015536896153574859,0.00019427198302161486,0.00011269464157189654,7.41791816928206e-05,7.979101165708598e-05,0.6895123493433243,0.2934390995340391,0.0018136526208741978,0.014618592722283243
10580771,0.00048725874811389805,0.00032284315311947685,0.00011498605847026147,0.0004834958105024809,0.00016561206945018945,0.9647081798192251,0.002449423511053963,0.002791323411067636,0.028476877418996953
10580995,0.00037642293205433915,0.004154493180652976,0.0002361088733351747,0.0005148809441707283,0.0002013033670959614,0.7411002197192337,0.03361012277340759,0.006819552662606257,0.21298689554744352
10581310,0.00010004576247602066,0.000407531135394747,9.13610237874809e-05,0.00012165941122358213,0.00016958359954794157,0.8839775632889949,0.1049526063135768,0.00029138569895461626,0.009888263766043801
10581368,0.0021152416968764575,0.0016799466828206998,0.0009153249366128525,0.04543814227586682,0.004960379170690932,0.8623340753855603,0.00040409363550802094,0.029745852641143256,0.052406943574920664
10582173,0.0010041986189539694,0.00030320278879685593,0.00016235174469952037,0.00033789473169656194,0.0007046242489051948,0.9863653620256707,0.004254098183890008,0.0007967949910703443,0.006071472666316607
10582418,0.31312440542133196,0.0006586479182509251,0.0004416894892778967,0.0007434369358931325,0.0029479340042918257,0.6646621841739101,0.0050386023729613,0.0009299556044919999,0.01145314407959085
10583009,6.730707398471972e-05,0.00018584470733984686,9.02473731979897e-05,4.228998899921254e-05,0.0001642572761839998,0.8724378812065889,0.12533409584520652,0.00013224083294489916,0.0015458356955539907
10583434,6.456580125311089e-05,0.006706301589171816,0.00025022829897120155,0.011879869663744854,0.0006972287188700071,0.9601083293505386,0.0019005159832999761,0.0015065231751028203,0.016886437419047436
10583521,3.2437285620587675e-05,9.421889814159022e-05,5.256294764320592e-05,4.134740580246611e-05,5.6885251759967984e-05,0.44869536193872045,0.5462454475474711,0.00016936838612386103,0.004612370338716948
10584210,4.490220569704465e-05,0.00021041535001819684,7.189852222496285e-05,3.128057133324509e-05,3.3003750671704324e-05,0.7893426979157094,0.19779761564294068,0.0002611562341669159,0.01220702980723779
10584222,0.00011805221297546207,0.00016913372309794653,7.642756114030171e-05,6.977639387637939e-05,6.865298867559195e-05,0.9503872703194556,0.04608068227061201,0.0002943628544657289,0.0027356416757007155
10584314,0.0016776901158913457,0.00019518322715215936,0.0003725766880161225,0.00014906058460717965,7.195447759698168e-05,0.05184782051184949,0.08730645245859824,0.004256787781817212,0.8541224741544712
10584430,0.0001535384944692631,9.974360106627731e-05,3.77192308785408e-05,4.021109006423544e-05,5.1757170585533755e-05,0.6563133736412304,0.33538584250190623,0.00019863015651845349,0.0077191841132809545
10584519,0.00010651979947468973,0.003311495215862089,0.00026765589284865205,0.0001364521553078477,0.00026191056765920563,0.9675634965542498,0.0242697376403224,0.0011823651567178931,0.002900367017557389
10584820,0.00013937468625075487,0.011062668739791207,0.00017548118496749868,0.0002599941846119576,0.008897708940374302,0.9633700097174995,0.009518768373399105,0.0017085554114210305,0.004867438761684555
10585136,8.161869597251824e-05,0.03373349682305045,0.000324421394729787,0.017100649854544174,0.0013761717781162147,0.9297482872594964,0.003915377174833621,0.008365434731631614,0.005354542287625227
10586849,0.00011232904290530569,0.00034927411354999553,0.00010843419167857118,0.00021697545984192507,0.0003113520570950734,0.9931269242240096,0.004489031332007584,0.00031491190282218124,0.0009707676760898882
10587734,0.0024254556152024103,0.0018615342051172316,0.0003418405050290633,0.00019100810575307638,0.0005015465828731684,0.8448610539774427,0.12178277273333815,0.0011355306330196773,0.02689925764222459
10587840,0.0003274597813735913,0.0007562568765474822,0.0002511937011872062,0.000350775103095599,0.00027848487702941807,0.9749922924098416,0.021075424965560276,0.0005194220727983035,0.0014486902125666328
10588529,0.000787788035585626,1.993033449526335e-05,6.218294373618995e-05,1.6775881893275167e-05,2.248914006528632e-05,0.002260193050787891,0.9607623095725375,0.00015615691917866272,0.035912174121719924
10588664,0.00031081067147872225,3.264488830211574e-05,9.940338673049516e-05,1.4596266609206778e-05,3.550026694683025e-05,0.018990236784083077,0.9074960196957155,0.000151066081244954,0.07286972195888912
10588792,0.002692362339090486,6.140177570683403e-05,9.40372374564377e-05,3.682044456131095e-05,4.456639896466348e-05,0.003648679058764708,0.0826484542468622,0.00021344699112139449,0.9105602315074719
10589349,9.63224208967561e-05,5.688468536971124e-05,0.0001455718803793538,3.551368600622438e-05,3.0265281667200474e-05,0.0869550238899897,0.07031488679232402,0.0003455201127520213,0.8420200112506151
10589410,0.11068770767706454,0.0003678892875851348,0.0021195719452599474,0.0017006007019042145,0.0007913152504700152,0.4608332229108843,0.07596267386306142,0.00835916328332411,0.33917785508044646
10589411,0.001071903119746852,0.00011612003508140426,0.00014327394763900597,6.86284425471886e-05,0.00013822268357465022,0.06579092460413664,0.01676178378358809,0.0003172451566614591,0.9155918982270247
10589472,0.0024476232415089785,0.00014896558479741832,0.00023751101797151776,9.554072600583551e-05,0.00017084408634552114,0.02635457802997058,0.11098678606387442,0.0005491168977617668,0.859009034351764
10589485,0.004157034426814432,0.00015793743173816893,0.00034167264201911626,0.0002108403417145125,0.0002187946313916653,0.045308671262565256,0.002777202663409137,0.0008153085167905916,0.9460125380835572
