track_id,Clutter,Cormorants,Pigeons,Ducks,Geese,Gulls,Birds of Prey,Waders,Songbirds
6868504,0.15293402990028507,0.040843418555870065,0.09552432509149815,0.1796529920149322,0.3807685611742171,0.037368511446840655,0.0033959844583611016,0.039099627598385596,0.07041254975961009
6868536,0.14844777118321778,0.03599919917385466,0.1690334837832742,0.1761419354133008,0.2470533340692618,0.052277284109530475,0.0020864846593214204,0.048995521195634384,0.1199649864126045
6868565,0.08923618614371892,0.046196280793446676,0.057783862042993954,0.15705092445373883,0.5028788114543705,0.05037260682705138,0.0036312890311143995,0.03969051465694003,0.05315952459662544
6868861,0.01743590658748049,0.041951346978205906,0.008746591676828045,0.1143153527403503,0.7691788395056609,0.016711755860287926,0.0013160291441515076,0.019927704280511625,0.010416473226523275
6869275,0.008750321286297527,0.053980815832383115,0.005756747092813097,0.08438958806447784,0.7917180662484402,0.023857220300734023,0.0014337732304127544,0.022367728914975484,0.007745739029466033
6871418,0.09058309123387662,0.07144535059540029,0.22483393481533595,0.14827425155320656,0.16788962399208074,0.11333359463019568,0.00456552966059882,0.0771531348191143,0.10192148870019115
6872996,0.2844919718564029,0.020967544139450022,0.011185639886038845,0.0064659108773081845,0.04681276130592053,0.4138305180418655,0.10467601620581132,0.025557451436329773,0.08601218625087291
6873817,0.06386981971907002,0.06231427655834758,0.0302987353816286,0.05141531528870521,0.4336950810480448,0.20181528658372885,0.01264753306669055,0.060278930171564174,0.08366502218222026
6874023,0.010998170202886431,0.06071645764031339,0.02830034995451216,0.05583392109837809,0.10700927416007912,0.5614224684824627,0.018962314445633382,0.09405821841977409,0.06269882559596074
6875504,0.0138934624659949,0.03839072068308451,0.05499804644978526,0.03485373611779264,0.037516253801401916,0.4475974254976757,0.04301746511371347,0.05535814037199448,0.2743747494985572
6875899,0.02119913293580365,0.013356807422820983,0.0145653036944103,0.0061019293766451715,0.006220165461413408,0.5360101184173871,0.22291832282500557,0.023203342227746792,0.15642487763876722
6877293,0.06915237073774673,0.032726545662221926,0.09833535680309476,0.07086906650250471,0.018414283426251246,0.07276399175524695,0.03236115113115957,0.04428536065733544,0.5610918733244387
6880408,0.021832483852487764,0.031962353571898756,0.03704320894887179,0.028052319870255957,0.0207517378104053,0.5217911168392682,0.06992917686728778,0.04074641849838165,0.2278911837411428
6880690,0.018773909534376305,0.04335830903661331,0.07933632931736953,0.07963357294729888,0.0462161866616439,0.39474137780302915,0.028213332716198948,0.07696139646632885,0.23276558551714113
6880833,0.03518649754009901,0.009899257530717014,0.06602197453086545,0.008306564146862786,0.0032115252334681873,0.09540073261483473,0.25626292036153564,0.016219979958208813,0.5094905480834085
6880956,0.0035608127873453404,0.029801174167149624,0.008236087989337912,0.007197903392873898,0.0173514369002682,0.8326831462872841,0.029429782015546933,0.032123662970431614,0.03961599348976249
6881733,0.06267374857489327,0.0037633231544569852,0.011149529130343321,0.0020834803884913844,0.0018391792700293572,0.10216102801177665,0.6828536739135577,0.008443073251303336,0.12503296430514796
6885154,0.0788246449865175,0.03386388946555537,0.030366011907103297,0.024577667242421122,0.023606859542187473,0.4236667512270021,0.08903417013857479,0.0530675016510947,0.24299250383954368
6887294,0.0690705844572142,0.022082672716435395,0.09252886393802905,0.01831220740553611,0.013887972667403917,0.2494270154985966,0.04673962511378337,0.027845572577289243,0.4601054856257122
6887586,0.16046587048188515,0.02093513141979978,0.11384419949003223,0.03185050626392231,0.012997217037546208,0.11091289566955913,0.033626052227704685,0.03216890377520326,0.4831992236343472
6887600,0.0999995585898545,0.021345837997642322,0.13861391645810237,0.035404668149997945,0.01077990854147147,0.06178299288927008,0.03227903146533496,0.030545314235783192,0.5692487716725432
6887637,0.0697655556786401,0.04727825472710191,0.09184042837510836,0.04401198549024346,0.035540899103520325,0.18067535596467635,0.04247750304587549,0.03640329337287439,0.4520067242419597
6887702,0.13845227811984734,0.017241973637751262,0.11423195278666746,0.01718157794597412,0.00641384927158839,0.09901064231389636,0.09056086535465482,0.02137451697328313,0.49553234359633713
6888243,0.042125632763752086,0.044622453825793676,0.07915754480025713,0.04421857794980602,0.04370693022931701,0.16681201270525314,0.034366124128670204,0.04013756527015215,0.5048531583269985
6888737,0.05253933097103119,0.05279922497090063,0.13997865539624704,0.08683582089280217,0.0495376560557438,0.11803444035598243,0.021379533626670107,0.05361264042883277,0.42528269730178975
6889024,0.10245966968255987,0.008771336369385624,0.0709475406635624,0.008052713490866956,0.003115632003388088,0.08120993303301952,0.1980317764251631,0.015287447819087042,0.5121239505129673
6890285,0.034799665360261064,0.017473864362108658,0.01299393684533767,0.004530502692044532,0.005028258929800712,0.3288279676620725,0.40468797067608836,0.021581095150912766,0.17007673832137368
6890416,0.03739385970475256,0.030123077024312054,0.07086313092746037,0.027895459661009894,0.011726830614970606,0.2096798376274323,0.1069318731067986,0.06461772809920516,0.4407682032340585
6890579,0.05841627271865318,0.01641998862307076,0.119189502887853,0.013221960093762392,0.004945691600877539,0.08157896648813194,0.13608703218636176,0.019945309958704978,0.5501952754425845
6890917,0.03320960992823209,0.007991087681455365,0.03779601543566985,0.0034494090056262712,0.0020401908247210617,0.16928096856232283,0.378629880005959,0.015969193725532835,0.3516336448304807
6891091,0.13352430327752146,0.030804802339493686,0.2046303663176436,0.11617801354795511,0.025798598132026472,0.030565624843629676,0.010887488174913983,0.039532737768134214,0.4080780655986819
6891208,0.04792780349654695,0.014776314241354793,0.11862436025676402,0.011888023860683952,0.004802209347820953,0.1034411350997037,0.11240975274932925,0.017626361837088506,0.5685040391107078
6891245,0.03155875852621425,0.008070200701009538,0.04811491624461165,0.004247957676919406,0.0027338377989366857,0.13333139659989432,0.287474899810817,0.01123309536155124,0.47323493728004595
6891309,0.016593259486866477,0.012149443369682308,0.0566775433317099,0.00699998341817626,0.0035070301778922764,0.11922510703297261,0.15095110335896486,0.016321137531465135,0.6175753922922701
6891366,0.060720840380748174,0.0060884892737887355,0.047823062239083496,0.005038009852692316,0.0020065318209425555,0.05810302529032274,0.16887401643210576,0.009546740745310152,0.641799283965006
6891473,0.09253928315766503,0.025949981758204003,0.1493185814977627,0.03694734173698139,0.01619127365752566,0.11328252443487638,0.03534971394061585,0.03486372497586098,0.4955575748405081
6891484,0.04971002440718556,0.014203585411170512,0.11011942799657531,0.01378139585031478,0.004666012110655113,0.059118432510416305,0.08053148656706398,0.01800959215779327,0.6498600429888253
6891531,0.04787126442281755,0.020302811515536416,0.060385567389152975,0.009682150239402746,0.006389257012386091,0.24150475440386704,0.22997780827691328,0.02053856482638731,0.3633478219135365
6891557,0.06161794558275927,0.029123009333052795,0.22016291786443723,0.034378183394138596,0.009815503974899064,0.05310427412533759,0.03908279277699804,0.031665670652677586,0.5210497022956999
6891579,0.031243155209556284,0.012022900079809419,0.07978212006773026,0.007765755066465213,0.0035040308390271364,0.0940188095134099,0.1919070875353759,0.014609547463853303,0.5651465942247725
6891867,0.12889700940710544,0.009613154041215795,0.05438937254842839,0.006320800332146437,0.0036402706589474553,0.12405470592990515,0.4340711039045412,0.014166263593290715,0.2248473195844195
6891888,0.07704519695980075,0.01706411756463534,0.0947490025814758,0.01637541190611733,0.006034859484722652,0.07367234714498809,0.08971187290458793,0.023904664347249804,0.6014425271064224
6892297,0.10183372573991814,0.005325966279212665,0.0367263468752116,0.0040530276719205754,0.0019666788886431507,0.07567944222732857,0.2972978069849121,0.009793282581986194,0.467323722750867
6892562,0.030853306021586098,0.009336298103824895,0.04818833973028179,0.00487173926985321,0.0022933441984020037,0.11179649592388899,0.36924202505423576,0.015432128213657453,0.4079863234842697
6892587,0.05148087823074204,0.013053435079059964,0.05915765951341964,0.009320952892672346,0.004369982976539009,0.1703416610797154,0.19757116821701082,0.023002745471555334,0.4717015165392854
6894293,0.01893667499921851,0.17508872222040656,0.0594754783670782,0.19988263228725925,0.20031509814425255,0.17902043060857462,0.005161300270388465,0.06695454122424062,0.0951651218785812
6895609,0.033363192203727465,0.035617841824413146,0.19222378273633606,0.09166222734427644,0.01446703703426246,0.037507822003980104,0.025697103607588572,0.04947212909829724,0.5199888641471185
6895723,0.07952743630880733,0.009101370102865908,0.02921539785635887,0.004098984250578157,0.004495462997744693,0.5935398211810562,0.14416932961820422,0.01597965861815124,0.11987253906623327
6895905,0.03156934413512025,0.008655878426843226,0.030567683809781657,0.003719008454266412,0.003692430704424124,0.5260801924548935,0.1936518995448568,0.01580624510451632,0.18625731736529774
6895906,0.07491173758078307,0.011926171887197804,0.06391862216229235,0.006648450063395397,0.005498531962276067,0.5251527055242136,0.129327726607487,0.01815812100517321,0.1644579332071814
6895927,0.09431198979222488,0.01575079795712848,0.04801859538717529,0.00854338518876354,0.009654498868454568,0.5766734254533449,0.08521948502642224,0.02125354901188054,0.14057427331460542
6895938,0.03764871527860865,0.0075375233486924395,0.026817991813912073,0.003101880902083208,0.003314154397792373,0.49469789413803517,0.2596853784579405,0.014002381283406173,0.15319408037952947
6895939,0.04885598487604867,0.008920144885828027,0.031949327575239946,0.003959399442531533,0.003802100521647807,0.5360544679680165,0.15945899461523563,0.016413979624524996,0.19058560049092704
6895948,0.02852738007403962,0.010848926542433801,0.03475422987115453,0.005050989753999414,0.004820749312475665,0.5463444551030372,0.14323569154747184,0.020296230022113868,0.20612134777327407
6895973,0.07822684693745496,0.012212706921119856,0.075456529020703,0.007028282067557629,0.005411809761961995,0.4590652064680105,0.12291926265936379,0.018965922348937087,0.2207134338148912
6895974,0.03928359298917274,0.007060274661903719,0.02689628401119762,0.0030957164267283593,0.0027434790381039333,0.4884691154854679,0.23685155921888865,0.013734674380218716,0.18186530378831836
6896754,0.023090008130329232,0.009376166702159497,0.042447084328242395,0.005992124253572126,0.0028624280988361057,0.22323516721291953,0.21205226659344806,0.015611064854533974,0.46533368982595913
6897915,0.01763340282497016,0.0643824675227728,0.14432506901792935,0.1056020289677684,0.07501936812322917,0.21775831100264556,0.015644923875453257,0.11360273140054446,0.24603169726468693
6897964,0.12405659542614503,0.03662504174754782,0.11912091033217138,0.05298264080968197,0.057194659661448016,0.14118227059503155,0.025275907746883278,0.04094145800148743,0.40262051567960355
6899282,0.012166992605638565,0.005859982009259793,0.016623009320831057,0.0028053278054491495,0.001169046228517939,0.18304881368230988,0.3330753056558568,0.012347724763539365,0.43290379792859734
6899294,0.042546648738502495,0.0071571590045048225,0.02977689955706236,0.005981394983465539,0.00231016967900243,0.09739775735768542,0.4798533466783915,0.018698294361615384,0.31627832963977004
6899376,0.028129536217175496,0.01589238939228815,0.08334060642163749,0.010881748420623267,0.004114358653623452,0.08421170228905615,0.186233759928019,0.0204607434810238,0.5667351551965532
6899506,0.027853046233600288,0.004742510150307321,0.009309223996433693,0.0019325728466161522,0.0014689396254292113,0.2715481132468364,0.501559981762858,0.01437050789946528,0.1672151042384537
6899530,0.054714134769817395,0.01588730864041541,0.07234219690375886,0.034828893307800174,0.007105465993058759,0.07995280371964815,0.038511522389829,0.03392928109788609,0.6627283931777862
6899560,0.054693991875214405,0.009655033169788012,0.03525243103839302,0.00977241402254485,0.0035441238127682734,0.19017512778607368,0.14333314879942397,0.02602237376771086,0.527551355728083
6899670,0.03227772638230881,0.006618018515570574,0.028213622264155806,0.005672409625511266,0.0026265581962808056,0.08587575934578175,0.09300603892213184,0.013955345221957328,0.7317545215263018
6899695,0.02077389265542183,0.011409818968606622,0.04424519688113662,0.011933468918229771,0.0045662280911430144,0.10871322030432559,0.055881454815746655,0.01929799798989787,0.7231787213754921
6899730,0.022325104180712565,0.010319254549233804,0.03159516737905834,0.006439564943696118,0.003698881364438539,0.1848274106263531,0.2129413155719037,0.018596570150184635,0.5092567312344192
6899754,0.04435041570099256,0.02424156959992986,0.10172074424346647,0.09276691892600301,0.022590867075621156,0.08244452845467463,0.017071677521911834,0.04729920173292014,0.5675140767444804
6901206,0.01443806780480828,0.010135798770239504,0.018525406486528995,0.002689493736188565,0.0024166391896840076,0.2979487448371188,0.3282789851807375,0.02069675750242884,0.3048701064922656
6902131,0.009420069682534022,0.011770527389325046,0.010782389801932012,0.0034899762966981275,0.004736996682753375,0.6648694970625594,0.18351273445382985,0.02227863964179585,0.08913916898857237
6902271,0.04675664811419868,0.03496397857812457,0.11435004318988046,0.05462748781661919,0.034771520542477063,0.1468666557586608,0.022839032731675705,0.046482403236398365,0.4983422300319651
6904326,0.04996169255159333,0.006916710422969347,0.05261659084337061,0.010156781026259417,0.002136918823442431,0.03476850878685974,0.09796397032088397,0.012936581166403721,0.7325422460582175
6908023,0.008356474697781884,0.08464780569050162,0.03342816897184441,0.13129221383009435,0.12479764343519757,0.4448306597776121,0.01032535496055626,0.1243582093220476,0.03796346931436429
6908625,0.022450814924398984,0.006637500001010873,0.028530295498371452,0.0023966850074468894,0.0014147409648174486,0.27280064205856824,0.3367845249656449,0.012395921714521077,0.3165888748652201
6909657,0.02818713756535627,0.004804820789555272,0.0311282385075709,0.004047937391481605,0.0012617359001427576,0.051187024706182756,0.24748065361907629,0.010081600118435483,0.6218208514021987
6909786,0.055311335097779926,0.010182189292568223,0.053656817295831716,0.0123021723375456,0.003594105417769415,0.07534982279412732,0.11842704403252101,0.023439884655961283,0.6477366290758956
6909952,0.03353915373231895,0.005000172628361549,0.03408544552357691,0.004665940507273056,0.001360043414153319,0.054980244192586104,0.29260942547960966,0.010586066224521759,0.5631735082975986
6910003,0.04243282078766847,0.006276611135200559,0.04931984695636964,0.006878541528910297,0.001600976617999002,0.03773887739459062,0.16263020664560118,0.010716105438405921,0.6824060134952544
6910407,0.013018071559072966,0.018975652331563255,0.018966762321061006,0.008973051690145145,0.011126815602367765,0.7671355931501361,0.04851040869021722,0.04412062247236469,0.06917302218307181
6910422,0.07529429908305327,0.00758097913457115,0.04104541572899724,0.008169002924650393,0.0022481251036086253,0.08129798093620198,0.28268163983746575,0.01943171758561275,0.48225083966583887
6910425,0.052091609354912805,0.004096869906193034,0.032429811331062965,0.005412839806364947,0.0012107928490574624,0.029744145277386908,0.14618727299902548,0.008320207336266231,0.7205064511397302
6910560,0.05415241096891201,0.0214497455374384,0.12007682490873056,0.09413139571115321,0.0096881356129037,0.03514079699089253,0.023139609959708676,0.0613959766507459,0.580825103659515
6910590,0.06060238238230329,0.004332160957011886,0.03391065634939426,0.005314662109863458,0.001314093506782292,0.03490845895156935,0.17032903549181425,0.009505208129692858,0.6797833421215684
6912744,0.0032400224186732484,0.01794997165517322,0.0044267021940344545,0.0031046984715911536,0.006421557618167889,0.8668420212465326,0.04286126113198956,0.02998090041140436,0.025172864852433436
6919118,0.026587072066225247,0.010242819794832174,0.027958468120784338,0.005293810447117512,0.0038503684962577483,0.42525483897119737,0.22880834299567152,0.016208543645395687,0.25579573546251844
6920152,0.023746942462006204,0.009873482629154924,0.04253595694518026,0.005855042063598324,0.0032720508872837234,0.4121585134614494,0.22109150533289088,0.018202023059852596,0.2632644831585838
6925791,0.014177270678340875,0.01808887192573797,0.02828143236881629,0.013487526678393723,0.008414850947491741,0.6025779270878204,0.10634815129386953,0.038642025089257,0.1699819439302724
6926246,0.0704410123527723,0.007732754523045757,0.011787550720670009,0.0023453627494423937,0.003032636688602329,0.4450598596490551,0.34775120773247026,0.01626228180806246,0.09558733377587932
6928841,0.0850093489414107,0.03111670158672897,0.08435987440783012,0.28091768342070433,0.10856824941895232,0.0705044939729394,0.005173119456926596,0.2722715840502583,0.06207894474424936
6928933,0.017290711894909216,0.013010607911631236,0.012763993648252644,0.002967117042697532,0.004201524359888857,0.6884946374546482,0.1511954027983976,0.018736733695713215,0.09133927119386145
6937241,0.09038453190091715,0.019417028332303875,0.1358469269159298,0.030113111447435614,0.005984216739871063,0.03594131031108325,0.032104414283432574,0.029339824258487537,0.6208686358105391
6938426,0.010240421029590632,0.00928159034028462,0.008102746164217845,0.0023483539486945032,0.0032852310366769943,0.7795535214502559,0.12864164634327288,0.0159213854436346,0.04262510424337202
6938530,0.014290562708270517,0.009313573909867515,0.006708587669384924,0.0024211896239153528,0.003016360835234612,0.7068309001176216,0.19244760942575243,0.020507635252351573,0.04446358045760145
6938682,0.010910726651461828,0.005313201341770426,0.01363911879051725,0.002161868786833359,0.0012130252328513731,0.21277892980310392,0.5258258237271851,0.015405938473074077,0.2127513671932027
6939166,0.008702565920598418,0.008787509931538848,0.006402783553780457,0.002161895562583175,0.002730047598567614,0.7538697759203631,0.1540619297439105,0.01534786077620587,0.04793563099245203
6939222,0.021486808847296316,0.0033639866993201263,0.007634991860247667,0.00114343061908146,0.000862551152414764,0.20712390908924147,0.6276252945393294,0.012067557463692846,0.11869146972937598
6944591,0.05533900220493827,0.009130222299427348,0.018294934154794953,0.0013594975123542236,0.0022555805131330296,0.3710136370909374,0.408524010621365,0.01480210508852921,0.11928101051452059
6947293,0.010188238747351693,0.024331165982902192,0.05384154768211445,0.011717392521851716,0.014128908762198375,0.6891424364371687,0.04495064410984109,0.056803708315832716,0.09489595744073902
6952804,0.05900900585466192,0.03408387869475422,0.25087678048748513,0.03664360909589365,0.01475055474739802,0.2551606741635071,0.04366724091928986,0.046700902681942276,0.25910735335506796
6975207,0.02125761127094942,0.01747809518277339,0.031167763131472834,0.005913257575441471,0.005196798877612637,0.7260009751793753,0.06200579652215189,0.0427256249386215,0.0882540773216016
6975472,0.010189541163223431,0.01789802674520876,0.023775046207845246,0.005092893699922437,0.005041757525963006,0.7402009242393338,0.07664117617297904,0.049116633142261286,0.07204400110326284
6975490,0.011906974311892408,0.01375884436965398,0.022923960876886994,0.004156567305857638,0.0035652956107706723,0.743213718304083,0.06420829148710634,0.043107068603570914,0.09315927913017806
6976427,0.00674255564599876,0.01190142673208235,0.01238925129882092,0.0022270589307094753,0.0022475965444488585,0.7963792777956668,0.05799507592006551,0.03260134015444612,0.07751641697776127
10551287,0.006180768293676284,0.01085290175785477,0.0032095947539192695,0.0020372674939123083,0.003299047837067894,0.829959849366246,0.0923592586850125,0.015021347927919183,0.037079963884391956
10554874,0.4384530448961193,0.01271955663495567,0.01173130031620773,0.005846581177867288,0.01162236935465055,0.27565569900471437,0.12553693993830234,0.014594923691304447,0.10383958498587822
10555071,0.005530228000578831,0.010110899619701807,0.006657890285545034,0.0032812756682517436,0.0024109379664261302,0.6794166784963732,0.12390637782396009,0.024235674593281218,0.1444500375458819
10555459,0.0062214989937272374,0.0364364719848245,0.024944099931532685,0.016492824494233435,0.012171323558492549,0.46825403788593445,0.05130972588407853,0.16067474346346702,0.2234952738037097
10555968,0.03816661219175596,0.10250724884559946,0.031181929077073553,0.19573403093027825,0.16657123985061867,0.22253260207905937,0.004013960655507595,0.09932319607429277,0.13996918029581437
10556692,0.010626613175029762,0.02811300164006574,0.01650358831602726,0.01404078613046412,0.006946310462217074,0.4180988807694022,0.06625300831078905,0.06132000738590826,0.37809780381009656
10557065,0.0016441406019272592,0.028324140162677282,0.0029096762381566076,0.004533016875740268,0.009736144651106044,0.8696591863089568,0.029386984540832474,0.02729300997946718,0.026513700641136104
10557235,0.0020829819458353556,0.03164220714364833,0.00593064318151692,0.015863789952579036,0.012289350514483037,0.838011252147517,0.011953647940250717,0.04976689864913244,0.03245922852503719
10557310,0.006572216621132137,0.09551600027969126,0.014178717169997893,0.019346080619596466,0.047211329624516886,0.5946162371372427,0.0139683950438902,0.04930848708707715,0.1592825364168553
10557603,0.004357130275574026,0.040518027679140006,0.006852327687262259,0.009710836421312544,0.011593613067443019,0.7984753857314776,0.031134940522349056,0.036360108403117326,0.06099763021232418
10557649,0.001732060153728065,0.05190772939862041,0.00863928863161839,0.010978838108375844,0.02095480916435366,0.7788111067124448,0.013910611774646253,0.08031120290316437,0.0327543531530483
10559369,0.011405629477068585,0.0077839336844956735,0.0025779154727807434,0.0009958515829052554,0.0015544581846910798,0.7698031424215431,0.1423746812936016,0.00970919430748112,0.053795193575432804
10559516,0.0038144284028006088,0.01321327575247971,0.0025779898849164736,0.0013859415895997075,0.0022045407157354232,0.8073086422364101,0.09324691609948255,0.014971402347279303,0.061276862971296205
10559765,0.003367766153572887,0.020598720155015245,0.005051726690650212,0.0039878058684650304,0.005806001427647679,0.7518204739465864,0.0886315325961913,0.025192170476560694,0.09554380268531079
10559904,0.010644057110308913,0.0182855175687744,0.004773820375112582,0.003978389807797315,0.00455957992764651,0.7393786029926676,0.10664679014265836,0.021730039044397482,0.09000320303063683
10561136,0.00529881318039509,0.01833268539083838,0.0039973305147874595,0.00380895737831588,0.005320442599812218,0.8471472220970402,0.04084213872474474,0.018763107422446735,0.05648930269161934
10561583,0.011699645947588273,0.013091179981079863,0.008700711581039812,0.002935485569121635,0.0030408830124860784,0.7083950036279245,0.08973769840442,0.02337739409930029,0.1390219977770395
10561870,0.004010680047776608,0.004921879338890753,0.0014272881370632536,0.0006158786860075484,0.0009746816097503747,0.7732164662897424,0.17753359920384537,0.006508417995701906,0.030791108691221824
10562711,0.005473200266234026,0.22639864319925343,0.02346306837416888,0.1471774766055189,0.24177959207207278,0.2177340569131971,0.002342197876865601,0.06971109570454544,0.065920668988144
10566953,0.011969307690274834,0.01414700581269104,0.0032087194293355607,0.0019566574421137797,0.002765264619487271,0.6026069029592415,0.27547070826058656,0.03475644725837547,0.05311898652789413
10567563,0.029440307265578246,0.017067886257961688,0.005781387628616749,0.0024745908988535056,0.005064980358565063,0.707734539651164,0.10547421983088738,0.017298395909473494,0.10966369219889999
10568512,0.00925589468611183,0.0042792668974086364,0.002048356492348324,0.000837162709477284,0.0006820292973560738,0.47863168651468063,0.40217199278104354,0.009988831689953652,0.09210477893161995
10569249,0.003298181260963683,0.004867637087225671,0.0021067139581493317,0.0007960932015379082,0.0009941247151652283,0.764866312454158,0.14709090927451673,0.008200605196039825,0.06777942285224355
10569900,0.0062679762971683435,0.1098767500221616,0.012198693134864474,0.09475586133490421,0.4582934893988149,0.18699281109263455,0.008681935156315443,0.05149763632453995,0.07143484723859651
10569996,0.0074811497726450515,0.006976471389061414,0.0027102481715279587,0.0019666470902574384,0.0013463722077518112,0.7080372995180434,0.1919704484254137,0.014383303290525918,0.06512806013477332
10570047,0.0024208074759400917,0.01077229949463697,0.002786783884357474,0.0013296443721508607,0.0027488632768854953,0.8927879704868179,0.04237992357357539,0.011634516607130609,0.03313919082850526
10570186,0.007147423519146193,0.010995279465511211,0.0032463213659070216,0.0025301525315050925,0.0029160703077804623,0.7480291931300238,0.11777572558132123,0.016549736948764007,0.09081009715004087
10570190,0.004237694493912413,0.008220514773095672,0.0015745217934458994,0.0012994959602335395,0.0016456429101101833,0.7782633726109652,0.15977054769959445,0.01118622157014459,0.03380198818849803
10570281,0.004763891088696674,0.00870751331465104,0.002512579038366895,0.0015062080273436803,0.0016505551638637062,0.7884275152421601,0.12376191216709828,0.013089373588624525,0.05558045236919502
10570444,0.42250606300746635,0.017974714243879447,0.012724714838110354,0.019084585222070842,0.013560106328504727,0.3050498993504349,0.06490682463136636,0.03071214670667911,0.1134809456714878
10570516,0.006436117284412351,0.014822080582697843,0.004072941769332093,0.0027997122549181658,0.003393577146769611,0.8025787918829109,0.07158316995835053,0.018608620561450472,0.07570498855915814
10570563,0.015159540888484887,0.007106580945516196,0.004578733791324805,0.0017876548396717558,0.00144325013182973,0.5262631465402015,0.25814226078854063,0.01608043745841591,0.16943839461601456
10570908,0.012893466561263002,0.007778881775767513,0.0031079623445934247,0.002422926011963443,0.001923967953292695,0.6667056342878452,0.19488288325462666,0.01690154915887563,0.09338272865177234
10570962,0.012760050802734912,0.02002882228382069,0.011847580011086281,0.004721151805577804,0.009879547679242755,0.40004329327667826,0.08149694431465815,0.2956906818398911,0.16353192798630994
10571126,0.021422982926778706,0.008839943792089086,0.0059639288416636314,0.0022240079404927684,0.0018501255708420173,0.6452445917023906,0.1320942374724393,0.020384421429817078,0.16197576032348696
10571129,0.02843157001017576,0.021394241586598382,0.008145455846260728,0.009925300582873782,0.009096976144629735,0.7750525656107762,0.026850866902297904,0.038296470679353885,0.08280655263703364
10571130,0.013448073272592414,0.0626859988307835,0.02142853917449313,0.04140644478124253,0.040540072192996796,0.4990660965899927,0.012053253227561544,0.0828377115612715,0.22653381036906595
10571150,0.020856009887221118,0.01287396187256048,0.005875205384843561,0.003447128558999467,0.003711603954922687,0.7577797845930747,0.06805110469425435,0.022758820298880225,0.10464638075524346
10571157,0.03215740552922563,0.006991261056858746,0.006786667838574498,0.002097760511968967,0.0014970116434240232,0.451931246989566,0.30675616988930277,0.020256322486439795,0.17152615405463947
10571249,0.008707674406458536,0.007383582271032404,0.0031519394468169128,0.0010742914937739568,0.0014770997640054526,0.7860394940330144,0.10607890196970902,0.011117922736876642,0.07496909387831262
10571563,0.0036794762066902414,0.07635738269663951,0.008566256450448445,0.011079779606358671,0.032717770427939864,0.6866388622192849,0.037417308762429914,0.04404210379614047,0.09950105983406801
10571600,0.005739673595378486,0.0098221383381198,0.0029379086379054636,0.0015036160575304229,0.0022992698926688135,0.8239708284630564,0.06931224410662981,0.012797866159763593,0.07161645474894722
10573894,0.006366379599420383,0.04493256828290724,0.008776933670185564,0.01642096137559856,0.018294865393812712,0.7481711494878868,0.021227728338052722,0.07048035483198932,0.06532905902014663
10574347,0.008823037150201453,0.01313158634094869,0.004900303254593935,0.003502327367853501,0.0034634258895382495,0.8508791986444747,0.039857560899991644,0.019623198559630524,0.05581936189276733
10574370,0.009940244645534774,0.009091511064871835,0.003570728774346304,0.002124663040382262,0.002093481222916769,0.836830362095987,0.05510533109611668,0.014341607717061975,0.06690207034278242
10574372,0.0134923543247944,0.006176231087379387,0.004093805586693435,0.0010805068999865538,0.0011074720519100825,0.6440274706602366,0.22357878411742949,0.01116179340867456,0.09528158186289551
10574408,0.008233036696226334,0.08089852437048559,0.009565354453483456,0.02576853879113969,0.046093208706446814,0.7221404885903825,0.008094927560476967,0.05263523176597781,0.046570689065380824
10574430,0.004155979899906892,0.0146368033109168,0.004004285487724353,0.002376419438056973,0.003549841216481604,0.8643819219339973,0.03809898145232291,0.01772202081254499,0.05107374644804803
10574439,0.013120413301935514,0.014595404710207295,0.005229445098605592,0.003309890387141455,0.003851472191049789,0.838958333317798,0.03728281833376451,0.022706196039424614,0.06094602662007334
10574456,0.007525668187043423,0.02003192218175678,0.005710924706133714,0.0033302014540412426,0.004985926828435527,0.7554285618975686,0.0348662692975812,0.023836794646811113,0.14428373080062848
10576038,0.09662597594687526,0.011776296415694132,0.0051398971914722895,0.003214740585483825,0.003858486813738081,0.70503768415038,0.08848889531913813,0.019265732985349383,0.06659229059186889
10576770,0.00544659031368781,0.015518623017792325,0.004744390144073298,0.005966668366847144,0.004291331910645553,0.851217092986158,0.02714442185695451,0.02246452596469552,0.06320635543914585
10577118,0.0038111653699058144,0.02659172919787878,0.007066847442005881,0.005951063310030437,0.007021505724774391,0.7096255156467403,0.07697584046228796,0.04665784872555964,0.11629848412081682
10577354,0.016781104958643937,0.004100400139897847,0.002771024042478687,0.0007590462133052461,0.0008390802248303455,0.5535340776571219,0.348159148648557,0.009594391635529184,0.06346172647963579
10577622,0.003821204453165716,0.019947279332038676,0.005225943841791166,0.00329680970494778,0.003964659889553553,0.7583440372561031,0.09321920123645028,0.03191900427436376,0.08026186001158599
10577723,0.004203761104953056,0.005031300749425081,0.0013944232966323993,0.0007770543907788649,0.0009476039978258358,0.8622494809778418,0.08910076663368661,0.010073326990499657,0.026222281858356723
10578130,0.1123974407590012,0.017630007982522296,0.010275034895231908,0.011416127699710924,0.010453939042402605,0.5605859053961594,0.09994045527976439,0.028473739257151867,0.14882734968805536
10578295,0.012665666763911176,0.007614477971808814,0.004092966432641619,0.0023785687089903085,0.0017986065886430463,0.4851996928310614,0.3473804841531668,0.016164513825332252,0.12270502272444442
10579132,0.010812363177900393,0.004465201523055851,0.0017398378052705494,0.000798133166859024,0.0007688725035910572,0.5345820888407389,0.3789245900475643,0.010784447149090168,0.057124465785929696
10579372,0.0064531305898096036,0.005212029772402065,0.002814501062428759,0.0009128560464752808,0.0011624750211107699,0.6154205965907427,0.29590495019341956,0.010286074815763314,0.06183338590784796
10579452,0.002331935993200396,0.06648958181502139,0.0077705630984454864,0.02715952789690914,0.08324036226296655,0.6945556386710299,0.01576197764979289,0.0658118821092363,0.03687853050339811
10579754,0.002101648189616555,0.04505077330502138,0.009906905862287516,0.01646360034749604,0.043752076217725526,0.6904420548365928,0.021574094444079803,0.12684202718974041,0.04386681960743994
10580098,0.0047024655554442464,0.02379666367850712,0.00601582972896811,0.003113536072405141,0.005354650077646055,0.7609339565920044,0.09210906532575949,0.05609269975069359,0.047881133218571965
10580150,0.002990608531777869,0.006264528868329651,0.002196154788032059,0.0012857226889703823,0.0026004504645220465,0.8860126071487026,0.05526622622168232,0.010558085745673216,0.03282561554230982
10580642,0.007190257858300065,0.01034639639818228,0.0029157939104093727,0.0015144798985061068,0.0022471896741854264,0.8451481977383696,0.049036274778822546,0.016356229701521317,0.06524518004170328
10580740,0.010525931416176661,0.005807124119006642,0.002605686545626425,0.0009767020647101815,0.001100256899415018,0.68127112377205,0.2137570247576788,0.011848259972870971,0.07210789045246539
10580745,0.0072886131919362015,0.004968250361783506,0.002412027946238135,0.0008626245480602708,0.0008160257571594717,0.6433541035481672,0.2387804352079492,0.01191834609891805,0.08959957333978788
10580771,0.010509100323480139,0.01196219305722941,0.005784657561896293,0.003996874050522157,0.00361120251814807,0.7799016608680436,0.04836272767905559,0.029439531499804442,0.10643205244182033
10580995,0.006962804731432266,0.021895109020259287,0.008877129189320506,0.005312968870077297,0.004356717420996145,0.6052293686088182,0.10141420137682487,0.04241945159301821,0.2035322491892533
10581310,0.007040166965101756,0.010033909796743656,0.004413904163807324,0.002179681042313878,0.002964590736127392,0.6592577505944361,0.2085818061032929,0.0186163063322944,0.08691188426588252
10581368,0.016358598288985574,0.09131280813428827,0.01821626196284765,0.126234883981288,0.1232132208612175,0.4467354012087918,0.0069473414341140035,0.09855297375722973,0.07242851037123757
10582173,0.01869031405930669,0.009204028122192627,0.003623723202478663,0.00221262532958878,0.002940547122271487,0.8018962202989411,0.08641277629576061,0.01550164046065927,0.05951812510880072
10582418,0.20556812279612655,0.013549776412817384,0.006899969880750707,0.00445199951350438,0.009312597904756697,0.5636272879456963,0.10703916096931344,0.017131133491953575,0.07241995108508115
10583009,0.011860995632569983,0.005268611175129006,0.0025704634050401336,0.0011335253226173957,0.001796713318534664,0.7058717638316526,0.2258939007260864,0.008752410820394331,0.0368516157679755
10583434,0.0037969204307552714,0.05289438756971068,0.01307394763974213,0.027849263594255852,0.01821660607360466,0.7285977561329728,0.026295258163698307,0.05331462568002928,0.07596123471523109
10583521,0.00912963186308192,0.005436498308797304,0.0027448553245040205,0.0012280735226581191,0.00126190754922318,0.5037037841364098,0.3794776479930972,0.011474412747761321,0.08554318855446727
10584210,0.007859075549793752,0.009662986051125755,0.004794431941176872,0.0017006159665447535,0.0018128747525702818,0.6026016830998828,0.24473314941449878,0.017973251509126435,0.10886193171528058
10584222,0.011953752548814894,0.0071352103941978925,0.002670593130908443,0.0012960031954924042,0.0015465808182673426,0.7655621955990347,0.1540163296030445,0.01434930181927094,0.041470032890968865
10584314,0.020347132491423805,0.00749405929718955,0.011597664930836185,0.003146205164996952,0.0018223429579198825,0.2462778341838857,0.2237811181427262,0.026645243102966773,0.45888839972805495
10584430,0.020200548423128864,0.0052611679870739,0.002436578338911616,0.0010856918203063436,0.0011601170461829323,0.598760075524364,0.2988435643064881,0.012094841769195428,0.060157414784348814
10584519,0.009999143926162097,0.026200636444651582,0.010195545819083324,0.004915305058033147,0.010016331229568185,0.7434902320190236,0.08163184957768614,0.031548231657836365,0.0820027242679555
10584820,0.010285870185421105,0.030586730014378945,0.008530776982720851,0.00605761009828436,0.023304089803771067,0.7229461836856407,0.07693311168519319,0.021944654977500335,0.09941097256708956
10585136,0.0029030558180494865,0.07057926926620035,0.00902005956130949,0.02414546577195512,0.02031919416373631,0.7453327885047565,0.024137179257285785,0.06480119529115375,0.03876179236555334
10586849,0.008054321914817563,0.009626957116676996,0.004478078737741278,0.002530591266813089,0.004581535338574546,0.8628036064755195,0.05512149388139136,0.01108720603099379,0.041716209237471956
10587734,0.0668439669083299,0.010891536058138883,0.006396032001674213,0.0023485091449129457,0.003839625171102143,0.5881314138354055,0.22455909234976362,0.019985607856874366,0.07700421667379857
10587840,0.010414261783924092,0.011941857211931542,0.0037246589060808744,0.0024087863636925227,0.0035573023626095457,0.840007977088561,0.08098392042352556,0.0210881137335974,0.0258731221260775
10588529,0.09690788472503716,0.001871014493940331,0.0059054156777739765,0.001338954690591093,0.0009944832158964355,0.05093739377406569,0.7014162154696972,0.006668868216896819,0.13395976973610133
10588664,0.04878058551742407,0.0025076782941397197,0.006250917981050496,0.0011248268188584118,0.0008835294959685387,0.14593698525127205,0.5593354718208529,0.007541304861474402,0.22763869995895952
10588792,0.05442087151516081,0.0024321695254393345,0.009973549406810464,0.0015414223755847193,0.0009041469410933507,0.06698297678880592,0.3135581356183442,0.007056560478417318,0.5431301673503439
10589349,0.014488748989004107,0.002743551204177811,0.008653360340794749,0.0013975919290582757,0.0007535299335798349,0.17536529445508559,0.24987219689869736,0.00776996282693391,0.5389557634226684
10589410,0.08148476045314233,0.012911861950280329,0.022323349745208238,0.016486625276699533,0.009410278735451721,0.45652602517871343,0.09966278619432394,0.058850953375006364,0.24234335909117402
10589411,0.035237987261419634,0.004544567813191268,0.009478034365349393,0.0020285011982108404,0.001595164913375863,0.24058888937720402,0.181538778118195,0.010995978994778862,0.513992097958275
10589472,0.07162972367197096,0.004461599664532567,0.010091616563320268,0.002420391950504255,0.0017854679882900453,0.14673974094766362,0.28394678084025693,0.012411672637039996,0.4665130057364213
10589485,0.028190740912339453,0.008117828705178657,0.020581429666051563,0.007418880187647668,0.003866101893246899,0.16948727135303354,0.07281309120424115,0.023056781336016068,0.6664678747422451
10589763,0.0031417681534361666,0.06393645289229562,0.00979277865067056,0.017696857418382957,0.01371884813858994,0.747680529724944,0.03729165969498097,0.06213559955886588,0.044605505767833904
10590733,0.006014810131247215,0.061771713222335864,0.009329559671467844,0.04770942855746458,0.04480663483007061,0.7088020759052669,0.0088981290723269,0.09566414983772478,0.017003498772095345
10592587,0.20540579967234252,0.02533346245502438,0.01049002641557611,0.012449542279352455,0.030621264381673903,0.5694379136690384,0.03814302582394322,0.029353209006775054,0.078765756296274
10592944,0.005509188636045041,0.05751459322531784,0.011929063353304443,0.037584777470001725,0.10483887660147279,0.6695856468812771,0.017090026056993574,0.06054821317567772,0.035399614599909895
10595034,0.009278747149950313,0.01658322210428612,0.003810282282459899,0.0034933098286351184,0.006400785401031226,0.8558200967273356,0.044392996560509906,0.019749594092382666,0.040470965853409195
10596119,0.004466145283350755,0.00926482484404861,0.0021658574149642676,0.0009709319930340854,0.0021022780414683266,0.8699437476216888,0.07123742712269504,0.011075513010067924,0.02877327466868211
10599481,0.006185510042225943,0.007164619816137329,0.0015957832978124753,0.0013271956400768715,0.0020539629189785745,0.7475022441962604,0.18905910738338516,0.011420866558618247,0.03369071014650503
10599552,0.0885411285362403,0.005528651814734429,0.008380889117930675,0.004109234052034867,0.002124584243809806,0.5260721642814212,0.18051742077903093,0.018362255774225737,0.16636367140057212
10599609,0.06370857531646472,0.003931320688814777,0.015720167563925885,0.003631369966624345,0.0011322074968363645,0.162720473877824,0.3157574552153738,0.013785125406278357,0.4196133044678578
