track_id,Clutter,Cormorants,Pigeons,Ducks,Geese,Gulls,Birds of Prey,Waders,Songbirds
6868504,0.016434660931642,0.0188440884603026,0.1501977899683899,0.0697526125045555,0.3747022221026032,0.0502613642341172,0.0012820590743741,0.2997597195964893,0.0187654831275259
6868536,0.0186642009344027,0.0617784548250719,0.1676184932601359,0.0517259885708862,0.2273561228527005,0.0999183058053601,0.0021693635951017,0.3132243693107109,0.0575447008456298
6868565,0.0079184111385233,0.0237961288199582,0.1500055083853188,0.0333009138176761,0.4327687862046471,0.0343869246537658,0.000937935389317,0.3010485809382098,0.0158368106525836
6868861,0.0001677371366103,0.0252077119678817,0.126271101483185,0.0033704734979002,0.5512259796874805,0.0018288353373389,5.365171976838008e-05,0.2913880664863411,0.0004864426834936
6869275,9.026908614339014e-05,0.0310025001224185,0.1206772819320858,0.0051605260509393,0.542485208485454,0.0031101567983822,7.016662830798101e-05,0.2964444556057137,0.0009594352905549
6871418,0.01689423959028669,0.06300369817688807,0.26710229283429887,0.0823415934657265,0.11510119890052006,0.1501138894108922,0.004425375736086705,0.24815316311464178,0.052864548770659076
6872996,0.1979550938955867,0.0023243064363325,0.1133728954761441,0.0020014176281552,0.0219018921270871,0.2892927117064004,0.0362698382990638,0.2803298365370091,0.0565520078942206
6873817,0.016631458082062407,0.029210577308890623,0.0739664175319146,0.018035352252669536,0.34941167922741556,0.2398844751543659,0.005321133799517899,0.20414960254060815,0.06338930410255533
6874023,0.0003666253335925,0.0111088599720789,0.1235155150516853,0.0027501764642693,0.0045144865981763,0.5494293913125745,0.0025798957606354,0.2977291329287063,0.0080059165782812
6875504,0.0004971257410836,0.01344151969001,0.1133380438744873,0.0015934653416246,0.0024901067186744,0.4315968643348304,0.0314383194998084,0.2814530424285872,0.1241515123708935
6875899,0.0011028750992041,0.006414741062532,0.1118177070365484,0.0034293019416155,0.0068898112008496,0.4230291826408965,0.1043443848121047,0.2840948816491321,0.0588771145571167
6877293,0.0039011823484965,0.0049951242703659,0.128081879746639,0.0078516200965958,0.0027735912182422,0.0180400150598862,0.003427853682894,0.2989855916303176,0.5319431419465624
6880408,0.0021562191355816,0.0206365769529839,0.1148903196421005,0.0102943941862304,0.0083249757138719,0.4150926499591817,0.0247179468356282,0.2924730107886234,0.1114139067857982
6880690,0.0005391471796973,0.0079639234015326,0.1433337063411123,0.0046317854034608,0.0021979222072389,0.3593313296688459,0.0111842909836152,0.2898915309535083,0.1809263638609884
6880833,0.0009274713438047,0.0007958432892496,0.1212024563009447,0.0007855553559015,0.0006727825059058,0.0209911721063161,0.1336558159586156,0.2841338050336665,0.436835098105595
6880956,0.0001837962689174,0.0058893535527096,0.1115104794626563,0.001322892947302,0.0032975701802267,0.5899807196580622,0.0055773559982482,0.2785428828027945,0.0036949491290829
6881733,0.0004610227808827,0.0002710758919294,0.1110549309378989,0.0001867054295022,0.0002929951170713,0.0202168774581383,0.5844980292541156,0.2788411297577173,0.0041772333727436
6885154,0.0191542992274219,0.0057143766543917,0.1188145414829518,0.0062897813931123,0.0061718963549431,0.4243187136858053,0.0255514474088706,0.2919163130797073,0.1020686307127955
6887294,0.0010853370377557,0.0037988123963367,0.1209142280270948,0.0006498102162002,0.002458957146918,0.2021255144219389,0.0043637560956094,0.2951725002894251,0.3694310843687209
6887586,0.0050103727147818,0.0013383097115323,0.1297965915220437,0.0044489378296193,0.0020060649639367,0.1995211131118954,0.0070696076026911,0.2970793105894801,0.3537296919540192
6887600,0.0012200794843178,0.0010659142536688,0.1473129586242755,0.0009644236527837,0.0004083788168291,0.0299976540160144,0.0029505079005965,0.2831678593662805,0.5329122238852334
6887637,0.017086725186931693,0.04144055502354426,0.1006422050239374,0.028239853352063526,0.03727529040427285,0.16123234437738304,0.018933346475858582,0.1863753922610184,0.4087742878949902
6887702,0.0152370763649963,0.0010685058893818,0.1334588703922537,0.001428760018765,0.0009069010083768,0.0477013537746377,0.053175352523789,0.2855349933007377,0.4614881867270616
6888243,0.0016146237707575,0.0200962964618208,0.1406358069984192,0.0029462329602008,0.0087778588594594,0.1025161505887989,0.0066938005019189,0.2807421465122499,0.4359770833463742
6888737,0.0010512046197539,0.0182677535907707,0.1693323485353398,0.0101492379201262,0.0081551574516736,0.1000511568397501,0.0078034349006869,0.2888230132727368,0.3963666928691617
6889024,0.0073290489231285,0.0006151247414039,0.1287051876386498,0.0014334202209093,0.000550630601809,0.0249194893660339,0.1364795047467749,0.2796720407451575,0.4202955530161327
6890285,0.013405680020908802,0.020395143106388684,0.07477143075409355,0.0042421644199013495,0.0034566862625649585,0.25930549770772116,0.36923928892104907,0.17602727712123845,0.07915683168613406
6890416,0.0035341877867463,0.0194656288615735,0.1381570663418949,0.0034150601499883,0.0037546933040384,0.1667553402848944,0.0437537466366516,0.291426089323347,0.3297381873108654
6890579,0.0012080128809228,0.0005935907468805,0.1396660560465965,0.0012124455927577,0.000365665020558,0.0220183731555301,0.0513019026836818,0.2786407320605635,0.5049932218125088
6890917,0.0038403016841813,0.0017206789657935,0.1260701003658524,0.0015588607071285,0.0008050580640567,0.0443179579290817,0.3707579086133948,0.2837029368145563,0.1672261968559543
6891091,0.0050268884180439,0.0031101977245898,0.1715282491091851,0.0210035303785529,0.0105902059777101,0.0557628796283901,0.0043124351153104,0.2970803719723606,0.4315852416758566
6891208,0.0005297076090965,0.0005372874824257,0.1453065035132819,0.0002567212922325,0.0002704281873349,0.0230453767826399,0.0329891887746734,0.2737852539263438,0.5232795324319711
6891245,0.001754561189461,0.0021489833568347,0.1255263910964841,0.0012540491702019,0.0011793765113603,0.0923745070298352,0.145349226819024,0.2772358853613279,0.3531770194654704
6891309,0.0003763435159597,0.0015707259855864,0.1178563572976404,0.0006988454791515,0.0005892050900149,0.0332427395655521,0.0428963620238587,0.2821872423486674,0.5205821786935685
6891366,0.0053464266820085,0.0005380303604922,0.119497102169353,0.00039793157006,0.0003958511701788,0.0149064241312752,0.1198439672962154,0.2798482744103087,0.4592259922101079
6891473,0.0037621467825272,0.0025654330771692,0.1389325254073152,0.0032882794271418,0.0023009066481421,0.1649148934517515,0.0137508879481365,0.2893023743771021,0.3811825528807138
6891484,0.0002251943841201,0.0001879275687917,0.1216689548433687,0.0001281800797446,9.463130602069618e-05,0.0028475036237851,0.0070465978881454,0.2919729352930579,0.5758280750129655
6891531,0.010972183615396265,0.007688002677892032,0.09216276104565746,0.003973890643020188,0.002832969171659837,0.1315736126787321,0.22842916610685618,0.17328343426381398,0.34908397979697187
6891557,0.0010745262422071,0.0020042678462639,0.1556873943341549,0.0008369713157675,0.0004293748656812,0.0139960409587534,0.0079119562375844,0.2890296951786003,0.5290297730209869
6891579,0.0011287298661481,0.0017967016394736,0.1407594162101916,0.0014852727189414,0.001270731793895,0.0364752046538584,0.1122516461664548,0.2781538848371551,0.4266784121138817
6891867,0.0089790512583063,0.0012600438999248,0.1180813741255989,0.0022303553259028,0.0008724154263321,0.045479100887184,0.4670587570725129,0.2828871689848543,0.0731517330193836
6891888,0.0057223420714711,0.0007306522646722,0.1162462086676874,0.0040184915222045,0.0007094725901243,0.0192218520490803,0.0138922889289311,0.3064585461548548,0.533000145750974
6892297,0.021720566592045448,0.0020289691725088373,0.07421569965318113,0.0016457951991245723,0.001185923198002148,0.02788882532517418,0.3305804619196825,0.17104765809246836,0.36968610084781284
6892562,0.0023290232990885,0.0016562232329637,0.1305318242851026,0.0018364516055737,0.0008305708323203,0.0264921105563811,0.3531766371906956,0.2822795298840052,0.2008676291138691
6892587,0.011852652465604968,0.004332108933843427,0.08465860540699122,0.003132510286833342,0.002094985549612535,0.09703170385418182,0.23458057111318703,0.18194378578214535,0.38037307660760017
6894293,0.0015309310392849,0.2911774214134929,0.1266679239406989,0.0201222141355659,0.1304816187648704,0.0944587440435929,0.0015793810329265,0.3141333156714627,0.0198484499581045
6895609,0.0009602970392672,0.0032365680300886,0.1677650377635732,0.0116392514335001,0.0017859614058962,0.0210772897896403,0.0038462528163161,0.3042721163832625,0.4854172253384554
6895723,0.0012829113018237,0.0008435559420122,0.1164136743945893,0.0005769639554057,0.0009208360588263,0.5104691001695099,0.0553648073480865,0.2876738466650428,0.0264543041647034
6895905,0.0005399261219343,0.0013188769928301,0.1306030511363126,0.000575337703492,0.0011190781889191,0.407755033394823,0.1110082957509854,0.2859489215106187,0.0611314792000844
6895906,0.0009255936685506,0.0010380052260818,0.1415268379197188,0.000560199589375,0.0008977546177598,0.4381905786641445,0.0559033706263757,0.2865011520828539,0.0744565076051395
6895927,0.0021502103861624,0.0027286516387913,0.1225472877670315,0.001739492427568,0.0027733094701432,0.4135194162476294,0.0996881823323032,0.2922041844038067,0.0626492653265641
6895938,0.0005279592650348,0.0020600945203954,0.1302648329522189,0.0005363863610265,0.0016285804836429,0.4006231406281575,0.1201271621393867,0.2825829626657124,0.0616488809844245
6895939,0.0008047291426171,0.0019600082434067,0.1259323657226745,0.0006500521258801,0.0018307750639691,0.500299689444845,0.0284676140166485,0.281771309079917,0.0582834571600417
6895948,0.0007009930959586,0.0019058332956854,0.1203913172142974,0.0005709530530279,0.0020394451475195,0.4262774493194139,0.0705771223793968,0.2851535185554044,0.0923833679392958
6895973,0.0010842654790702,0.0010317362800853,0.1331421542259816,0.0008042826242359,0.0009681563494074,0.4158832791241299,0.0678221544187434,0.2912232359861995,0.0880407355121465
6895974,0.0006833318507928,0.0008779260940293,0.1275526935925365,0.0006100301013148,0.0010304417011317,0.4035052730254075,0.1080184946499874,0.2793370413060154,0.0783847676787843
6896754,0.0014472804274528,0.0015564086722832,0.1177569550101977,0.0007177521660817,0.0007184846161618,0.1427867978662639,0.0706650205531941,0.2826071869840632,0.3817441137043013
6897915,0.006786398210857054,0.04145973036996648,0.15306474520588315,0.03462866456512984,0.03758291671152367,0.23385793553429676,0.01639145652643396,0.2803070310466269,0.1959211218292822
6897964,0.0360638199514522,0.023122707377361537,0.12499787655038841,0.020713615133575676,0.09423419418125335,0.11637902962312285,0.013079599547368486,0.1956360326929775,0.37577312494250004
6899282,0.0010909408848234,0.0005492858780936,0.1125802316631744,0.0002774847027029,0.0002341524614221,0.0370991920910444,0.3212989108130458,0.2870615784963629,0.2398082230093303
6899294,0.012927867723681744,0.0028489485035701925,0.07931747180908799,0.0033043390421530136,0.001541696774979944,0.036217851112039276,0.40742004236114443,0.17410054287142215,0.28232123980192114
6899376,0.0018421745787472,0.0038291580979153,0.1250791583926718,0.0013131574583123,0.0012827937693185,0.0277274011822556,0.1424808314653651,0.2863248230228307,0.4101205020325832
6899506,0.007960829374967069,0.003275735379281278,0.07313314682707875,0.0012310658136827789,0.0012359336204777317,0.2945219304720565,0.32992965978490857,0.17528277020423091,0.11342892852331633
6899530,0.003248552437188,0.0005178289605262,0.1226244447541873,0.0050497552804151,0.000379934694317,0.0429027086599715,0.00148623205118,0.3031708922074657,0.5206196509547489
6899560,0.0073601596089876,0.0021434738276067,0.1135118818868486,0.0042359923877779,0.0009699866908696,0.1412683321083728,0.0234001784751081,0.301794077452802,0.4053159175616262
6899670,0.0017263161330936,0.0002509926972051,0.10095147308131,0.0001856424523184,0.0002931808367874,0.0672256331708541,0.0073637684264716,0.3011924058798408,0.5208105873221187
6899695,0.0004399508595332,0.0002018684050993,0.1077028383938806,0.000161066365442,0.0002935981352212,0.020255377931828,0.0014131902462161,0.3000225949156723,0.5695095147471069
6899730,0.0021535703144319,0.0014791999056071,0.1245628195337144,0.0015802632095532,0.001110238623953,0.1199061482360865,0.0422463598270753,0.2860475321297178,0.4209138682198604
6899754,0.0058102657424615,0.001226450220798,0.1256985374192902,0.0054647597694572,0.0011021993137853,0.0459663801931694,0.0012468474627457,0.3034767037504584,0.5100078561278341
6901206,0.001189439201214,0.0107652295474416,0.1356004711515355,0.0031861259766546,0.0038446854379241,0.2082273633509783,0.1338536533814007,0.2918959825969687,0.2114370493558824
6902131,0.0004071427946232,0.0028696869848068,0.1073193684004913,0.0011000667546369,0.002144142836063,0.4865904173066736,0.1127792323985916,0.2806278203093326,0.0061621222147806
6902271,0.011517911852029376,0.023667946616715625,0.10443035044804061,0.01433774924083596,0.02483707308147026,0.17701291426089352,0.007731846464425562,0.1969280125984224,0.43953619543716665
6904326,0.0082963009471503,0.000212094225664,0.106540259200544,0.0003442498395373,0.0001144461880958,0.0068007481530135,0.0059041458298869,0.2970823838367358,0.574705371779372
6908023,0.0007871944203424,0.0119993245066449,0.126552304260756,0.069077667303491,0.0133372308086066,0.4579538764991847,0.0033997751619344,0.3063937166428066,0.010498910396233
6908625,0.0008286474242842,0.0022687736904813,0.1157724291259437,0.0010848535154581,0.0010060735096439,0.1539339154418577,0.3279040164543363,0.278956734227141,0.1182445566108534
6909657,0.00095027021434,0.0005356234284258,0.1056456785687246,0.0004457043062783,0.0001757441560503,0.0114149510096201,0.1243441562818857,0.2906392909076871,0.4658485811269877
6909786,0.0034947026109405,0.0004365717951151,0.1115000661569796,0.0009424586982171,0.0002382789510726,0.0263012485287209,0.0218490434035919,0.2970249769114921,0.5382126529438697
6909952,0.0021505028441228,0.0009767741290118,0.1136620321169222,0.0009430559006458,0.0005518602965795,0.0156391491753841,0.1140614839865303,0.2832421740811277,0.4687729674696754
6910003,0.0017282713645908,0.0002369070967476,0.1190686143387109,0.0003487068812122,0.0001528060497397,0.007075081617719,0.0466603959312165,0.2842749400540146,0.5404542766660483
6910407,5.176206057085271e-05,0.0006803642114692,0.1148601218389742,0.0001795758752662,0.0003027664713496,0.5928726273130375,0.001123693531642,0.2885245922745313,0.0014044964231589
6910422,0.020168602691485574,0.0026764324016384194,0.08031075578925691,0.0031886613327587036,0.0011480926555803251,0.04348252310289171,0.3215613959639536,0.18029664172199447,0.34716689434044024
6910425,0.0040139887110766,0.0001907640249043,0.1041564134476282,0.0002299536635954,8.421671336123449e-05,0.0047400563022707,0.0231577989549075,0.2914547889715368,0.5719720192107187
6910560,0.0031954762523259,0.0010593006890848,0.1281329340145656,0.0228484062487702,0.0012402296922161,0.0352525936154958,0.0066633732008855,0.3225311997408843,0.4790764865457713
6910590,0.0028743026859878,0.000220323472989,0.1119654294277992,0.0004114679007013,0.0001194379008922,0.004950829160332,0.0482057419968144,0.2852250938204704,0.5460273736340134
6912744,0.0001415930509955,0.0020734505125771,0.1002500265710266,0.0003614911487786,0.0012409281715457,0.5912834775497121,0.0025822894860178,0.2988004923296062,0.0032662511797401
6919118,0.0022396591559933,0.005541612610842,0.1276066991995577,0.0040831094186882,0.0033788879610017,0.347729682749963,0.1310922782036109,0.2786165967030578,0.0997114739972849
6920152,0.00673592167318704,0.008432800368943203,0.09496108476064646,0.004541382727296358,0.0030637391409075233,0.40203963942360943,0.15728331139887944,0.1800737575005383,0.14286836300599207
6925791,0.0006718582487847,0.0054419427750308,0.1240866339307187,0.0011523980165055,0.0010453785064778,0.5060122577254957,0.0448438889301576,0.2842159008684827,0.0325297409983461
6926246,0.0031228725992937,0.0008761004605125,0.1153637852937307,0.0003061318983927,0.0003235323585512,0.5291722173804952,0.0505445346042441,0.2778865039242733,0.0224043214805063
6928841,0.007952283404456,0.0107033491363997,0.2096605196221081,0.1861690089302272,0.0123219580516045,0.127843497334677,0.0048972671264539,0.3867974635524348,0.0536546528416385
6928933,0.000735606639498,0.0127372729666228,0.1155124910580565,0.0008827805246594,0.0018397241676193,0.5555145252567388,0.0174759316357547,0.2885055273382376,0.0067961404128124
6937241,0.0039805566921309,0.0009821202570945,0.1262075658287692,0.0014362572433772,0.0002459655991368,0.0156003055165932,0.0046080741454645,0.3071854093402758,0.5397537453771575
6938426,7.490831391342369e-05,0.0003875346668932,0.0993670320726958,0.0001632316268528,0.000208387793003,0.5990697400241248,0.0131087489132306,0.2862915415675555,0.0013288750217308
6938530,0.0001323363876576,0.0008941310957564,0.101822828367184,0.0001906661681873,0.0001859724396859,0.5881436742585116,0.0177125427895429,0.2890146226585835,0.0019032258348906
6938682,0.0003527704014608,0.0005315089733955,0.1122710140806123,0.0004057800534796,0.0002404162870136,0.0351062206669961,0.5321769436526783,0.2833279020606853,0.0355874438236781
6939166,4.3451506517727766e-05,0.0002338372225711,0.0981554228260785,0.0001053636874323,9.62115053457387e-05,0.6052530137199681,0.010451294709243,0.2844312573699712,0.0012301474528719
6939222,0.0003865240942909,0.0004077422300684,0.1078953127959331,0.0002575839339795,0.0001900888573997,0.0330732295236746,0.5650155445322392,0.2846699909691835,0.0081039830632309
6944591,0.02309762517665523,0.005929005810906554,0.08020140613047692,0.001850900882168578,0.0016742655061341414,0.30669182300658804,0.3351725390603605,0.17549093190149512,0.06989150252521487
6947293,0.0002445965087933,0.0036782163483465,0.1134089519636401,0.0004690789443248,0.0007914277054541,0.5566249415096438,0.0062903730710861,0.2975895448594016,0.0209028690893094
6952804,0.0020014952873383,0.0074889395832446,0.1807228442702194,0.0023542302803737,0.0049348150186932,0.3264694459941588,0.02150167163541,0.3085499419621174,0.1459766159684442
6975207,0.0001268417040495,0.0012516051207751,0.1189078145630387,0.0002687203561747,0.0002626503309447,0.5743225352161813,0.0020665793187744,0.2985315351709699,0.0042617182190913
6975472,0.000103793438153,0.0015670546806185,0.1230972772797411,0.0001967413017189,0.0002516865878845,0.5756732019026132,0.0027604414932452,0.2915220280626278,0.0048277752533974
6975490,5.997953224731661e-05,0.000316363777869,0.1082355538026092,5.556672405990816e-05,0.0001184941488582,0.583273580712632,0.0005645457999737,0.3038220344951678,0.0035538810065825
6976427,4.3334622600268055e-05,0.0001745626793346,0.0977401482518966,4.198308311367279e-05,6.979707865114583e-05,0.5875443048597118,0.0018129842601869,0.3075183301274777,0.0050545550370271
10551287,0.0009753666762948,0.0041031485812264,0.1169918062756322,0.005792304200741,0.0040544305631848,0.5385999728129297,0.0210269611268432,0.2873111349690287,0.0211448747941189
10554874,0.3225689232891902,0.0113570741050044,0.1238486558949986,0.0034294956768118,0.0090357051025792,0.1122737951551756,0.0877692387625886,0.2763388325121005,0.0533782795015508
10555071,0.001722154117332,0.0055675040078688,0.129928009990764,0.0015227135877734,0.0009216218449021,0.3372848594227176,0.0303878042254799,0.2783997723877361,0.214265560415426
10555459,0.004558281842525242,0.03949828602443552,0.09210339393655144,0.015326568437580006,0.01154631332590595,0.3430490510094391,0.022203457174944045,0.29265741905875303,0.17905722918986575
10555968,0.053944378422575656,0.035301268824093034,0.07617057227547286,0.19433679859464273,0.06388049096536894,0.15740611614440214,0.004233255114978174,0.22807330703072706,0.18665381262773945
10556692,0.006783757252571,0.0033511894925805,0.1223963980224286,0.0093938487256295,0.0011354896092589,0.1464993059635443,0.0196007310208586,0.28850852659726,0.4023307533158681
10557065,0.000163254982295,0.0064938384943928,0.1019123324557505,0.0007560210614977,0.0010520111797647,0.5895474360589721,0.0032928020636654,0.2888092824051667,0.0079730212984948
10557235,0.0011655160971997,0.0140016164974335,0.1261808284253591,0.0326147546265382,0.0065031332556688,0.4909365637659046,0.0035360205182439,0.3041959630131777,0.0208656038004742
10557310,0.004938505135293242,0.04985249589357863,0.07670951222832782,0.013534938609305283,0.029489172398767294,0.3215857229948213,0.005055657142594346,0.18510141324307655,0.3137325823542355
10557603,0.0008976248299203,0.0101530261494937,0.1108657906333181,0.0027516184061822,0.0018530060070605,0.4323144853845996,0.0181670627553499,0.2868586708484759,0.1361387149855995
10557649,0.0006062284683,0.0068022976321651,0.1491200058378385,0.0034642460574638,0.0033837220648311,0.5052558238942554,0.0063367626317528,0.2909351777694127,0.0340957356439805
10559369,0.0008974322738535,0.0045195756740887,0.1157158141184219,0.0006260008125494,0.0006438559581483,0.5402810705849651,0.0057913087801833,0.2780266223756642,0.0534983194221251
10559516,0.0014286537054307,0.009993003390236,0.102605637525316,0.0035929793503426,0.0050577930778006,0.496294306116992,0.0198276230086595,0.2939633658472581,0.0672366379779642
10559765,0.0008791324408154,0.0238855897884738,0.1036174303026034,0.0026341854741294,0.0016861765280953,0.493808384737794,0.0197039651970997,0.2883246597208956,0.0654604758100931
10559904,0.0022460730289662,0.0098023636009382,0.1104221354145143,0.0030744515236223,0.0020230133278548,0.4390559217735162,0.0283508006405002,0.2923916478323581,0.1126335928577291
10561136,0.001951870895504,0.0087288257758743,0.1244272929592057,0.00175002922976,0.0015271956826649,0.4497202118307669,0.0039439977426717,0.2814734827556054,0.1264770931279468
10561583,0.0067528258313265,0.0037668178286533,0.1041507301303996,0.0015680266783819,0.0011824587087048,0.4332307598242613,0.0781781086556298,0.2984820850401243,0.0726881873025182
10561870,0.0004421626381528,0.0040912839310926,0.103383727357915,0.0008259797133533,0.0009702604206198,0.4733565130981993,0.104858532869913,0.2921804910914699,0.019891048879284
10562711,0.005722205569063671,0.08593202585530822,0.09341096829755746,0.06422731973137612,0.09412432947460925,0.29706010296806684,0.008589959357975959,0.19163241686808125,0.15930067187796118
10566953,0.0009970433260149,0.0067011233101342,0.1063483193223633,0.002924322288115,0.003179081132435,0.403524969408653,0.175603295643164,0.2887168529451461,0.0120049926239741
10567563,0.0136378891471684,0.0362588716734353,0.1171203081086138,0.0041379540861514,0.019132392436197,0.3939742595017011,0.0230235754529687,0.2833405147582793,0.1093742348354846
10568512,0.0038796678170265,0.001214796100101,0.1158435197717853,0.0018527489459542,0.0010745429568762,0.2232635659221011,0.3168044371709932,0.2787903284359908,0.0572763928791713
10569249,0.0006384702315934,0.0009507131780476,0.1040017060031392,0.0009070877372271,0.0006257695788902,0.4465218870393145,0.1025488130650961,0.2925005636748988,0.0513049894917928
10569900,0.004527154991920325,0.14230367084886955,0.08651011088802252,0.058178612424419775,0.38586408752255436,0.07554058158873851,0.010972050997488896,0.18424922869286214,0.05185450204512384
10569996,0.0008933126103033,0.0012457564025745,0.1132384005337488,0.0016634294416427,0.000531658954538,0.3999077730484431,0.1802100678964706,0.2794013950409668,0.0229082060713119
10570047,0.0004765219551976,0.0027449290687139,0.1082197133227388,0.0016056324656762,0.0010000704041255,0.5037624839453863,0.0762836404776945,0.2931232771457503,0.0127837312147167
10570186,0.0023435791940387,0.0039082298425031,0.1083687853342915,0.0045215789733942,0.003874124575731,0.4236309568172115,0.0435889040750277,0.2946204262922098,0.1151434148955921
10570190,0.0004208856068274,0.0018738446497647,0.1131885262461284,0.0015400161066802,0.0011329628077195,0.3975132766368574,0.1782965829230405,0.2922035983028041,0.0138303067201774
10570281,0.0006892766976494,0.001766692455093,0.1090533285367641,0.0013110264101256,0.0009668694369005,0.4132786604376091,0.136928635260398,0.2905092101296095,0.0454963006358503
10570444,0.29678262252525595,0.008531755777184303,0.07803695777533458,0.016628829611947088,0.007939395929995496,0.26126282247860033,0.03216641512453145,0.18723706522211186,0.11141413555503878
10570516,0.0019480531740178,0.0052842981602867,0.1075061598412646,0.0018138782941428,0.0019733400657264,0.4582275565164723,0.0152809004339096,0.2934785311196162,0.1144872823945633
10570563,0.005386689498967,0.0012467401788131,0.1127141270734563,0.0015792420769487,0.0005823396712363,0.3018975960976611,0.1598906224377883,0.2951537115185298,0.121548931446599
10570908,0.008956475119490466,0.0035289210235423286,0.061495885476309686,0.0041904269103091715,0.002615681036683685,0.41905857237810534,0.2519895221926753,0.186262265496404,0.06190225036647979
10570962,0.0027244401978803,0.0095010012641203,0.1225791451487251,0.0046741252946923,0.0025386241291078,0.339922234806252,0.0200046802112789,0.3268685995764809,0.1711871493714619
10571126,0.017757455738819657,0.0045023392862091555,0.07727749002222477,0.00265355028862167,0.001735615106309948,0.4096482808439906,0.09109747590894117,0.1748224700466966,0.22050532275818643
10571129,0.0573266474533548,0.0047106477576216,0.1118809969650505,0.0130233227485942,0.0019949195794171,0.4425634701499662,0.005164441020913,0.2991979582339042,0.0641375960911781
10571130,0.0106928040548203,0.0042716536784396,0.1162380433391337,0.0230882755600467,0.0032701950497272,0.2652195333264197,0.0036115511027314,0.2957848281738121,0.2778231157148689
10571150,0.0035732490462298,0.0039887321435386,0.1059756599922869,0.0020812744686562,0.001578901769982,0.4713346103934026,0.0107167528778873,0.2959426977000965,0.1048081216079198
10571157,0.02801973474847976,0.0033543961069524043,0.07684129062699487,0.003404226872182861,0.0016252230849229362,0.25691510436784487,0.34640023049704,0.1744235211870237,0.10901627250855861
10571249,0.0013536200917401,0.0009584474365461,0.1009964239426598,0.0007174777292069,0.0005286620830535,0.4252309370971586,0.1207476358453283,0.2978661568853998,0.0516006388889064
10571563,0.001246173730025,0.0638676240486393,0.1090411358383378,0.0031286034768568,0.0065604908076092,0.4046501351911404,0.0095761855718906,0.2753648132034375,0.1265648381320631
10571600,0.0014606711306497,0.0039972689717637,0.1175700469245247,0.001773663972943,0.0013561802828964,0.5137594685315524,0.0165832686647161,0.2818753940435878,0.0616240374773657
10573894,0.0036948942533107,0.0044034458326213,0.1090466086388131,0.0064111749287566,0.0016779343945916,0.4912305634443655,0.0141265702216428,0.3005932280643185,0.0688155802215795
10574347,0.008815766116953,0.0047821210254102,0.113825031383413,0.0045379075168196,0.0017184894774303,0.463383907276003,0.0477523746535263,0.2911809253154427,0.0640034772350017
10574370,0.014230603705474,0.0029784292446131,0.1088910094186563,0.0050669563025122,0.0016119100680864,0.356516671180735,0.0484161870896068,0.2973652977970041,0.1649229351933119
10574372,0.0033622952907681,0.0017997851317522,0.1094805656899591,0.000816070831361,0.0005547959378905,0.3156810050398213,0.1926310769556374,0.2900750634052095,0.0855993417176005
10574408,0.0052243643358678,0.006275411364121,0.1159629278590846,0.0278547575509183,0.0049744366894316,0.423701486672784,0.0027890176106528,0.2943961952869869,0.1188214026301525
10574430,0.0005313839350576,0.0013344107081387,0.1070945895925399,0.001468591173607,0.0004735409578334,0.5137380551471921,0.0076881340432628,0.29496077837118,0.0727105160711882
10574439,0.0060849091644114,0.0019403913805481,0.1031866615381718,0.0035442786811004,0.0009654705691149,0.5008095282260504,0.0189830796343535,0.2977867782041646,0.0666989026020846
10574456,0.002846071787061,0.0021323762022093,0.1080851617404506,0.0019741192403644,0.0009886341710503,0.3652374018777458,0.0055673708336505,0.2919834028147616,0.2211854613327063
10576038,0.0808152342212556,0.0054219855824574,0.1064988989113772,0.004325834501799,0.0062551261364565,0.4290260555669205,0.0126840583285464,0.2958762781510509,0.059096528600136
10576770,0.004473924512918,0.0037095904277299,0.1193074166360727,0.0146783910648692,0.0012409915066165,0.4401300111987766,0.0188674191031693,0.2915396010344209,0.1060526545154264
10577118,0.0013605187217227,0.0026718516509736,0.0971417830249266,0.0014185065115273,0.0010958354705921,0.5618724543499455,0.0201380155902477,0.288702875409996,0.0255981592700681
10577354,0.0022363001618242,0.0010634006074342,0.105531274548121,0.0006315942733861,0.000545449877233,0.4234182193737441,0.1085804477593194,0.2896859175476333,0.0683073958513044
10577622,0.0005849095439199,0.0023034072769215,0.0991414453704642,0.0017609552039457,0.0008867184105882,0.4709822593198419,0.0870225950792503,0.2885418352873954,0.0487758745076725
10577723,0.0021186009245205,0.001845499810443,0.1042876190008372,0.0017159162118095,0.0008944125502562,0.492555886513064,0.0754698307754146,0.2875565158121584,0.0335557184014962
10578130,0.0910697635822822,0.0106020985863908,0.1238651819183823,0.0148393027961104,0.0096624108125092,0.305064801988913,0.0247391542196795,0.2868670279741428,0.1332902581215896
10578295,0.0017113327721984,0.0039238311090468,0.1140051524639871,0.0059427198609581,0.0022431376340298,0.3862792593712484,0.1426086933141977,0.2818480263194419,0.0614378471548914
10579132,0.0004755126521287,0.0019199428164628,0.1076685647703815,0.0009623224045812,0.000503815909221,0.3541911741276417,0.2438997587401472,0.2794266709556525,0.010952237623783
10579372,0.0008971436838863,0.003706683541184,0.1159828536528517,0.0018040159726073,0.0024948609871515,0.4077695138206264,0.1603778049667834,0.2816555801455139,0.0253115432293951
10579452,0.0008638799174821,0.0049906225471005,0.1418802416402408,0.009675936210651,0.0125496952433283,0.524170075132704,0.0131699317866949,0.2782557148946268,0.0144439026271714
10579754,0.0007078188517733,0.0034608802237075,0.1481734652639656,0.0058346545560474,0.0255789549977231,0.4928323829312179,0.0103316206733277,0.2914719955036637,0.0216082269985735
10580098,0.0022558944629228,0.00423414766845,0.1079852933686208,0.001668973097428,0.0015802663647101,0.3463597486930674,0.2337278542870867,0.2914640572617027,0.0107237647960111
10580150,0.0006502751406076,0.0021024616519571,0.1366584413770149,0.0034791840675387,0.0020154098476967,0.461374198018682,0.0775462270667957,0.283072445705784,0.033101357123923
10580642,0.0017406098965931,0.0023343995719517,0.1011752470164161,0.0025490980247083,0.0011437041183772,0.4939188441328145,0.0071503050916614,0.297846426880638,0.0921413652668393
10580740,0.008095868459283333,0.003449765582085119,0.07470183725563374,0.0019451870134949585,0.0014619276441897935,0.39854522733148945,0.23781040483477175,0.17632950646334092,0.09766027541571085
10580745,0.004147129780409908,0.0032216760930986253,0.07399750266767396,0.0017264948897962413,0.001181371705629983,0.38891026724922534,0.2507964521907197,0.17846436424863377,0.09755474117481253
10580771,0.0268344835927012,0.0027233353311702,0.1078765793166959,0.0101421981320365,0.0012751526109453,0.4154425032020755,0.0262096429750762,0.3065491911883131,0.1029469136509858
10580995,0.0026280923923477,0.0074960316529931,0.1130529381191526,0.0039627979908393,0.0012498882469079,0.3616251575083724,0.0842107309306531,0.2872284530155169,0.1385459101432168
10581310,0.000944279208559,0.0042771993452902,0.1093798269158082,0.0017531940336779,0.0008623129533689,0.3437518451986406,0.2057130031196623,0.2870293073025449,0.0462890319224477
10581368,0.013395601590346,0.0154095696608135,0.135586148725408,0.0837627363403886,0.0086929662734012,0.3188862840505499,0.0045199513602577,0.2933222059007672,0.1264245360980676
10582173,0.0052996068237146,0.0051409468513834,0.1117357480138063,0.0046969442653756,0.0015153077858786,0.5024371607307573,0.0089064559367313,0.2826034082647118,0.0776644213276409
10582418,0.2731867098031459,0.008030255974368957,0.07119265288163992,0.005732237462823447,0.014540785597813946,0.3645787366583561,0.031220589018832564,0.1735180869260583,0.057999945676960755
10583009,0.0005643648828688,0.0019505862222327,0.1107075768941871,0.0009200093236184,0.001398966912501,0.3350835689168349,0.2547673732613967,0.2885806313597116,0.0060269222266485
10583434,0.0024193354199792,0.0270425705352663,0.1090272083825336,0.0720709895169568,0.001799185091823,0.3908407183794563,0.0166017453397255,0.2819801639225363,0.0982180834117227
10583521,0.0002728169462958,0.0003609404358103,0.1171888672281701,0.0005628485885201,0.0004073496176486,0.137187427188455,0.4509776880866817,0.2766167450404018,0.0164253168680163
10584210,0.0006033520952257,0.0020243165101391,0.1108721786326031,0.0011375693826909,0.0005757165218173,0.3716231377165145,0.1930975158335937,0.2808899393173292,0.0391762739900861
10584222,0.0009026205139224,0.000929387320056,0.1152167023715236,0.0005509955109605,0.0002889863175656,0.4272882314135032,0.1608202239875338,0.2783274210801622,0.0156754314847724
10584314,0.0056313761717445,0.0012014302234239,0.119038484105782,0.0013541953034458,0.0005722863485447,0.1211354096007359,0.1143267574437875,0.2819731729987292,0.3547668878038063
10584430,0.008300070215846816,0.0031494805543069325,0.070671584291829,0.0018485417004817622,0.001395871530647345,0.36441132338361887,0.31397139427041165,0.16954044827111725,0.06671128578174032
10584519,0.0020381967776985,0.0121321964298894,0.1031030436780122,0.0048640796614783,0.0018786804168265,0.3708043270492496,0.1653581552279732,0.2906752999310084,0.0491460208278637
10584820,0.0009912279960896,0.04497609160597,0.1066340066343093,0.0015091117018253,0.0097195077513902,0.5044806596396763,0.0114660580723729,0.2851075920802767,0.0351157445180894
10585136,0.0009322002047135,0.0178942810133292,0.1063918927044846,0.0195040701980837,0.0013911541248422,0.5473604101918333,0.00611603139076,0.2872635358397101,0.0131464243322429
10586849,0.0011961781162976,0.0053369524908947,0.1143912562566867,0.0073614789243647,0.0031814926238591,0.4774567668445394,0.082157723073013,0.2884050538795331,0.0205130977908114
10587734,0.0146308490206129,0.0052663968049951,0.1009582664015138,0.0031530472190069,0.0031417132452171,0.3898518651971802,0.1547212502217792,0.2981931953152624,0.0300834165744321
10587840,0.0018253994534668,0.0025960580993251,0.1298476003430668,0.0032455482860222,0.0008285573091909,0.4754630652823659,0.081965230558182,0.2826907026826485,0.0215378379857313
10588529,0.0031537532557885,0.0001423695255954,0.106735987872084,0.0002055670505914,9.697232844666664e-05,0.010617466142687,0.5776981492743827,0.2804417683302084,0.0209079662202155
10588664,0.0030328243555605,0.0004020989718481,0.1248040988814704,0.0003459222034817,0.0002489757144295,0.0363804173117499,0.4000404457217412,0.2789536991962422,0.1557915176434761
10588792,0.02018113573221706,0.001545779552984646,0.06750784346817745,0.0013042106042441104,0.000987541450407135,0.035060561725235945,0.3334672205647884,0.17708574463648358,0.3628599622654618
10589349,0.0017072134579038,0.0047116507612826,0.109829551608383,0.0015492454969502,0.0013893509831265,0.1224764174041225,0.124309290239311,0.292529989927979,0.3414972901209409
10589410,0.17092959587891973,0.004739650087210462,0.08412748137551534,0.010229350935643875,0.004702467055967975,0.29151016984159317,0.06308752312569058,0.1937745151447946,0.17689924655466424
10589411,0.0095904986332046,0.0008435656994155,0.1038016595703879,0.0013446332004639,0.001289094715735,0.2530265549262377,0.0288692725242886,0.2964517524718293,0.3047829682584372
10589472,0.0237913974174843,0.0024542277228155,0.1116518980466354,0.0026749786094065,0.0024948297449783,0.1049038951472015,0.0634771200275429,0.2954836184571592,0.393068034826776
10589485,0.0504333934373194,0.0018983206203696,0.1128702416335253,0.0033191251753177,0.0024394169115602,0.1402399784960644,0.0181333017399361,0.2967764627133244,0.3738897592725826
10589763,0.0008847744792047,0.0297875914097281,0.1115137762556583,0.023659967778593,0.0029904895802224,0.5211036440091487,0.0154544844093175,0.282588562441501,0.012016709636626
10590733,0.0030074214106296,0.0105210311652018,0.1285866107283038,0.1003515907375175,0.0033730413034859,0.4445627790607996,0.0034957252021247,0.2981963646514212,0.0079054357405157
10592587,0.227826137207694,0.00961513943027074,0.07131508692701215,0.007957707349903342,0.01629617144961738,0.394159483180275,0.014071949577812244,0.18361016184360562,0.07514816303380949
10592944,0.00140309833568,0.0157139153881501,0.1494752873011212,0.0251417403573928,0.0234636641609117,0.4609455223461404,0.0182419616822402,0.2816520850872134,0.0239627253411499
10595034,0.0031088039795094,0.0179048919963238,0.1123246862354603,0.0040692011311032,0.0180207909281514,0.4857667006337985,0.007463731820631,0.2926985774516832,0.0586426158233388
10596119,0.0002788165822365,0.0021408034690626,0.105488366125528,0.0002756975465539,0.0004667707781141,0.5612140012811071,0.0179878475504065,0.2889210897300169,0.023226606936974
10599481,0.0003870966682752,0.0007491980424335,0.0986492553922389,0.0005297296481019,0.0005553257945581,0.4024974310735236,0.204339775054736,0.2851232543765934,0.007168933949539
10599552,0.12938818185427273,0.0038829462544277935,0.08199511502720644,0.0040736133649122135,0.002170292771144881,0.3748056826134452,0.07065185294911601,0.17262909964201878,0.16040321552345588
10599609,0.047115389992983175,0.002972878548547252,0.08651366295850553,0.0026875752582846326,0.001684358220753519,0.11417700756850993,0.24309260923507647,0.1719532571778054,0.3298032610395341
10599643,0.005719631699307432,0.0026332070304179696,0.07476071803460234,0.0016039078242574027,0.0014392919610577333,0.47127793213450325,0.23354901280221776,0.1693947646307995,0.039621533882836506
10599718,0.0371687748403743,0.0040338786771862,0.1203244577173749,0.0065874775020957,0.0030222583472159,0.434229517874779,0.0270700831916712,0.2910546033246739,0.0765089485246286
10599755,0.0030112403425426,0.001416813318254,0.1072330496632612,0.003958606384062,0.0007639379073945,0.4880432567195109,0.0520150055444876,0.3007596214231212,0.0427984686973658
10599776,0.0010250405750455,0.0004890549869799,0.1115277084312525,0.0015305090568971,0.000298419788471,0.5329186346647423,0.0186962835453136,0.2993355699796985,0.0341787789715992
10599823,0.0019449687986315,0.003262573132427,0.1099282919282679,0.0043720917134293,0.0017759860638384,0.4317897997337327,0.1123193207590678,0.2882141071391931,0.046392860731412
10599926,0.0041335043429382,0.0009144443321475,0.1163581788229546,0.001065202084033,0.0006460235115254,0.5013260377604225,0.0279901997896814,0.2838049205138407,0.0637614888424565
10600363,0.0019179317672544,0.0013507220040691,0.1119126100586151,0.0042252029861497,0.0009205912126437,0.5511305974974833,0.0127398781070906,0.2984089396226032,0.0173935267440907
10600655,0.2810064241557159,0.013124749007267877,0.07699451410713923,0.015960351116290218,0.005745130685173437,0.2117966642259425,0.023186742510178007,0.23379930388681935,0.1383861203054735
10600700,0.06127462440635378,0.0048113857958669405,0.07403015867559239,0.011360681263785607,0.0038448321974189465,0.26471450849370987,0.19721130076913806,0.19042719768848484,0.19232531070964967
10600716,0.024764428782388024,0.0038239001242737353,0.0856008625313439,0.005630278467537051,0.0020363020687702597,0.4121435877869385,0.14649725648162223,0.18205157094042992,0.13745181281669652
10600717,0.028482109945377348,0.00948963740443336,0.07955414781613777,0.005580738893620252,0.0028733362851260124,0.35538644717775775,0.05632473936717128,0.19508966385718682,0.26721917925318933
10600746,0.01640407042206599,0.0026054358166328925,0.07329951521307104,0.00278497284304543,0.0014997526926795036,0.34573306308342777,0.2480992705440968,0.1828858613202591,0.12668805806472147
10602334,0.000469464546205,0.0003735400424163,0.1085565292689767,0.0004835125242799,0.0003510164649814,0.2196969756281275,0.3820343775087002,0.2801885537533711,0.0078460302629416
