track_id,Clutter,Cormorants,Pigeons,Ducks,Geese,Gulls,Birds of Prey,Waders,Songbirds
6868504,0.01488231212915518,0.017606389734832615,0.16168810698976557,0.069991444714043,0.3802585552341398,0.0460548378050835,0.0009483407647595258,0.2891933142140713,0.019376698414149483
6868536,0.018301950920273993,0.05546105232149962,0.18153226369343442,0.05125194433186705,0.23731489206443884,0.08509624557537775,0.0014299883228973667,0.3106327183602468,0.05897894440996413
6868565,0.0079184111385233,0.0237961288199582,0.1500055083853188,0.0333009138176761,0.4327687862046471,0.0343869246537658,0.000937935389317,0.3010485809382098,0.0158368106525836
6868861,0.0001677371366103,0.0252077119678817,0.126271101483185,0.0033704734979002,0.5512259796874805,0.0018288353373389,5.365171976838008e-05,0.2913880664863411,0.0004864426834936
6869275,9.026908614339014e-05,0.0310025001224185,0.1206772819320858,0.0051605260509393,0.542485208485454,0.0031101567983822,7.016662830798101e-05,0.2964444556057137,0.0009594352905549
6871418,0.0023246852120186574,0.06403085665869311,0.27175378663998384,0.07956688495992308,0.10853129835486838,0.12108393914488179,0.002491357096966576,0.3161924337497523,0.03402475818291237
6872996,0.18026756948781414,0.0023833966978894622,0.10998517348203887,0.0015981686570265483,0.0217730737558447,0.3078977770429527,0.035033739986872585,0.27739019160614353,0.06367090928341752
6873817,0.00920734189887089,0.021647764168897368,0.08888595437356148,0.013022802680976966,0.1874032933194453,0.2826428099349924,0.002917827682558402,0.3307358871289676,0.06353631881172968
6874023,0.0003666253335925,0.0111088599720789,0.1235155150516853,0.0027501764642693,0.0045144865981763,0.5494293913125745,0.0025798957606354,0.2977291329287063,0.0080059165782812
6875504,0.0004971257410836,0.01344151969001,0.1133380438744873,0.0015934653416246,0.0024901067186744,0.4315968643348304,0.0314383194998084,0.2814530424285872,0.1241515123708935
6875899,0.0011028750992041,0.006414741062532,0.1118177070365484,0.0034293019416155,0.0068898112008496,0.4230291826408965,0.1043443848121047,0.2840948816491321,0.0588771145571167
6877293,0.0039011823484965,0.0049951242703659,0.128081879746639,0.0078516200965958,0.0027735912182422,0.0180400150598862,0.003427853682894,0.2989855916303176,0.5319431419465624
6880408,0.0021562191355816,0.0206365769529839,0.1148903196421005,0.0102943941862304,0.0083249757138719,0.4150926499591817,0.0247179468356282,0.2924730107886234,0.1114139067857982
6880690,0.0004686336529077046,0.008042215748863067,0.14712674696776862,0.004582675220991808,0.0018942681887174797,0.36518439446835116,0.010705538731579922,0.27291901957434805,0.18907650744647214
6880833,0.0009274713438047,0.0007958432892496,0.1212024563009447,0.0007855553559015,0.0006727825059058,0.0209911721063161,0.1336558159586156,0.2841338050336665,0.436835098105595
6880956,0.0001837962689174,0.0058893535527096,0.1115104794626563,0.001322892947302,0.0032975701802267,0.5899807196580622,0.0055773559982482,0.2785428828027945,0.0036949491290829
6881733,0.0004610227808827,0.0002710758919294,0.1110549309378989,0.0001867054295022,0.0002929951170713,0.0202168774581383,0.5844980292541156,0.2788411297577173,0.0041772333727436
6885154,0.0191542992274219,0.0057143766543917,0.1188145414829518,0.0062897813931123,0.0061718963549431,0.4243187136858053,0.0255514474088706,0.2919163130797073,0.1020686307127955
6887294,0.0010859203798344662,0.0040798999880640825,0.1257649882186947,0.0006436109388162552,0.0024692375195892705,0.2069597504899402,0.003896086992631841,0.28229471693619645,0.37280578853623275
6887586,0.004385802879289315,0.0013409865587273619,0.1347130589515239,0.004572006836687922,0.0017442000846490905,0.19889887299747447,0.006508218186186454,0.28096813729960607,0.3668687162058554
6887600,0.0012200794843178,0.0010659142536688,0.1473129586242755,0.0009644236527837,0.0004083788168291,0.0299976540160144,0.0029505079005965,0.2831678593662805,0.5329122238852334
6887637,0.0060120896806345,0.04223982455001902,0.13217366755841825,0.024243238706441735,0.0404511618126376,0.18602755181382197,0.011715186483824172,0.28035036163712757,0.27678691775707515
6887702,0.0152370763649963,0.0010685058893818,0.1334588703922537,0.001428760018765,0.0009069010083768,0.0477013537746377,0.053175352523789,0.2855349933007377,0.4614881867270616
6888243,0.0016146237707575,0.0200962964618208,0.1406358069984192,0.0029462329602008,0.0087778588594594,0.1025161505887989,0.0066938005019189,0.2807421465122499,0.4359770833463742
6888737,0.0009194660581362098,0.01823728635026108,0.1749170244821332,0.010386171780502544,0.007080357720366521,0.09963993832973354,0.007165294373158325,0.27268240920053016,0.4089720517051783
6889024,0.0073290489231285,0.0006151247414039,0.1287051876386498,0.0014334202209093,0.000550630601809,0.0249194893660339,0.1364795047467749,0.2796720407451575,0.4202955530161327
6890285,0.002461557494244131,0.02122982183882594,0.10031697452846364,0.0025750189977147174,0.001725764693232273,0.2678000830230701,0.27120509092539447,0.2694264332828601,0.06325925521619466
6890416,0.0030787888855396887,0.01936160082271548,0.12934394159102244,0.003075618657698224,0.0032112539304401523,0.1708655415972258,0.045079724111041164,0.2774733149095076,0.3485102154948095
6890579,0.0012080128809228,0.0005935907468805,0.1396660560465965,0.0012124455927577,0.000365665020558,0.0220183731555301,0.0513019026836818,0.2786407320605635,0.5049932218125088
6890917,0.0033940026251190383,0.0017218699936025258,0.1146554063180147,0.001223254417852919,0.0006711955492580833,0.046406395687166785,0.39104045622815825,0.26574752344127667,0.17513989573955105
6891091,0.0050268884180439,0.0031101977245898,0.1715282491091851,0.0210035303785529,0.0105902059777101,0.0557628796283901,0.0043124351153104,0.2970803719723606,0.4315852416758566
6891208,0.0005297076090965,0.0005372874824257,0.1453065035132819,0.0002567212922325,0.0002704281873349,0.0230453767826399,0.0329891887746734,0.2737852539263438,0.5232795324319711
6891245,0.0016002957378365077,0.0021145595320951447,0.10497375265103354,0.0008303874214656946,0.0009645066227207907,0.09584979671309168,0.1590023613605345,0.2606540197307723,0.3740103202304499
6891309,0.0003763435159597,0.0015707259855864,0.1178563572976404,0.0006988454791515,0.0005892050900149,0.0332427395655521,0.0428963620238587,0.2821872423486674,0.5205821786935685
6891366,0.0053464266820085,0.0005380303604922,0.119497102169353,0.00039793157006,0.0003958511701788,0.0149064241312752,0.1198439672962154,0.2798482744103087,0.4592259922101079
6891473,0.0032824413790985604,0.002570683155640138,0.14304069681372594,0.003343231166197665,0.0019941842922545604,0.1650836379749792,0.012768639157997048,0.2731009752408345,0.3948155108192724
6891484,0.0002251943841201,0.0001879275687917,0.1216689548433687,0.0001281800797446,9.463130602069618e-05,0.0028475036237851,0.0070465978881454,0.2919729352930579,0.5758280750129655
6891531,0.0018538989829512552,0.003667907568296079,0.10663773586447486,0.0016958723155328977,0.0009868434502038222,0.11268582131708621,0.2207797500401762,0.2632080781560905,0.28848409230518823
6891557,0.0010745262422071,0.0020042678462639,0.1556873943341549,0.0008369713157675,0.0004293748656812,0.0139960409587534,0.0079119562375844,0.2890296951786003,0.5290297730209869
6891579,0.0011287298661481,0.0017967016394736,0.1407594162101916,0.0014852727189414,0.001270731793895,0.0364752046538584,0.1122516461664548,0.2781538848371551,0.4266784121138817
6891867,0.0089790512583063,0.0012600438999248,0.1180813741255989,0.0022303553259028,0.0008724154263321,0.045479100887184,0.4670587570725129,0.2828871689848543,0.0731517330193836
6891888,0.0057223420714711,0.0007306522646722,0.1162462086676874,0.0040184915222045,0.0007094725901243,0.0192218520490803,0.0138922889289311,0.3064585461548548,0.533000145750974
6892297,0.00417715013058266,0.0003490071756506999,0.10436546704219299,0.00041602950472157876,0.0002482952732223959,0.01563666447139574,0.3608458839053929,0.26267696997652795,0.25128453252031313
6892562,0.002043212269468141,0.0016616985478939581,0.1190773569343915,0.001475161909085043,0.0006925400619774429,0.027574931630636533,0.3710675165499996,0.2646561091428206,0.2117514729537273
6892587,0.0023023080207394664,0.0006927231786172502,0.10825005022957158,0.0008123800178357962,0.0004963993181880201,0.07923235139392461,0.2709585143124577,0.26963252712404956,0.2676227464046159
6894293,0.0014830716134587923,0.3087963247233245,0.13553906214324973,0.0209120011108637,0.12812225996759183,0.0919196841710133,0.0013093120100882089,0.2921042908616707,0.019813993398739193
6895609,0.0009602970392672,0.0032365680300886,0.1677650377635732,0.0116392514335001,0.0017859614058962,0.0210772897896403,0.0038462528163161,0.3042721163832625,0.4854172253384554
6895723,0.0012829113018237,0.0008435559420122,0.1164136743945893,0.0005769639554057,0.0009208360588263,0.5104691001695099,0.0553648073480865,0.2876738466650428,0.0264543041647034
6895905,0.0005399261219343,0.0013188769928301,0.1306030511363126,0.000575337703492,0.0011190781889191,0.407755033394823,0.1110082957509854,0.2859489215106187,0.0611314792000844
6895906,0.0009255936685506,0.0010380052260818,0.1415268379197188,0.000560199589375,0.0008977546177598,0.4381905786641445,0.0559033706263757,0.2865011520828539,0.0744565076051395
6895927,0.0021502103861624,0.0027286516387913,0.1225472877670315,0.001739492427568,0.0027733094701432,0.4135194162476294,0.0996881823323032,0.2922041844038067,0.0626492653265641
6895938,0.0004747131511783285,0.0019833382474944788,0.11943248000192408,0.00045937427301453115,0.0014150524614505084,0.42228164658169215,0.1233986178123812,0.2694170674447589,0.06113771002610579
6895939,0.0008047291426171,0.0019600082434067,0.1259323657226745,0.0006500521258801,0.0018307750639691,0.500299689444845,0.0284676140166485,0.281771309079917,0.0582834571600417
6895948,0.0007009930959586,0.0019058332956854,0.1203913172142974,0.0005709530530279,0.0020394451475195,0.4262774493194139,0.0705771223793968,0.2851535185554044,0.0923833679392958
6895973,0.0010842654790702,0.0010317362800853,0.1331421542259816,0.0008042826242359,0.0009681563494074,0.4158832791241299,0.0678221544187434,0.2912232359861995,0.0880407355121465
6895974,0.0006833318507928,0.0008779260940293,0.1275526935925365,0.0006100301013148,0.0010304417011317,0.4035052730254075,0.1080184946499874,0.2793370413060154,0.0783847676787843
6896754,0.0012540844816336832,0.001554586603613353,0.10933385779050699,0.0006085130465034201,0.0006015761291259852,0.1469450592607499,0.07304641109779778,0.2646133879873362,0.4020425236027327
6897915,0.0019720211074436087,0.041342274136997044,0.16954897744415393,0.02056754487136122,0.022581479065788224,0.24729369789012345,0.016260789858720856,0.32408858321019396,0.15634463241521773
6897964,0.018765319487998366,0.019637299700252547,0.15136854267741323,0.011943804076005348,0.12058441909749162,0.11886375737427476,0.00910721445090314,0.29351935938039553,0.2562102837552654
6899282,0.000963140044674332,0.0005577106443605313,0.11179502436434974,0.00025891323104763,0.0002026370803545738,0.03892095186861939,0.3231688012024351,0.27314286071331856,0.2509899608508402
6899294,0.005386758900734547,0.0010679389235421926,0.10675244422249115,0.0020429041790928806,0.0006556152423836743,0.02656183577524727,0.22493442235418273,0.2634674415791699,0.36913063882315555
6899376,0.0018421745787472,0.0038291580979153,0.1250791583926718,0.0013131574583123,0.0012827937693185,0.0277274011822556,0.1424808314653651,0.2863248230228307,0.4101205020325832
6899506,0.001869833835334369,0.002476445442107179,0.10779913911621457,0.0004300940783701923,0.0005980536906292451,0.3369315976843532,0.15979706162936944,0.26716219719038686,0.12293557733323505
6899530,0.003248552437188,0.0005178289605262,0.1226244447541873,0.0050497552804151,0.000379934694317,0.0429027086599715,0.00148623205118,0.3031708922074657,0.5206196509547489
6899560,0.006352722254159682,0.002159326608948979,0.11360315349240682,0.00408682103532532,0.0008291152594430971,0.1437188304515614,0.022715539665133434,0.2832671212914823,0.4232673699415391
6899670,0.0017263161330936,0.0002509926972051,0.10095147308131,0.0001856424523184,0.0002931808367874,0.0672256331708541,0.0073637684264716,0.3011924058798408,0.5208105873221187
6899695,0.0004399508595332,0.0002018684050993,0.1077028383938806,0.000161066365442,0.0002935981352212,0.020255377931828,0.0014131902462161,0.3000225949156723,0.5695095147471069
6899730,0.0021535703144319,0.0014791999056071,0.1245628195337144,0.0015802632095532,0.001110238623953,0.1199061482360865,0.0422463598270753,0.2860475321297178,0.4209138682198604
6899754,0.0058102657424615,0.001226450220798,0.1256985374192902,0.0054647597694572,0.0011021993137853,0.0459663801931694,0.0012468474627457,0.3034767037504584,0.5100078561278341
6901206,0.0010961125516824038,0.010631108371367798,0.1117510625795123,0.0021147985705966318,0.0031763464362999116,0.21642834824228877,0.14886907773628402,0.2787414634121295,0.22719168209983878
6902131,0.0004071427946232,0.0028696869848068,0.1073193684004913,0.0011000667546369,0.002144142836063,0.4865904173066736,0.1127792323985916,0.2806278203093326,0.0061621222147806
6902271,0.002498803066360228,0.0243498612439213,0.1522563352180481,0.006399250053367472,0.023447118012264755,0.20401383296042894,0.0025963647788458436,0.29101511101580324,0.29342332365096
6904326,0.0082963009471503,0.000212094225664,0.106540259200544,0.0003442498395373,0.0001144461880958,0.0068007481530135,0.0059041458298869,0.2970823838367358,0.574705371779372
6908023,0.0007871944203424,0.0119993245066449,0.126552304260756,0.069077667303491,0.0133372308086066,0.4579538764991847,0.0033997751619344,0.3063937166428066,0.010498910396233
6908625,0.0007263888794546827,0.002288382194029464,0.11021491020750662,0.0009160564587796395,0.0008485322050737573,0.16059908818131516,0.33914355097946647,0.26141169771024236,0.12385139318413188
6909657,0.00095027021434,0.0005356234284258,0.1056456785687246,0.0004457043062783,0.0001757441560503,0.0114149510096201,0.1243441562818857,0.2906392909076871,0.4658485811269877
6909786,0.0034947026109405,0.0004365717951151,0.1115000661569796,0.0009424586982171,0.0002382789510726,0.0263012485287209,0.0218490434035919,0.2970249769114921,0.5382126529438697
6909952,0.0021505028441228,0.0009767741290118,0.1136620321169222,0.0009430559006458,0.0005518602965795,0.0156391491753841,0.1140614839865303,0.2832421740811277,0.4687729674696754
6910003,0.0017282713645908,0.0002369070967476,0.1190686143387109,0.0003487068812122,0.0001528060497397,0.007075081617719,0.0466603959312165,0.2842749400540146,0.5404542766660483
6910407,5.176206057085271e-05,0.0006803642114692,0.1148601218389742,0.0001795758752662,0.0003027664713496,0.5928726273130375,0.001123693531642,0.2885245922745313,0.0014044964231589
6910422,0.00521266444143615,0.000658021661563998,0.1077479784179438,0.0009676603588445945,0.00032173303123085036,0.03688856307433544,0.3219898973425945,0.27055466496354014,0.25565881670851043
6910425,0.0040139887110766,0.0001907640249043,0.1041564134476282,0.0002299536635954,8.421671336123449e-05,0.0047400563022707,0.0231577989549075,0.2914547889715368,0.5719720192107187
6910560,0.0031954762523259,0.0010593006890848,0.1281329340145656,0.0228484062487702,0.0012402296922161,0.0352525936154958,0.0066633732008855,0.3225311997408843,0.4790764865457713
6910590,0.0028743026859878,0.000220323472989,0.1119654294277992,0.0004114679007013,0.0001194379008922,0.004950829160332,0.0482057419968144,0.2852250938204704,0.5460273736340134
6912744,0.0001415930509955,0.0020734505125771,0.1002500265710266,0.0003614911487786,0.0012409281715457,0.5912834775497121,0.0025822894860178,0.2988004923296062,0.0032662511797401
6919118,0.0020814821948081266,0.005454978620020657,0.10479351703978367,0.0026473891014834085,0.0027904314751032145,0.36184893188533745,0.14661227052459616,0.2663736189064862,0.10739738025238119
6920152,0.0016880185026385364,0.007507658660136968,0.11712001470008827,0.0028184021013129635,0.0025188632976233757,0.3004373241301953,0.17084061883121932,0.276249903294277,0.12081919648250838
6925791,0.0006718582487847,0.0054419427750308,0.1240866339307187,0.0011523980165055,0.0010453785064778,0.5060122577254957,0.0448438889301576,0.2842159008684827,0.0325297409983461
6926246,0.0031228725992937,0.0008761004605125,0.1153637852937307,0.0003061318983927,0.0003235323585512,0.5291722173804952,0.0505445346042441,0.2778865039242733,0.0224043214805063
6928841,0.007952283404456,0.0107033491363997,0.2096605196221081,0.1861690089302272,0.0123219580516045,0.127843497334677,0.0048972671264539,0.3867974635524348,0.0536546528416385
6928933,0.000735606639498,0.0127372729666228,0.1155124910580565,0.0008827805246594,0.0018397241676193,0.5555145252567388,0.0174759316357547,0.2885055273382376,0.0067961404128124
6937241,0.0039805566921309,0.0009821202570945,0.1262075658287692,0.0014362572433772,0.0002459655991368,0.0156003055165932,0.0046080741454645,0.3071854093402758,0.5397537453771575
6938426,7.490831391342369e-05,0.0003875346668932,0.0993670320726958,0.0001632316268528,0.000208387793003,0.5990697400241248,0.0131087489132306,0.2862915415675555,0.0013288750217308
6938530,0.0001323363876576,0.0008941310957564,0.101822828367184,0.0001906661681873,0.0001859724396859,0.5881436742585116,0.0177125427895429,0.2890146226585835,0.0019032258348906
6938682,0.0003527704014608,0.0005315089733955,0.1122710140806123,0.0004057800534796,0.0002404162870136,0.0351062206669961,0.5321769436526783,0.2833279020606853,0.0355874438236781
6939166,4.3451506517727766e-05,0.0002338372225711,0.0981554228260785,0.0001053636874323,9.62115053457387e-05,0.6052530137199681,0.010451294709243,0.2844312573699712,0.0012301474528719
6939222,0.0003865240942909,0.0004077422300684,0.1078953127959331,0.0002575839339795,0.0001900888573997,0.0330732295236746,0.5650155445322392,0.2846699909691835,0.0081039830632309
6944591,0.01280983032866957,0.005404129736545628,0.09370210456016388,0.0007810310193391265,0.0009383441147432893,0.24498663272852816,0.2976273479331402,0.27598075930404614,0.06776982027482405
6947293,0.0002445965087933,0.0036782163483465,0.1134089519636401,0.0004690789443248,0.0007914277054541,0.5566249415096438,0.0062903730710861,0.2975895448594016,0.0209028690893094
6952804,0.0017713303529062491,0.007558033785312039,0.1873556943750906,0.0023420296743376055,0.004314818717348946,0.33349070533167874,0.020333050151033785,0.29265207497347534,0.1501822626388168
6975207,0.0001268417040495,0.0012516051207751,0.1189078145630387,0.0002687203561747,0.0002626503309447,0.5743225352161813,0.0020665793187744,0.2985315351709699,0.0042617182190913
6975472,0.000103793438153,0.0015670546806185,0.1230972772797411,0.0001967413017189,0.0002516865878845,0.5756732019026132,0.0027604414932452,0.2915220280626278,0.0048277752533974
6975490,5.997953224731661e-05,0.000316363777869,0.1082355538026092,5.556672405990816e-05,0.0001184941488582,0.583273580712632,0.0005645457999737,0.3038220344951678,0.0035538810065825
6976427,4.3334622600268055e-05,0.0001745626793346,0.0977401482518966,4.198308311367279e-05,6.979707865114583e-05,0.5875443048597118,0.0018129842601869,0.3075183301274777,0.0050545550370271
10551287,0.0009753666762948,0.0041031485812264,0.1169918062756322,0.005792304200741,0.0040544305631848,0.5385999728129297,0.0210269611268432,0.2873111349690287,0.0211448747941189
10554874,0.3382591213423622,0.011952936890470894,0.10686643857585292,0.0025046939449358996,0.008812647871300759,0.11480928977472162,0.08943469459171653,0.27065129163411344,0.0567088853745258
10555071,0.0014912582988873089,0.005588530742184757,0.12557680623310769,0.0014069539316511732,0.0007860076633109795,0.34546328365938817,0.030642904119310956,0.262952576997357,0.22609167835480196
10555459,0.0027174941555707316,0.041857619119020945,0.12454211717678372,0.011511970717149378,0.010937508970900327,0.33825231265945777,0.017826540779367985,0.32780501937354783,0.1245494170482013
10555968,0.03777712726559546,0.021339375781297017,0.12156721932129284,0.22137123039705212,0.030842505860761697,0.10581295300533639,0.002161926567602377,0.28832865704067895,0.1707990047603832
10556692,0.005859218800106433,0.0033474012279100774,0.11656972524460205,0.008634882616154737,0.0009668429050851678,0.1492971125655963,0.019771515537792664,0.27252348741482013,0.42302981368793247
10557065,0.000163254982295,0.0064938384943928,0.1019123324557505,0.0007560210614977,0.0010520111797647,0.5895474360589721,0.0032928020636654,0.2888092824051667,0.0079730212984948
10557235,0.0011655160971997,0.0140016164974335,0.1261808284253591,0.0326147546265382,0.0065031332556688,0.4909365637659046,0.0035360205182439,0.3041959630131777,0.0208656038004742
10557310,0.0011967951281006523,0.01415194389011658,0.11218403673743012,0.006534208247865782,0.014043704496651505,0.18650546137976068,0.0016434150934953164,0.26756581102769766,0.39617462399888176
10557603,0.0008976248299203,0.0101530261494937,0.1108657906333181,0.0027516184061822,0.0018530060070605,0.4323144853845996,0.0181670627553499,0.2868586708484759,0.1361387149855995
10557649,0.0006062284683,0.0068022976321651,0.1491200058378385,0.0034642460574638,0.0033837220648311,0.5052558238942554,0.0063367626317528,0.2909351777694127,0.0340957356439805
10559369,0.0008974322738535,0.0045195756740887,0.1157158141184219,0.0006260008125494,0.0006438559581483,0.5402810705849651,0.0057913087801833,0.2780266223756642,0.0534983194221251
10559516,0.0014286537054307,0.009993003390236,0.102605637525316,0.0035929793503426,0.0050577930778006,0.496294306116992,0.0198276230086595,0.2939633658472581,0.0672366379779642
10559765,0.0008791324408154,0.0238855897884738,0.1036174303026034,0.0026341854741294,0.0016861765280953,0.493808384737794,0.0197039651970997,0.2883246597208956,0.0654604758100931
10559904,0.0022460730289662,0.0098023636009382,0.1104221354145143,0.0030744515236223,0.0020230133278548,0.4390559217735162,0.0283508006405002,0.2923916478323581,0.1126335928577291
10561136,0.001951870895504,0.0087288257758743,0.1244272929592057,0.00175002922976,0.0015271956826649,0.4497202118307669,0.0039439977426717,0.2814734827556054,0.1264770931279468
10561583,0.0067528258313265,0.0037668178286533,0.1041507301303996,0.0015680266783819,0.0011824587087048,0.4332307598242613,0.0781781086556298,0.2984820850401243,0.0726881873025182
10561870,0.0004421626381528,0.0040912839310926,0.103383727357915,0.0008259797133533,0.0009702604206198,0.4733565130981993,0.104858532869913,0.2921804910914699,0.019891048879284
10562711,0.0037038506684687763,0.03222471733817988,0.15604437843702426,0.058478456860337834,0.03022585786573268,0.2479521375569507,0.007795577079908422,0.27666234503802417,0.18691267915537332
10566953,0.0009101603262796018,0.006627552992957312,0.09018574514120567,0.0019686000825585442,0.002614274505941785,0.4215951468092408,0.19172868724194292,0.27171450669462244,0.012655326205250974
10567563,0.01389816547754106,0.03903517704279514,0.10953182495906266,0.0032947172636877647,0.018558320942694693,0.40579826137529773,0.02261573770079743,0.27169327165745966,0.1155745235806638
10568512,0.0034228671440416046,0.0011946446939336591,0.10044028996748028,0.001417623610055019,0.0008928645694797897,0.22938944371901782,0.3397268083234198,0.26296009775332657,0.06055536021924546
10569249,0.0006384702315934,0.0009507131780476,0.1040017060031392,0.0009070877372271,0.0006257695788902,0.4465218870393145,0.1025488130650961,0.2925005636748988,0.0513049894917928
10569900,0.0014166855428388492,0.1919387733238198,0.13728925966310396,0.039326498995282615,0.2642060370662986,0.06174010796260357,0.005832835494540533,0.2633875807917673,0.034862221159744806
10569996,0.0008933126103033,0.0012457564025745,0.1132384005337488,0.0016634294416427,0.000531658954538,0.3999077730484431,0.1802100678964706,0.2794013950409668,0.0229082060713119
10570047,0.0004765219551976,0.0027449290687139,0.1082197133227388,0.0016056324656762,0.0010000704041255,0.5037624839453863,0.0762836404776945,0.2931232771457503,0.0127837312147167
10570186,0.0023435791940387,0.0039082298425031,0.1083687853342915,0.0045215789733942,0.003874124575731,0.4236309568172115,0.0435889040750277,0.2946204262922098,0.1151434148955921
10570190,0.0003675214580456156,0.0019056975485341266,0.11118313180043973,0.0014511173074272627,0.0009759953547853762,0.41080898115144887,0.18016621758144374,0.27842679424235217,0.01471454355552314
10570281,0.0006892766976494,0.001766692455093,0.1090533285367641,0.0013110264101256,0.0009668694369005,0.4132786604376091,0.136928635260398,0.2905092101296095,0.0454963006358503
10570444,0.1506932322324004,0.006396572855233386,0.13483580239151813,0.016090806560079066,0.005983558785059097,0.244032120436964,0.012191183598452681,0.28820973481085194,0.14156698832944137
10570516,0.0019480531740178,0.0052842981602867,0.1075061598412646,0.0018138782941428,0.0019733400657264,0.4582275565164723,0.0152809004339096,0.2934785311196162,0.1144872823945633
10570563,0.004696104060369937,0.0012655831558945876,0.1108808257491871,0.0015049392661486414,0.0005022364519432955,0.31057813041692695,0.1603336366455689,0.2812384307707709,0.1290001134831898
10570908,0.0027843132295111706,0.0009823979377949783,0.10080587504476804,0.0026839981297598634,0.0013038352448679139,0.30514817237233116,0.2633986993505529,0.2869322751598789,0.03596043353053514
10570962,0.0029658143929848727,0.008028213239171156,0.07406460214380337,0.0031230557348742123,0.0026060978371381417,0.37691846811648183,0.024522145419861557,0.36778080709354194,0.13999079602214295
10571126,0.013945982513014127,0.002623150561035893,0.12013842034916673,0.001749059991012632,0.0007206392969090102,0.23403817432450416,0.07958416770890168,0.2638615953229963,0.2833388099324594
10571129,0.0573266474533548,0.0047106477576216,0.1118809969650505,0.0130233227485942,0.0019949195794171,0.4425634701499662,0.005164441020913,0.2991979582339042,0.0641375960911781
10571130,0.010837184355864414,0.004559024948797533,0.13030717997454047,0.026111831627425197,0.0033471471864647984,0.2525948685868849,0.0028570322991019557,0.28532140271129647,0.28406432830962425
10571150,0.0035732490462298,0.0039887321435386,0.1059756599922869,0.0020812744686562,0.001578901769982,0.4713346103934026,0.0107167528778873,0.2959426977000965,0.1048081216079198
10571157,0.017774969736026967,0.0012610196317550824,0.11888002623099145,0.002605714124682557,0.0006705298950716275,0.16908378760540513,0.3346697038732834,0.2612080541748168,0.09384619472796699
10571249,0.0013536200917401,0.0009584474365461,0.1009964239426598,0.0007174777292069,0.0005286620830535,0.4252309370971586,0.1207476358453283,0.2978661568853998,0.0516006388889064
10571563,0.001246173730025,0.0638676240486393,0.1090411358383378,0.0031286034768568,0.0065604908076092,0.4046501351911404,0.0095761855718906,0.2753648132034375,0.1265648381320631
10571600,0.0014606711306497,0.0039972689717637,0.1175700469245247,0.001773663972943,0.0013561802828964,0.5137594685315524,0.0165832686647161,0.2818753940435878,0.0616240374773657
10573894,0.0036948942533107,0.0044034458326213,0.1090466086388131,0.0064111749287566,0.0016779343945916,0.4912305634443655,0.0141265702216428,0.3005932280643185,0.0688155802215795
10574347,0.008815766116953,0.0047821210254102,0.113825031383413,0.0045379075168196,0.0017184894774303,0.463383907276003,0.0477523746535263,0.2911809253154427,0.0640034772350017
10574370,0.01246941626987176,0.0030007190762663108,0.11078602038487632,0.005101339612514769,0.0014067795414926397,0.36160446151164466,0.04692630036109976,0.28422913025024504,0.17447583299198857
10574372,0.0029488726215844393,0.0018328527099123954,0.11209060579885635,0.0008055658586356728,0.0004824524855477451,0.3248681406708715,0.18950291971189634,0.2765150450788977,0.09095354506379785
10574408,0.0052243643358678,0.006275411364121,0.1159629278590846,0.0278547575509183,0.0049744366894316,0.423701486672784,0.0027890176106528,0.2943961952869869,0.1188214026301525
10574430,0.0005313839350576,0.0013344107081387,0.1070945895925399,0.001468591173607,0.0004735409578334,0.5137380551471921,0.0076881340432628,0.29496077837118,0.0727105160711882
10574439,0.0060849091644114,0.0019403913805481,0.1031866615381718,0.0035442786811004,0.0009654705691149,0.5008095282260504,0.0189830796343535,0.2977867782041646,0.0666989026020846
10574456,0.002833958022367828,0.002316162040486566,0.11903008693195709,0.002159162807830176,0.0010008426983420034,0.36016094474280497,0.004664301166071788,0.2800702679242293,0.2277642736659102
10576038,0.0808152342212556,0.0054219855824574,0.1064988989113772,0.004325834501799,0.0062551261364565,0.4290260555669205,0.0126840583285464,0.2958762781510509,0.059096528600136
10576770,0.004473924512918,0.0037095904277299,0.1193074166360727,0.0146783910648692,0.0012409915066165,0.4401300111987766,0.0188674191031693,0.2915396010344209,0.1060526545154264
10577118,0.0013605187217227,0.0026718516509736,0.0971417830249266,0.0014185065115273,0.0010958354705921,0.5618724543499455,0.0201380155902477,0.288702875409996,0.0255981592700681
10577354,0.0022363001618242,0.0010634006074342,0.105531274548121,0.0006315942733861,0.000545449877233,0.4234182193737441,0.1085804477593194,0.2896859175476333,0.0683073958513044
10577622,0.0005849095439199,0.0023034072769215,0.0991414453704642,0.0017609552039457,0.0008867184105882,0.4709822593198419,0.0870225950792503,0.2885418352873954,0.0487758745076725
10577723,0.0021186009245205,0.001845499810443,0.1042876190008372,0.0017159162118095,0.0008944125502562,0.492555886513064,0.0754698307754146,0.2875565158121584,0.0335557184014962
10578130,0.09037687703799945,0.011476539622037261,0.12475373775411364,0.014616158257467794,0.009680118590759474,0.3087709944389119,0.02289276692853094,0.27777389455641344,0.13965891281376622
10578295,0.0014960245752815564,0.003936608058996303,0.10681136829112396,0.005293289932212341,0.0019177326296067668,0.3984866233096062,0.14799541822686726,0.26878897492350406,0.06527396005280163
10579132,0.0004162004837170205,0.0019278395716612936,0.09850213425375837,0.0007860918340292966,0.00042132628413625584,0.3676050460023028,0.2560815869134608,0.2626705164383124,0.01158925821862172
10579372,0.0008971436838863,0.003706683541184,0.1159828536528517,0.0018040159726073,0.0024948609871515,0.4077695138206264,0.1603778049667834,0.2816555801455139,0.0253115432293951
10579452,0.0008638799174821,0.0049906225471005,0.1418802416402408,0.009675936210651,0.0125496952433283,0.524170075132704,0.0131699317866949,0.2782557148946268,0.0144439026271714
10579754,0.0007078188517733,0.0034608802237075,0.1481734652639656,0.0058346545560474,0.0255789549977231,0.4928323829312179,0.0103316206733277,0.2914719955036637,0.0216082269985735
10580098,0.001998551133913484,0.0041793069872203105,0.1026160056553742,0.0014807791381728586,0.0013608667908678045,0.3635536071161277,0.23759809599040252,0.2762698366808508,0.01094295050707028
10580150,0.0006502751406076,0.0021024616519571,0.1366584413770149,0.0034791840675387,0.0020154098476967,0.461374198018682,0.0775462270667957,0.283072445705784,0.033101357123923
10580642,0.0017406098965931,0.0023343995719517,0.1011752470164161,0.0025490980247083,0.0011437041183772,0.4939188441328145,0.0071503050916614,0.297846426880638,0.0921413652668393
10580740,0.004742337087029749,0.0012595331445103672,0.11944335176638686,0.001263860906132956,0.0005057142283105423,0.2401348991799176,0.230293197053121,0.2724596755519638,0.1298974310826271
10580745,0.0010564419507012716,0.001655651114654595,0.11789902969881925,0.0011973929781984988,0.00040359910003837443,0.27140173974320586,0.21016677499097375,0.27485972777240897,0.12135964265099937
10580771,0.023567390002222854,0.0027701860318174103,0.10991585662506648,0.010230732093631253,0.0011152945146949357,0.42369712659054304,0.025472343503177505,0.29396287727671516,0.10926819336213152
10580995,0.0023183919639075713,0.007511577266879424,0.10163889140001686,0.0031543991107914524,0.0010461011119677073,0.3757735104513639,0.08967388454561612,0.27148586844774814,0.1473973757017088
10581310,0.0008399689895119243,0.004243853388453849,0.09632326399165819,0.0013209088824766334,0.0007160029801982874,0.35944757758298296,0.21924646563540043,0.26948169707941794,0.04838026146989983
10581368,0.013464398797635531,0.016390955358632813,0.149041471363953,0.0941143121268983,0.008859123627808146,0.3030044936568285,0.003604775384302962,0.28254430844664635,0.12897616123729447
10582173,0.0052996068237146,0.0051409468513834,0.1117357480138063,0.0046969442653756,0.0015153077858786,0.5024371607307573,0.0089064559367313,0.2826034082647118,0.0776644213276409
10582418,0.2637470486452564,0.0054272237794090366,0.11257444180002643,0.0038973810535996227,0.013729193914330182,0.25978305376521355,0.01063155368731268,0.26994628795357084,0.06026381540128123
10583009,0.0004970965655260973,0.00196669983318804,0.10883851572087525,0.0008491531183248751,0.0012062641278000905,0.35067930237974027,0.25602749859492724,0.27366942394651556,0.006266045713102594
10583434,0.0021386055594632635,0.027605927391138037,0.10319097565139475,0.062447667339890545,0.0015375541356203253,0.41051456417061416,0.017497096833362646,0.2695476087863468,0.10552000013216938
10583521,0.0002728169462958,0.0003609404358103,0.1171888672281701,0.0005628485885201,0.0004073496176486,0.137187427188455,0.4509776880866817,0.2766167450404018,0.0164253168680163
10584210,0.0005417657894407745,0.002002605619394274,0.09425330408920214,0.0008116667251749474,0.00047532397361311904,0.3846625248647041,0.21012433926428026,0.265439629542397,0.041688840131793393
10584222,0.0009026205139224,0.000929387320056,0.1152167023715236,0.0005509955109605,0.0002889863175656,0.4272882314135032,0.1608202239875338,0.2783274210801622,0.0156754314847724
10584314,0.0049335620245720855,0.0011953040859597457,0.10626592635724288,0.0010759864665035208,0.00047647602042582806,0.12495335191488814,0.12096208988795243,0.26507996395740974,0.3750573392850456
10584430,0.002949989625645162,0.0015942649124182603,0.10697730622484149,0.0012515783728653364,0.0005737894384278546,0.23074005638743164,0.3144866971494861,0.2599924870588267,0.0814338308300574
10584519,0.001801678058151472,0.011987396885023942,0.09483133056574722,0.004045408893684972,0.001591883304018005,0.38944804455274035,0.17180068083053376,0.2739666058553786,0.05052697105472169
10584820,0.0009912279960896,0.04497609160597,0.1066340066343093,0.0015091117018253,0.0097195077513902,0.5044806596396763,0.0114660580723729,0.2851075920802767,0.0351157445180894
10585136,0.0009322002047135,0.0178942810133292,0.1063918927044846,0.0195040701980837,0.0013911541248422,0.5473604101918333,0.00611603139076,0.2872635358397101,0.0131464243322429
10586849,0.0011961781162976,0.0053369524908947,0.1143912562566867,0.0073614789243647,0.0031814926238591,0.4774567668445394,0.082157723073013,0.2884050538795331,0.0205130977908114
10587734,0.015416008012332307,0.005597033653365425,0.10837247991710296,0.003374874820256694,0.003328930217015418,0.4015231601684734,0.1351215284452926,0.29706154526279344,0.03020443950336781
10587840,0.0018253994534668,0.0025960580993251,0.1298476003430668,0.0032455482860222,0.0008285573091909,0.4754630652823659,0.081965230558182,0.2826907026826485,0.0215378379857313
10588529,0.0031537532557885,0.0001423695255954,0.106735987872084,0.0002055670505914,9.697232844666664e-05,0.010617466142687,0.5776981492743827,0.2804417683302084,0.0209079662202155
10588664,0.0030328243555605,0.0004020989718481,0.1248040988814704,0.0003459222034817,0.0002489757144295,0.0363804173117499,0.4000404457217412,0.2789536991962422,0.1557915176434761
10588792,0.0064546216796985394,0.00042309803250385926,0.10755217543346886,0.0003813306052219543,0.0002617701553738762,0.025192350752563215,0.3947930768589309,0.2769231771014768,0.188018399380762
10589349,0.0014815977689254746,0.004691121362878818,0.10948827806947996,0.0015047183450365167,0.001196879344252248,0.12413039389149508,0.12199832225499546,0.2766745039271414,0.3588341850357952
10589410,0.19139851693670332,0.0010127204587656424,0.14173368740333803,0.00636528463603446,0.0011152935486954305,0.21887931720722795,0.028191606969398014,0.2901101668009694,0.12119340603886775
10589411,0.008300240961635515,0.000825720571040532,0.10995022462173566,0.0013133197926645287,0.001276376525697415,0.24698524756138374,0.02364080242643694,0.2826846051429635,0.32502346239644225
10589472,0.020386809947212228,0.002405794555281093,0.11535868642478056,0.002530166907264496,0.0024446645875854504,0.10327354488177629,0.05332566098897751,0.2804494979333457,0.41982517377377665
10589485,0.04422191782845035,0.0018359049022519862,0.1214758835247341,0.0033464203198533215,0.0024361177659551346,0.1331971072945344,0.014107897330038291,0.2840303105869265,0.39534844044725587
10589763,0.0008847744792047,0.0297875914097281,0.1115137762556583,0.023659967778593,0.0029904895802224,0.5211036440091487,0.0154544844093175,0.282588562441501,0.012016709636626
10590733,0.0030074214106296,0.0105210311652018,0.1285866107283038,0.1003515907375175,0.0033730413034859,0.4445627790607996,0.0034957252021247,0.2981963646514212,0.0079054357405157
10592587,0.21772157845248516,0.004382573461040064,0.11662354787805491,0.004302474755793715,0.008552087999306998,0.28269427165684713,0.006333846199040059,0.2821719285191794,0.07721769107825259
10592944,0.00140309833568,0.0157139153881501,0.1494752873011212,0.0251417403573928,0.0234636641609117,0.4609455223461404,0.0182419616822402,0.2816520850872134,0.0239627253411499
10595034,0.0031088039795094,0.0179048919963238,0.1123246862354603,0.0040692011311032,0.0180207909281514,0.4857667006337985,0.007463731820631,0.2926985774516832,0.0586426158233388
10596119,0.0002788165822365,0.0021408034690626,0.105488366125528,0.0002756975465539,0.0004667707781141,0.5612140012811071,0.0179878475504065,0.2889210897300169,0.023226606936974
10599481,0.00033862749533666934,0.0007508629454536984,0.09187261750669445,0.0004434120121272353,0.0004665237302569867,0.4199612473378682,0.21142844208853337,0.2672573558682639,0.007480911015465521
10599552,0.14468135332027635,0.002460131559764383,0.128982458016223,0.002365706100458052,0.0012438671113021809,0.2333436887528026,0.034957913307264776,0.2670365537785387,0.18492832805337
10599609,0.025428792621448367,0.0019076830689025452,0.12989769153455571,0.0011316773886030983,0.0010108332417394896,0.10035640541616919,0.22586004405667662,0.26474525786161063,0.24966161481029428
10599643,0.00042696443874140036,0.0005863782840435462,0.11641821944832365,0.0005803648125868477,0.0003029517411503801,0.2992861991081151,0.3025432550348533,0.26173221773675565,0.018123449395430084
10599718,0.0371687748403743,0.0040338786771862,0.1203244577173749,0.0065874775020957,0.0030222583472159,0.434229517874779,0.0270700831916712,0.2910546033246739,0.0765089485246286
10599755,0.0030112403425426,0.001416813318254,0.1072330496632612,0.003958606384062,0.0007639379073945,0.4880432567195109,0.0520150055444876,0.3007596214231212,0.0427984686973658
10599776,0.0010250405750455,0.0004890549869799,0.1115277084312525,0.0015305090568971,0.000298419788471,0.5329186346647423,0.0186962835453136,0.2993355699796985,0.0341787789715992
10599823,0.0019449687986315,0.003262573132427,0.1099282919282679,0.0043720917134293,0.0017759860638384,0.4317897997337327,0.1123193207590678,0.2882141071391931,0.046392860731412
10599926,0.0041335043429382,0.0009144443321475,0.1163581788229546,0.001065202084033,0.0006460235115254,0.5013260377604225,0.0279901997896814,0.2838049205138407,0.0637614888424565
10600363,0.0019179317672544,0.0013507220040691,0.1119126100586151,0.0042252029861497,0.0009205912126437,0.5511305974974833,0.0127398781070906,0.2984089396226032,0.0173935267440907
10600655,0.31218966934197734,0.006231521916736389,0.12079041610899811,0.007936335370391406,0.0030102222996132664,0.13750294394173618,0.00561611617304107,0.3029686208271441,0.10375415402036219
10600700,0.052952332456023925,0.0023462903459126935,0.10690528472623992,0.009581488416036841,0.002931382101891966,0.22421151091355834,0.15489468458587186,0.2813978223693798,0.16477920408508456
