track_id,Clutter,Cormorants,Pigeons,Ducks,Geese,Gulls,Birds of Prey,Waders,Songbirds
6868504,0.04086129693789061,0.029899446051184393,0.16305026006382645,0.16876182129998207,0.49715534513799986,0.02689123036292963,0.0016136178327565923,0.024442103176702333,0.04732487913672802
6868536,0.04447809757474044,0.03598342968551255,0.28156562168891486,0.09524221726134369,0.2611407039176019,0.12226666809628574,0.0026392809034025736,0.03948442888323672,0.11719955198896156
6868565,0.022625130329087695,0.029169534146877275,0.08087317199544669,0.08309981525992269,0.7039913651139537,0.0292835626916813,0.0015871815121118872,0.01976433147345509,0.029605907477463677
6868861,0.003726946637215185,0.02532595105388661,0.002269279042567333,0.026376158713423557,0.9281276881261354,0.004908627978096104,0.000443372975423747,0.00579516147583984,0.0030268139974122628
6869275,0.0018310426031793272,0.016955910494815582,0.0013953990205683251,0.01929995707301178,0.9458459495346189,0.0061343897678507245,0.00040334560396504014,0.006012898899203404,0.002121107002786961
6871418,0.02102935155267841,0.055122798991419954,0.3597175273794069,0.07537949893218611,0.09839250341720507,0.2001867415416929,0.003172386333820528,0.12666035961380032,0.06033883223778992
6872996,0.310809057565906,0.01105604630977025,0.005394740143605202,0.0040183590441842595,0.046136483786032946,0.5217566884423083,0.049740601522274525,0.009084746431887404,0.042003276754031246
6873817,0.017298091478364676,0.02577503644275227,0.010804707400951638,0.014149481711372692,0.7502026601078727,0.12541413599172563,0.004383189996022474,0.019939411134462362,0.032033285736475535
6874023,0.0026735124317579942,0.025606173049749055,0.008471800006168338,0.015426782063489138,0.028639604498178192,0.8498369447676298,0.007265879753931842,0.03830255564496518,0.023776747784130338
6875504,0.0032774737642878075,0.01555699935938325,0.02443494642072446,0.009916190777955788,0.010599106177265966,0.5083862371773034,0.015290782069397008,0.0219290750035923,0.3906091892500899
6875899,0.005669330866661807,0.011141677005033528,0.00738897962283711,0.0027221677770703735,0.0028579174797772598,0.7514167927164728,0.11261530720051437,0.009092899988269659,0.0970949273433632
6877293,0.01719228995958053,0.011150432805209517,0.02695271763289358,0.019706635330524733,0.0053623087227249065,0.02672574418986853,0.012857711754344641,0.017604789892650425,0.8624473697122033
6880408,0.005737700925049932,0.012745600728014755,0.011402207894136998,0.009737403782612362,0.006085907624843272,0.7961611379262291,0.026835894884955254,0.015313535102391272,0.11598061113176711
6880690,0.004584760916452048,0.013313662147228046,0.031510420172324805,0.020650750138093886,0.012376105871301498,0.5561968165992565,0.01244417077331057,0.02480992294264435,0.32411339043938836
6880833,0.008270924036660438,0.002916907769660679,0.01817549965405007,0.0024331691839794113,0.0012295911470501888,0.03715940826277757,0.3681599599421454,0.006255194787595501,0.5553993452160807
6880956,0.0010900402194550512,0.014438084859766538,0.0032041793198577225,0.0033679299730426525,0.005672071110724677,0.9275931671824135,0.010373163400693995,0.011264069615760304,0.022997294318285618
6881733,0.013194274763560804,0.001456808401115538,0.003021868508196054,0.0007548015865885162,0.0007720665843119767,0.03789930371317999,0.9022733691649694,0.0025298242204172933,0.03809768305766048
6885154,0.035862954718593756,0.02120620000600177,0.01201915963638154,0.009475145624376874,0.011848596178003688,0.6489960432658693,0.06930565940338176,0.024700163259644484,0.1665860779077467
6887294,0.01613098868886553,0.00661405832595739,0.02910116783427485,0.0053983348021055,0.004848961239140374,0.2577877534506783,0.013329166479728052,0.011017281072058955,0.6557722881071912
6887586,0.03935495150523572,0.005600711680693666,0.03336238060770098,0.010052462678567768,0.004075288940122268,0.06640672249025482,0.010399091898795829,0.012600458717376927,0.8181479314812522
6887600,0.02259257473034637,0.005030854537336206,0.03482985147143078,0.010073411121891923,0.0030177216518717225,0.022411353834445903,0.009438982137737015,0.010905408036262023,0.881699842478678
6887637,0.01930214434278768,0.03400903432096966,0.03500393728377234,0.01802693053270255,0.02030825727936067,0.09992285203108528,0.016317138422388505,0.014910386199034892,0.7421993195878983
6887702,0.041488380738940726,0.0047932925659833064,0.04246886458161599,0.004767339777344349,0.0021662214641841745,0.04130705288138513,0.05032953203024161,0.009897944790769305,0.8027813711695355
6888243,0.010378680758366567,0.027795216907124345,0.022952579283166165,0.012879480412417921,0.028545762595095784,0.09451889681781096,0.012342595791402955,0.01541326184684882,0.7751735255877665
6888737,0.01167809512577727,0.014836603163028783,0.06848450755280872,0.025111401327182835,0.016241785233214838,0.0628752901805104,0.008251776731584008,0.01870531144380705,0.7738152292420861
6889024,0.030164152614494136,0.002631827777256531,0.030140166575326102,0.002723734120678847,0.001259881637642817,0.025991283344431716,0.1215191881563637,0.00884652770406148,0.7767232380697444
6890285,0.011378861432144784,0.012312525184914512,0.008023531088232633,0.002668342678765967,0.0027761583261343764,0.23060074326033447,0.6486237364722744,0.008454953995755972,0.07516114756144286
6890416,0.01010901802415254,0.012747248033020391,0.05461282793466907,0.009517864536830324,0.004921888417039284,0.1879325480024319,0.059126975513976915,0.0411747087203145,0.6198569208175652
6890579,0.013141761041294608,0.004531486519851668,0.058513796269897965,0.0037618620071407406,0.001533641082299829,0.02281411200384284,0.0607895499480387,0.008380969503485573,0.8265328216241481
6890917,0.010486913116027584,0.0035457857688011903,0.0327832952267155,0.002665363659549419,0.0015745612934323838,0.07977467517280407,0.5510965868238843,0.008953749425400453,0.30911906951338514
6891091,0.02921502882027108,0.007343178717671308,0.10360236500971999,0.03728105851088375,0.007359908974683935,0.013501684767852807,0.004038709521580805,0.017471878393510675,0.7801861872838257
6891208,0.010303716000199959,0.0036994254894857997,0.04219710987032653,0.0028998135321133007,0.0014008197550544196,0.03505817515867046,0.0420148271147289,0.005779192034903834,0.8566469210445168
6891245,0.007955001982809622,0.0035543214272986106,0.02034514808891774,0.0019328792710659776,0.001740056909386199,0.09521922538011307,0.23679319194852277,0.005013941616902806,0.6274462333749832
6891309,0.0037953255275955254,0.003943422621628834,0.014485291539719789,0.002009389582106875,0.0012645710961459262,0.03949670877799964,0.04989025380760742,0.006115635091852634,0.8789994019553434
6891366,0.014365571994626273,0.0020248651538379383,0.011552402553814328,0.0018438515866859375,0.0010282106676231413,0.0173857155391025,0.059309286209976435,0.0033506986921672086,0.8891393976021663
6891473,0.020812266894405667,0.006716972061375947,0.05901012164561764,0.009378987935966787,0.0047365595277059835,0.07317027823125598,0.012418525951548555,0.01312701368601691,0.8006292740661067
6891484,0.010503173171921603,0.0033400579181248695,0.024549087924999363,0.00331163034249916,0.0012425912729605727,0.015480495344369391,0.021161617453987154,0.005454635997565304,0.9149567105735726
6891531,0.012133798283359426,0.008343095834476606,0.04606376249806715,0.0036361378799431806,0.0025661432508826162,0.1307734342214118,0.2703145146759524,0.009255721303829048,0.5169133920520776
6891557,0.013494193450260554,0.007446793298407004,0.10307883322698605,0.008764750127199177,0.00259344755538699,0.016147064932525993,0.011050295346141792,0.015083727608139159,0.8223408944549533
6891579,0.00747573659597636,0.004151250385074419,0.04467520781937358,0.002830767427148497,0.0016822738331223272,0.03545423595688493,0.10079366543331489,0.007094278163476731,0.7958425843856283
6891867,0.03244431417253374,0.003311002673422252,0.03370769437306785,0.002191916216955266,0.0013991704802979305,0.04260877483663667,0.7646994557839314,0.006015448653310826,0.11362222280984419
6891888,0.017483921657899994,0.0045033532936316414,0.026986672355610253,0.004730565336163282,0.001969593694960645,0.019810631557850497,0.028342098868708053,0.012911389105600591,0.8832617741295751
6892297,0.027320939078324665,0.001849981326589542,0.011089354605112015,0.0013823260980274097,0.0009808385641368877,0.025959301182107875,0.2836169813804863,0.0040325286340508115,0.6437677491311645
6892562,0.009582468282952963,0.00332804656079015,0.01640449253657495,0.0025478255976299586,0.0013660438169021802,0.03389078928788017,0.6389372370510412,0.0070755294947885935,0.28686756737143987
6892587,0.012856312687931519,0.004305699970893864,0.022695897422480446,0.00300275248281514,0.00181193652239725,0.09448767535875328,0.17585988689377324,0.020012824137619442,0.6649670145233358
6894293,0.005967772244389778,0.36214936184149293,0.02616445998713083,0.06614674571502716,0.08236791600734492,0.3533525412080437,0.0036291458326172775,0.048064751337351753,0.052157305826601615
6895609,0.0077291283656941,0.01206173886938293,0.12713580602170477,0.0309199854032743,0.004695208693835974,0.020546266581782383,0.009074911318818307,0.05794645516530338,0.7298904995802039
6895723,0.018581497651496998,0.0026397965661635082,0.00932886514646171,0.0014462004993728238,0.0015997147542489254,0.8529593441704174,0.07104454352293932,0.005637843147846721,0.036762194541052576
6895905,0.007925726274432755,0.003122170469762779,0.02410356364359707,0.0014751568604404336,0.0017963767419831558,0.6568418277648074,0.14474452260378012,0.0073581137320153575,0.15263254190918105
6895906,0.017235720100383604,0.003418213738635865,0.06139696673906642,0.0021894455485422354,0.0019708518117263836,0.7803604538132525,0.06182472815318652,0.007215070869717023,0.06438854922548945
6895927,0.022341989646588716,0.005054786848043609,0.021484267565711975,0.0029638906004209984,0.0036433368898599766,0.8352988581414935,0.033706402348296895,0.00880559793501181,0.06670087002457264
6895938,0.009363717220216021,0.002796743570437563,0.02361928385329073,0.0013590336712488132,0.0019918873265998244,0.5783248233453034,0.280612370400997,0.007791763401374052,0.09414037721053264
6895939,0.011755627369124156,0.0029094657412282094,0.014385636793563208,0.0014074049524561093,0.0017178501352566658,0.7630136881238334,0.06142586868987709,0.008581928751584977,0.13480252944307597
6895948,0.006987930005177834,0.0031936637939047425,0.01223628012516767,0.0016093423124852204,0.0018515569315103993,0.7804848999742332,0.058329943058968006,0.008562927900851216,0.12674345589770178
6895973,0.01770049899404336,0.0033974480491206624,0.0712123333054079,0.0021766055914211784,0.00197028652948195,0.6947164410322421,0.06990859485934951,0.009121147498900303,0.1297966441400333
6895974,0.009422632314076414,0.002371424661450732,0.013604732071825248,0.0012467368114554005,0.001312647104737517,0.6869735775028174,0.16769234580543163,0.006524720392098735,0.11085118333610681
6896754,0.0055996054600883525,0.0031037513077071316,0.015453871107136528,0.0018838273108665036,0.0011718079118157912,0.15654097337868553,0.12618486027992762,0.006291493575867561,0.6837698096679051
6897915,0.005699726358989396,0.028856806709739134,0.13554620497956635,0.04004486042616745,0.03769200935825867,0.23748091161700038,0.010369077265401426,0.20862771841018687,0.29568268487469046
6897964,0.03880817706021532,0.015460477237512302,0.07951797322998937,0.024656316067063776,0.04214513489223957,0.0752267453089432,0.01034436300670221,0.01997639416792317,0.6938644190294112
6899282,0.0040162777321379375,0.0023257482022991,0.005299316633610357,0.0013579120936256586,0.0009191567462793493,0.1061238705529355,0.47416808270560307,0.005286447208763269,0.4005031881247457
6899294,0.00999722904092444,0.0022381492223424847,0.009809001870307407,0.001939632106383185,0.0009867453853753835,0.02623278080570441,0.8041399104839541,0.00976224829198291,0.13489430279302575
6899376,0.006548353118701197,0.005609325780908964,0.035534196667145884,0.0036297625827492698,0.0016176425148258123,0.02822215683251373,0.12112386394668562,0.012156162720508845,0.7855585358359608
6899506,0.006792001327868587,0.0017676781326202294,0.003486873544414768,0.000828838062923375,0.0007573218994514938,0.23238481295669006,0.6825903319597708,0.006180019371594292,0.06521212274466641
6899530,0.014154773895136825,0.004445792253667666,0.018500083881342808,0.012955472281115151,0.002532398368698822,0.04176824043973458,0.010581372166596666,0.016264633693717983,0.8787972330199895
6899560,0.013821959995512672,0.0036453616782953046,0.01242925957340673,0.005305528291671549,0.001754980262678927,0.22288631328706288,0.07121523832519436,0.022233768559898687,0.646707590026279
6899670,0.007717418355507421,0.00207966188443639,0.006605313444798033,0.0018005464924061767,0.001185262421183966,0.04098423798944535,0.02476418871318551,0.005931116812438184,0.9089322538865989
6899695,0.004961535218626609,0.003435622525901887,0.01073693141784491,0.003627660502252698,0.0017364326352487715,0.047493817727372885,0.017583778538618325,0.006687675872413196,0.9037365455617208
6899730,0.005653482988337085,0.0040367096585775565,0.009062810996216291,0.002329385891171271,0.001845578214970765,0.10293095469257857,0.2302552995380432,0.009900663897677029,0.6339851141224282
6899754,0.011096442418173504,0.0066909652838513045,0.033989271028785115,0.03383124853085918,0.006860442527781766,0.04434898934293778,0.0067762297548910845,0.02363781304607243,0.8327685980666478
6901206,0.004727380520016894,0.0055440617694930165,0.018178072787959455,0.003038851199103625,0.0017892238011554303,0.30702105611653224,0.344895578582245,0.014773756884506892,0.30003201833898735
6902131,0.0022883241364456477,0.0037451762223174516,0.0033069102330053894,0.001377745619884929,0.001957864118498414,0.8527572454221726,0.10076793801248837,0.008901118563850674,0.02489767767133657
6902271,0.011441853038953289,0.011653121016540209,0.034386056874322564,0.015823766530716706,0.012942323896002132,0.09510887172622906,0.006560348456349373,0.019467147820078794,0.7926165106408078
6904326,0.011088083789692605,0.0017744988957541664,0.011256971566698845,0.002630338970037347,0.0006882555852518184,0.009940038979672095,0.02472797737107322,0.004839704491552951,0.9330541303502671
6908023,0.002081992160929174,0.02553289983564975,0.010435072453765827,0.05317415309699493,0.035877246794869345,0.8127596376083057,0.00453196829652438,0.044172815282747066,0.01143421447021372
6908625,0.006832305071672706,0.0023613463461999323,0.011233717457663547,0.0012940090169093106,0.0008933195376989476,0.3498295020872893,0.3650949081271145,0.005350891325387353,0.2571100010300644
6909657,0.0064137885075719065,0.0015328310739616642,0.007605305986331337,0.0013173395807574775,0.000543629297652755,0.014761422641696375,0.1128928608974849,0.00408548847354172,0.8508473335410018
6909786,0.012952770797828696,0.002600141761971209,0.01219395726108291,0.0032895229146427418,0.0011047432378954035,0.02205873505927116,0.03308228372576559,0.011552302178012695,0.9011655430635296
6909952,0.007512515344274395,0.001435995100464716,0.008489583535277644,0.001404495882906699,0.0005280556762847239,0.0152629746945948,0.29750785031928817,0.005149617242874226,0.6627089122040347
6910003,0.009431296340811038,0.001663072265097972,0.011000016831317556,0.0018811132494775803,0.0005454971142883608,0.010494592594615883,0.0509793404196891,0.003652850118947058,0.9103522210657555
6910407,0.0029016581084478276,0.0052635218812608995,0.004445817748235123,0.0025754352049076846,0.0032506709329386293,0.9374495684227975,0.012375537029847606,0.014414281074442438,0.01732350959712226
6910422,0.019974365790892862,0.002572557931556601,0.012522922723430452,0.0031946627422792867,0.0009486857234552655,0.03207773435949656,0.3455391367073028,0.013036967192927683,0.5701329668286583
6910425,0.011846181751735282,0.0011854292367824235,0.00737471225179871,0.001671205938666784,0.0004933515285402189,0.009310201461307418,0.04978479697856674,0.0033819144792577166,0.9149522063733447
6910560,0.012810323664655912,0.006096379313205362,0.03387599818010526,0.02930363351344102,0.002791300163939144,0.019039307437963657,0.008350599034824109,0.11306355218383128,0.7746689065080343
6910590,0.014097600723156526,0.001331468649257783,0.008096914928306515,0.0017328637892356626,0.0005102829337099652,0.011715008985995558,0.06793552490940752,0.004231536050664751,0.8903487990302656
6912744,0.0008464280380981175,0.0064736273041273345,0.001429165452658016,0.0014431557614301641,0.002857094899955039,0.952047209538345,0.011162432740268765,0.015100785375361254,0.008640100889756305
6919118,0.006408572975243371,0.004316884566653067,0.009354953946679841,0.002188765781266474,0.0014286583403736583,0.5018081032234732,0.16118262418907545,0.007074070056243812,0.3062373669209911
6920152,0.005722096326244947,0.004298933245041673,0.01901756812951714,0.002292990852595076,0.0013481883295764045,0.6902317374540856,0.13559979311467496,0.009337918724447876,0.13215077382381632
6925791,0.0031627594339007346,0.0052377127346437645,0.006951785551836813,0.003554367542474619,0.002229062186242697,0.8786144224345754,0.03877179577231938,0.012743060565720467,0.048735033778286044
6926246,0.016208729586701682,0.0022537369010884787,0.0035316569044397117,0.0010976562896397658,0.0011075454258802316,0.46655005269559496,0.47874102596388296,0.00516970639507377,0.02533988983769851
6928841,0.018088502354666264,0.02059092036669601,0.053552385324903626,0.2170818150959849,0.033204387481346666,0.09784601771518839,0.003997762290238099,0.5228510555364922,0.03278715383448376
6928933,0.004776779395831832,0.006114904951394518,0.003815486537338002,0.0011561422093714258,0.0019551889938925586,0.8357896170106257,0.11588298580786349,0.005916258719157179,0.024592636374525294
6937241,0.02043025504197305,0.004529586224785765,0.0322426074535575,0.007726173082994131,0.0015944370881140852,0.012537020273511905,0.009568878139220208,0.021358207932798405,0.8900128347630449
6938426,0.0023195400953749043,0.0023588588343270408,0.0021361550843768005,0.0007758413569358212,0.0009628060833465924,0.9359570191713423,0.04021709010905467,0.004479726228917639,0.010792963036324123
6938530,0.003233250845603886,0.0025603159627313817,0.0019317623646642244,0.0008252072546826502,0.0009446367702729627,0.8751711772799895,0.09793889082552604,0.0060903568131096,0.011304401883419673
6938682,0.0025120585354193314,0.0013992058804200322,0.0034787847237279135,0.0006463797120525416,0.0004370299581088755,0.07527395658562763,0.8120032168236805,0.004427243222948142,0.099822124558015
6939166,0.001931046063840261,0.002206567456483963,0.0016115353195315122,0.0006864057416300147,0.0008053335843307122,0.9224509016577955,0.05454129920906108,0.004256921399217533,0.011509989568109403
6939222,0.0051178831509117,0.0011369415963238564,0.0028142681385478477,0.0005360036052482953,0.0004711387705098285,0.09634204586676544,0.8568490214761921,0.004911052965651696,0.03182164442984935
6944591,0.016435258399731145,0.0030211907015608515,0.010659796654184383,0.0011012326537132124,0.0009778174933696249,0.46034405910844994,0.4650750850194243,0.00605881627719549,0.0363267436923711
6947293,0.0023423827612884572,0.006412516635289161,0.014118361671636527,0.0029299376167003658,0.0035384152813515836,0.9104333430990159,0.016267586042459824,0.018620115224837037,0.025337341667421086
6952804,0.01676641892728042,0.009079238954872004,0.25822082887188136,0.009314026192265765,0.0069988361902359655,0.4462077584767894,0.04166454265061399,0.03195176704232221,0.17979658269373894
6975207,0.004580747629635172,0.004684108322512543,0.008282149602486036,0.0016840669750472644,0.0013310319386906954,0.9303788031491047,0.015552392281961671,0.012884294262893243,0.020622405837668695
6975472,0.0022327825033565192,0.004355829966846639,0.005597945843029148,0.0012821469728183214,0.0012658898112367885,0.9295850435732136,0.0246394665985869,0.0138437970183173,0.017197097712594877
6975490,0.00266089544163315,0.0035544873812016803,0.005158594311730167,0.001087419848829734,0.0009329386405224345,0.9345868757692166,0.014954467349641436,0.014257185315236969,0.022807135941987872
6976427,0.0015577164362572161,0.003262204515322343,0.002943606386673287,0.0006352728688986197,0.0006600961837971241,0.9439457564504621,0.014045789201881565,0.011282866087985857,0.021666691868721888
10551287,0.0027592655047430515,0.00659936213337527,0.0019289870323894167,0.0022475056679402017,0.003044028881341062,0.9297374326931779,0.031059511982392752,0.005790360614628588,0.01683354549001185
10554874,0.7037726052439657,0.010442029252457442,0.005559785258897431,0.005244838140359035,0.012739335923314547,0.15892796036137394,0.046662853000371776,0.007203874031000403,0.04944671878825975
10555071,0.0019798323275577465,0.004202314961749824,0.0033863058228118586,0.0020293156534791556,0.0013111478510734434,0.8215415655233904,0.052175954478600836,0.009125772557569557,0.10424779082376719
10555459,0.002674354814603129,0.025110290047259263,0.01787120182325346,0.011154284883573912,0.005303931833975229,0.38762115232497574,0.017149837527497228,0.24861590007661732,0.2844990466682447
10555968,0.08449422819939632,0.040903274437387636,0.013285423179148008,0.2030840697737291,0.1067258482888041,0.2460663376450953,0.003957494970547686,0.0928027079996053,0.20868061550628658
10556692,0.008044302481449005,0.01398826356643975,0.00795743535451357,0.007125435424048054,0.003734590250169933,0.27699986580756425,0.03339057892248128,0.04056930088472356,0.6081902273086107
10557065,0.0005918840947337148,0.013055521296015494,0.0010337564350453281,0.0019193252350845121,0.004168254907327306,0.9483150317123997,0.011871142078621276,0.007728260881852763,0.011316823358919892
10557235,0.0017230285505541669,0.017656065982519353,0.008114517475264878,0.02822592775634765,0.008038462229707033,0.8329045968695137,0.008133892677084207,0.03440808023427909,0.0607954282247299
10557310,0.0045943138758982,0.08671509326946895,0.006296783576140389,0.011587249520953444,0.04130568273607686,0.5772226473591773,0.005126080832321226,0.019278419384226985,0.2478737294457367
10557603,0.0016358560914683145,0.01779155637385218,0.002403771900139142,0.0035209891840652066,0.0038662675932017655,0.8958199272044054,0.013228372369276467,0.01178627618778717,0.04994698309580437
10557649,0.0009446891069284272,0.017802413807586688,0.004578972997570736,0.004282396731007727,0.012214731191803087,0.907302536456621,0.005385296721940224,0.025367783582660567,0.022121179403881638
10559369,0.004292428625186188,0.006629758956878859,0.0016311491273911967,0.0011503642222965252,0.002949839304335866,0.9019937312661848,0.049842800117105096,0.004052704012369575,0.027457224368251862
10559516,0.0012552110347343382,0.008367129062251661,0.0011466339394181145,0.0010071381164670553,0.0018335923850380457,0.9077490036427823,0.028992791185661546,0.004850498243676121,0.04479800238997088
10559765,0.0014147914314511388,0.03258364545725014,0.0023967792594173343,0.0032631768033862924,0.0036944936196760367,0.8094313872242102,0.043008371215216216,0.0264248812087292,0.0777824737806636
10559904,0.004688619203157148,0.015385040716871124,0.002776141172981405,0.003689602448744565,0.004396700894008034,0.8312747865553733,0.06479213090269095,0.011706524790823384,0.06129045331535017
10561136,0.0031093359759584776,0.008000018451229673,0.0018955800762041584,0.0025571362224659235,0.004347615747127318,0.9218139334986818,0.016706042925871366,0.006873379258772072,0.03469695784368921
10561583,0.00493742501341878,0.006054507564415659,0.0038619556518227757,0.001681966832166891,0.0019974097124869053,0.8714893545411262,0.030707077987133454,0.010263408685566924,0.06900689401186241
10561870,0.0013625985121978664,0.003604058375925728,0.0007834758392197852,0.0005952440812257154,0.0015459485080430496,0.8930932964235935,0.08422921697771836,0.002302923658988948,0.012483237623087126
10562711,0.004486438089642163,0.14674063405746865,0.016922287653142853,0.06880326649015817,0.1966860029230603,0.3945557432514279,0.003524712128044489,0.03488234698640356,0.13339856842065193
10566953,0.0029310014090033177,0.013004213169315899,0.0013348033007361338,0.0012981973978474894,0.0013431281015601386,0.80185953981773,0.1488139550572805,0.011152125934495199,0.018263035812031418
10567563,0.01450265633900506,0.0156640332940672,0.002738480466932941,0.002416705908551781,0.006072023834399205,0.8373600523814554,0.045269672966050556,0.007308158298066926,0.06866821651147094
10568512,0.0045077279145658705,0.002473909809426459,0.0019778295443629427,0.0022239048904496303,0.0010574924313068658,0.48190435728362907,0.44889288421269136,0.005329336434373786,0.051632557479194076
10569249,0.0016481676594958233,0.0025613541232492555,0.0011979673510345748,0.0007845107200922893,0.0013006273981756467,0.786333164814927,0.15009716272750287,0.003964427112865691,0.0521126180926569
10569900,0.003371926880630277,0.07797626645444833,0.005853840869103467,0.07891059343669043,0.6452465353223504,0.06974176747692537,0.015594909083010719,0.025534630292195472,0.07776953018464544
10569996,0.0029291161780948686,0.0033944506857411273,0.0020872090765899107,0.003391056083457487,0.0013899577012778256,0.7651629511839441,0.17455509765645458,0.007425476754170831,0.03966468468026927
10570047,0.0013547231890892247,0.0070743609461235545,0.0014968554367523227,0.0014570072307766272,0.002887596219211245,0.9364121878210376,0.027797095215385877,0.005446814103064539,0.016073359838559096
10570186,0.003601336704165943,0.006461206195746913,0.002135060805932827,0.003513620189303443,0.0033962977120742983,0.777104473814915,0.12156271317361547,0.008462228946077028,0.0737630624581691
10570190,0.001517780638024311,0.005305285079442643,0.0010961398508629126,0.0019344944444790579,0.0020149180021199024,0.8204574352556818,0.14596535987226517,0.00472096064995526,0.016987626207168992
10570281,0.0018849708977825262,0.0045098170979450776,0.0017975206422041808,0.0016941264960816055,0.0016315441496456936,0.8586419864923805,0.09388447457760674,0.006055743375253595,0.029899816271100072
10570444,0.604162023412495,0.0073099360062003,0.004812153291021419,0.015900926906480945,0.0075208972202824515,0.2532849863359169,0.03774316436881225,0.01792234496583135,0.05134356749295954
10570516,0.003997974737554413,0.008301564077615365,0.0022546144298021265,0.003041597843166271,0.0032994275325459415,0.8564356200972072,0.0667311057305274,0.009227314929326411,0.04671078062225483
10570563,0.009894833694409234,0.0029591868882711935,0.0022855676459136846,0.0017022344198012725,0.0013043146186188872,0.49204278477520447,0.35546195416030163,0.009690582879272906,0.12465854091820674
10570908,0.013149246581663847,0.0035247726614947355,0.0020246328292081407,0.004589936748762453,0.002685692736189075,0.6494535207492156,0.23471076559726375,0.009624754871877288,0.08023667722432498
10570962,0.005410388616240772,0.02561077814713187,0.013747551940329642,0.006564094200004186,0.005789463536009178,0.23020320265964517,0.0307111437371074,0.31950318197026095,0.3624601951932709
10571126,0.010881492354158407,0.003475231120055345,0.0031610849271658348,0.0017037076336833266,0.0014040581002677957,0.7726543298217718,0.0732783479198916,0.011464209187681266,0.12197753893532463
10571129,0.04526441143890784,0.007819460413613276,0.00425806346454103,0.009942576794280088,0.005788891570590934,0.8501791121746733,0.010785758095370572,0.01943838807779323,0.046523337970229714
10571130,0.01965544842790643,0.021544538314011645,0.009304608158385665,0.03398616789752084,0.015380394634861863,0.34777237402596695,0.006661910805082005,0.036490381757882065,0.5092041759783825
10571150,0.007549348464017712,0.006833588606010674,0.0029804863694365465,0.002888521980086434,0.0029948659587895644,0.867593045455867,0.03387886433839337,0.014584990653243016,0.06069628817415567
10571157,0.033004720452409514,0.0036518800762421967,0.006809636846522719,0.002788125729926745,0.0016260154649856402,0.4277515821066193,0.38917033643310184,0.018242746003310915,0.1169549568868812
10571249,0.004440911411675664,0.0036938323116073846,0.0015533462141980245,0.0012244766121851565,0.0015738873173219402,0.8496517623531428,0.059269345573026926,0.005271727323041543,0.07332071088380071
10571563,0.002385696210530196,0.1024962099409792,0.00511927188263989,0.006466735169495981,0.027338174142101473,0.7286703701357354,0.024249361496294964,0.01916379581312012,0.08411038520910265
10571600,0.0032248143894730357,0.004884273544817684,0.0016177971071176804,0.0016430123584363098,0.002749022119834947,0.8857742313135786,0.037130451017437664,0.005898872607594406,0.05707752554170974
10573894,0.005908192397909714,0.015253720590189158,0.00475491797909273,0.020781878026141547,0.008927691389025993,0.8186805456691355,0.01541043269848222,0.046621304907272974,0.06366131634275027
10574347,0.004706537993233873,0.005091468901739142,0.0023545404280536242,0.0033319533149641623,0.0021028072423688393,0.9126858372759918,0.028328480846150857,0.008584327817898703,0.03281404617959894
10574370,0.009164302563479361,0.003749232167140697,0.0018469358613828126,0.0032513224915974247,0.0018112597751470264,0.8864990301930977,0.029976298274444375,0.007741440200983751,0.055960178472726746
10574372,0.005906913733956758,0.004124408036448622,0.0030149664569119636,0.0011998889567768711,0.0012021044322597613,0.6423753555087124,0.2800143681035543,0.004928606375526575,0.05723338839585269
10574408,0.010037083619136222,0.025167616038626026,0.00403763200807501,0.025462070352848653,0.01985280411665289,0.8403830963952561,0.0038412484038635158,0.020541016504836133,0.050677432560705546
10574430,0.002092528790768854,0.005341073351984705,0.0015859434232766564,0.0016281101803736924,0.0020626282826398386,0.9209701986752711,0.025988261852923026,0.006434383657078403,0.033896871785683846
10574439,0.012844771278703695,0.005638148055247503,0.0025434179139863645,0.004203186105463837,0.0026944615565800646,0.8919102759124428,0.017886075158569607,0.010034763869314576,0.05224490014969162
10574456,0.008799337484107814,0.007668996575842141,0.0022422761806751555,0.002893019583103212,0.003351007784601491,0.7042628318633525,0.018492600597238815,0.008540138236250683,0.24374979169482824
10576038,0.10338666620219367,0.010384113629302518,0.0031589563873696057,0.006590936301802066,0.006167987291236869,0.7804039469081222,0.03150236757258972,0.010642884331224421,0.04776214137615893
10576770,0.00546588412353686,0.007002610712741394,0.0025543557142640263,0.011370243079140427,0.003388054000784355,0.8793127741614318,0.014684608357881011,0.012725827089342286,0.06349564276087774
10577118,0.0016413809831340497,0.020144499282648918,0.0027876255227011365,0.0035176990388073033,0.003646938544864911,0.7873683994053232,0.044821099890940984,0.017229519733225816,0.1188428375983537
10577354,0.0059480212007725665,0.002491074769694329,0.002388825771666525,0.0007438906546750963,0.0009800762489007764,0.565615285690041,0.3790759974940861,0.004614892881004713,0.038141935289158956
10577622,0.0012929318219136816,0.009209231350571688,0.0023475629958492113,0.002186938982746501,0.0019249138291862426,0.882115904520776,0.04382945988027813,0.011726505359420335,0.045366551259258175
10577723,0.0018142929393526164,0.0021069771361745667,0.0008010865484727858,0.0006252137415055402,0.000955786013042638,0.9197480810242467,0.05569272009686765,0.0032911747499305565,0.014964667750406982
10578130,0.066727120071289,0.010938430071493633,0.005871418166184294,0.016380669080001978,0.009329710324585735,0.654282569283512,0.07791014188757522,0.015396708330227956,0.1431632327851301
10578295,0.003676093936965115,0.0033950975748189473,0.0018994269881470519,0.002283671417593182,0.0014690474822221192,0.45682061959845904,0.4626257338180515,0.006815686653219486,0.061014622530523636
10579132,0.0025366455920816156,0.0015061324003034777,0.0007915048517199953,0.0005855162862878485,0.0005024666588866707,0.5164054598575736,0.4546609978454385,0.003194549603106383,0.019816726904602053
10579372,0.0020327813688487332,0.002631637876628308,0.0017774921929164498,0.0009252074493343653,0.0012004098854208113,0.7815990625245611,0.17484092710625412,0.004059917626575565,0.030932563969460588
10579452,0.0015322229386762407,0.02383725816166325,0.004582279568595883,0.015286454165864006,0.04711470713295147,0.8333243857296138,0.017785694052018734,0.023595146352007074,0.03294185189860951
10579754,0.0012772967337949862,0.012517492487796511,0.005795859635340809,0.007177106913883348,0.02842732457849815,0.8330799843035505,0.01572890639192776,0.06001552094656921,0.03598050800863878
10580098,0.002278127874221465,0.01851908745101832,0.0040089399691421775,0.0023622739194842867,0.003737191666776323,0.7625097533039237,0.14327590182987548,0.030164951461155404,0.03314377252440283
10580150,0.0017111530582309552,0.0034237864402493295,0.0014980076405708314,0.0014864130279850082,0.0036676303559980586,0.9360322666255383,0.03387814687644767,0.004250207048515133,0.014052388926464798
10580642,0.0041719359250791685,0.004809968133083641,0.001439790443606388,0.0018972702020129436,0.0024019539810279877,0.8676314560303947,0.02467752508698176,0.006655186215479858,0.08631491398233355
10580740,0.004292340118410932,0.0029655845515137317,0.0016408390932544689,0.0012806407542986387,0.001289588769462821,0.7087672157239091,0.23377217195260652,0.005727603584123102,0.04026401545242064
10580745,0.0028191592416964327,0.0025856005733391435,0.0015697690255511711,0.0009839339934106107,0.0010171114533545865,0.6151025245627618,0.31524453175706024,0.009987462722559725,0.05068990667026642
10580771,0.005574268213001681,0.004995582198680977,0.0024206654511231673,0.004253029545010681,0.0023536703628840236,0.8611298131016205,0.02042601819865226,0.01767132008350122,0.0811756328455255
10580995,0.003842336985387314,0.017534776489341514,0.0035428132093371007,0.004112931348587479,0.0024520413201665958,0.616572494532293,0.07712652218690047,0.02709542785496285,0.24772065607302354
10581310,0.002484742997265813,0.004884657805418689,0.0018931781126872728,0.0016706363425327338,0.0021507773083820287,0.7548233208348222,0.1818862593327377,0.005998815870065184,0.04420761139608846
10581368,0.011596821455001731,0.025347635819041134,0.008274950658450037,0.09650470139280273,0.03976077036061429,0.6486028029205393,0.004002682193034735,0.07268133582751235,0.09322829937300374
10582173,0.009690282161574968,0.004414864212127163,0.0023871045842616366,0.003219373577505322,0.00523300016689288,0.9003791465293779,0.03363453912323743,0.008162627295388108,0.032879062349634613
10582418,0.3131241134133369,0.0063460997886325395,0.004128937093152318,0.004848207719396408,0.012243688018689225,0.57341089831152,0.036515619735325966,0.008055441778868884,0.04132699414107764
10583009,0.003198154428104386,0.0027353086321887585,0.0015282801642595419,0.00082330107924272,0.001901686773302846,0.7660997968020427,0.20585903433107108,0.0030756471451447915,0.014778790644643316
10583434,0.0015798219619176097,0.03174211357316956,0.004732562574307307,0.03714985035806622,0.007982490635007304,0.8291087120709439,0.01401400805037825,0.01810385124504192,0.05558658953116788
10583521,0.0022848858764047382,0.002055443372597856,0.0011924272978518758,0.0007895622237422786,0.0009324348734769776,0.4641611719489366,0.4929710451094302,0.003754455675266875,0.03185857362229254
10584210,0.002163155466778997,0.0036760265072319906,0.0017810421815583728,0.0007992603286362575,0.0008392741852986431,0.6742988020604803,0.25913316110653234,0.00562270855221143,0.05168656961127168
10584222,0.003675715357249527,0.0030797667129140918,0.0014819134986833664,0.0011484740734951193,0.001188543065456706,0.8496904832077155,0.11453740983271915,0.005305749160842655,0.01989194509092387
10584314,0.011394947208788659,0.0031237993588731014,0.004874535035589563,0.0019747737199327206,0.0011725977100472502,0.13013752031593628,0.16124195147233839,0.01938621153065775,0.6666936636478362
10584430,0.005407013893990816,0.002062894620166035,0.0009989739005470358,0.0007522298969672277,0.0008705299568747547,0.5954856572357077,0.35711826906060157,0.0040558512691034705,0.03324858016604127
10584519,0.0031989522633761214,0.018534858475702777,0.004324531327501256,0.0024091576234618983,0.0042542366424517,0.8560544685215519,0.06993173093794881,0.012774948156710013,0.0285171160512956
10584820,0.003466366520818648,0.036229617805536116,0.00336193671023001,0.0033918213932618104,0.03051532864012501,0.8311781270317741,0.042491541566748045,0.012533759305691668,0.036831501025814714
10585136,0.0014987703764374114,0.07639005912724096,0.004216370591979949,0.04353471688047732,0.010697237408411685,0.7836971610857589,0.018618785316398368,0.03642451734098123,0.024922381872314246
10586849,0.0029300034355045773,0.004843911035273288,0.002182568221655745,0.002597501231180528,0.0036092202624288926,0.9361317918143942,0.028460544562492914,0.00493187022768064,0.014312589209389198
10587734,0.022865304039858817,0.010069060088184915,0.0036884748469606203,0.002072744143169496,0.00391876699835172,0.6890502227363512,0.19218335850415974,0.009579868304280675,0.0665722003386828
10587840,0.004763485055593486,0.007204468929240407,0.002971483846967199,0.0032946091703061,0.0031047093551877297,0.8923167324431979,0.06565861311906963,0.007920088194714028,0.012765809885723681
10588529,0.024290703197115723,0.0007484667189462238,0.0020111011709051975,0.0005995305916778269,0.0006061818435955224,0.02045391015474859,0.8504311397542772,0.002915059903652085,0.09794390666508172
10588664,0.012161951277158582,0.0009983443391304628,0.002333360450619413,0.0005077708274542793,0.0007035482483224564,0.07199193469104766,0.7530912208787908,0.002960156671677999,0.1552517126157984
10588792,0.02190188570964275,0.0012675661921913864,0.0030474176822034536,0.0008543694871996323,0.0008049998585624564,0.02702650266763406,0.18378879461127323,0.0032798459184980207,0.7580286178727951
10589349,0.003899155514171064,0.0012413344158949406,0.003067745126578577,0.0007775740907638599,0.0005960157302231182,0.1524295642991439,0.15111701083961254,0.004002673650906654,0.6828689263327055
10589410,0.13054041017167217,0.004685975307633826,0.011631638171820124,0.009440366041038206,0.0054779460954918835,0.4013628270831245,0.10770980014051626,0.03049751497089028,0.29865352201781276
10589411,0.012773753168675869,0.0021172539469224145,0.003295424115193962,0.0012418944952166556,0.001684118326462505,0.15032238484141142,0.07555222338599343,0.004641112133090557,0.7483718355870331
10589472,0.024063841746306186,0.002264793981523733,0.003920814317153928,0.0014897957699036484,0.0018677439094290016,0.08074559386814412,0.19740507521628434,0.005902990084084698,0.6823393511071704
10589485,0.020850201199435987,0.003165191099947844,0.006762143368133086,0.003370928089008069,0.002709931999775554,0.11487530090196492,0.026032649373364854,0.009475032767821157,0.8127586212005485
10589763,0.001401758076136086,0.10299100617027401,0.0047173580989447236,0.025208625776025693,0.00678651196948543,0.7852856089342002,0.022235915393120663,0.03258298577969045,0.01879022980212274
10590733,0.0030814467494323736,0.01830823888134881,0.004905143574311968,0.05701496528921739,0.020196827704468963,0.8450152986658435,0.006177318100973994,0.034631463522405856,0.010669297511997246
10592587,0.23974828901810552,0.009108355941154354,0.004172269099495171,0.007988276162214078,0.02109281968849272,0.6208287307740733,0.014961410739646002,0.01274472825297012,0.06935512032384872
10592944,0.002399340504415831,0.01916768444939815,0.006703399220924251,0.01749685992161425,0.04559877460120178,0.847704879356531,0.019644350614265393,0.019115647520654793,0.022169063810994524
10595034,0.005010993728740941,0.009248391821837442,0.0021213262450182615,0.0034079138368971903,0.0071157238769829325,0.9109875043106891,0.020338152861645968,0.01079644222114952,0.030973551097038716
10596119,0.0020116918216368687,0.006540931145158478,0.0012212752043731267,0.0008587279382892813,0.002658578116374547,0.9228884136765053,0.04179997786949107,0.0036204846029669322,0.018399919625204358
10599481,0.001568000257350582,0.002503636162430602,0.00061538819377408,0.0006318743395826952,0.0011182972500833179,0.8261474206177397,0.1518396679140642,0.003627509650619711,0.011948205614355204
