track_id,Clutter,Cormorants,Pigeons,Ducks,Geese,Gulls,Birds of Prey,Waders,Songbirds
6868504,0.05487038855818994,0.03126744261427011,0.15460951819228544,0.17012321763935087,0.4826069971425271,0.028200890498418514,0.0018364136609571565,0.02627429372941275,0.05021083796458829
6868536,0.05830582966266369,0.03697244403072029,0.26492312249558164,0.10592672176311,0.25742226583921657,0.11572110543410698,0.0028554013136216127,0.04082256394058331,0.11705054552039576
6868565,0.0309515123059166,0.03129787747769846,0.0779870082513901,0.09234370390914971,0.6788522959065058,0.031919693208602565,0.0018426949519872015,0.022255104371390715,0.0325501096173589
6868861,0.00544056663099835,0.027404125544426523,0.0030789431218499223,0.03736855796678941,0.9082590820485761,0.0063840189633700825,0.0005524549965147172,0.007561729326423813,0.00395052140105114
6869275,0.0026959524385691026,0.02158402366201153,0.001940567529598922,0.027436160946945048,0.9265799641238465,0.008349743584461139,0.0005321490572710046,0.008057252651174917,0.0028241860061218454
6871418,0.03000897951007381,0.056710715975646475,0.3396749748457333,0.08293639457048749,0.10739305785982053,0.19132701764787685,0.0036786217074867367,0.12180590041558775,0.06646433746728711
6872996,0.3137610944319301,0.012177097349731793,0.006191763069292718,0.004711797846523909,0.04626940785411191,0.5028236683811894,0.05739709833914492,0.011196530338721913,0.045471542389353366
6873817,0.023119557508452845,0.030342441457201687,0.013241460898536261,0.018807710908539263,0.7106392127253943,0.13496427981572603,0.005416232879855984,0.024981851014100092,0.03848725279219364
6874023,0.0037140946531490503,0.029994958623569604,0.010950368749711321,0.020477674442850265,0.03843581320591582,0.813785135231984,0.008727934090394537,0.04527201349181632,0.028642007510609146
6875504,0.004604472352001195,0.01841121452484591,0.028255333924357064,0.013033383945435396,0.013963749630282962,0.50078763571735,0.01875661744993657,0.02610770817464258,0.37607988428114836
6875899,0.007610556125304538,0.01141856830725696,0.008286020131783759,0.0031446379770172232,0.0032781984774817785,0.7244909584290871,0.12640318415357576,0.010856705268204302,0.10451117113028871
6877293,0.02368730005685131,0.01384744691233607,0.03587554752916874,0.026101939227022235,0.0069938055606657,0.03248052513554084,0.015295641676446509,0.020939861238236053,0.8247779326637326
6880408,0.007749548790979661,0.015147694833500256,0.01460733302597885,0.012026768293567813,0.007919136398038528,0.7618648852903589,0.03222255513274683,0.018492645526890072,0.1299694327079391
6880690,0.006358404493692581,0.017069243008401208,0.037488658815455406,0.028023602989244518,0.0166061159700943,0.536014886749728,0.014415316016171619,0.03132885713310492,0.3126949148241075
6880833,0.011635370724590264,0.0037897014897927215,0.024156309013651997,0.003167343554339834,0.0014773329078524389,0.04443957380678473,0.3541728299945693,0.007500792933922166,0.5496607455744967
6880956,0.0013988867904413374,0.016358471023189426,0.0038331679035427464,0.0038466766505215583,0.007131991834417618,0.9157294145705224,0.012755240727550613,0.013871518785094218,0.025074631714720227
6881733,0.019379208989977373,0.0017451227452832195,0.004037826085964463,0.000920886436826375,0.0009054556700266495,0.04593201925050459,0.8748459072585429,0.0032689803492780495,0.048964593213596426
6885154,0.04123316600208424,0.02278841118844597,0.014312516170221761,0.011362960826632407,0.01331837909852666,0.620829881761011,0.0717717232452809,0.028246080558575765,0.17613688114922135
6887294,0.022748438159909116,0.008547635124767142,0.03702962984724413,0.007012568877534327,0.005978837667673317,0.256742661206668,0.01750547380898497,0.01312081751021274,0.6313139377970063
6887586,0.0544938163773169,0.007517514148081931,0.04342260796799239,0.012777218126737086,0.0051905299523002605,0.07196999413766786,0.013302461939909437,0.015046514349605218,0.7762793430003889
6887600,0.03226844771278489,0.007070227469874474,0.047802859594764734,0.01323981825040518,0.0039879950130716916,0.02733280871629893,0.01229398830368676,0.013360396311202172,0.8426434586279111
6887637,0.02561007075976924,0.0356676868717362,0.04210849867018935,0.02127506240239517,0.022212337507380633,0.11001691502278421,0.019587184000324383,0.017596999595764835,0.705925245169656
6887702,0.05360886791155406,0.006349377699954301,0.051439250607247425,0.006319119548423072,0.0026971749401097016,0.048520001560449035,0.05535844869579326,0.011332516313583535,0.7643752427228856
6888243,0.01434704975903976,0.029898621521958012,0.029978199972802537,0.01679686760459144,0.030440908549373438,0.10355553630374126,0.015095536833561362,0.018503799774761742,0.7413834796801705
6888737,0.016785749606434017,0.01958193088901277,0.0774212760332385,0.03282695377288526,0.020403769086030962,0.06977018395244441,0.00989274634346977,0.023068727566935267,0.730248662749549
6889024,0.03920109224800237,0.0033992663512726687,0.035241088336355655,0.0033898565419523616,0.0014918504333609763,0.032893614555505206,0.13108326168996368,0.009651642718439678,0.7436483271251474
6890285,0.01569929866680504,0.013183035169290026,0.009269078617905652,0.0032777936881805063,0.0033430162653069616,0.2435841633471556,0.6148108002804226,0.010540620383968025,0.08629219358096547
6890416,0.013519623234227545,0.014919226656931846,0.05664411580876798,0.011815063927352772,0.005772506191780699,0.1906509592055569,0.06510258771307961,0.04410508614267583,0.5974708311196268
6890579,0.018801075000964437,0.006017549282754056,0.06609825959714237,0.004944374267968448,0.0019601473971220433,0.03015971881437899,0.07020173522782909,0.009826512060388001,0.7919906283514527
6890917,0.01462775783064336,0.004158056723768102,0.03458674977738294,0.0030294278054481716,0.0017486424386315925,0.09045603829211087,0.5278248623330049,0.010202354558937027,0.3133661102400732
6891091,0.042253688127427386,0.010275881670399108,0.11623086517321043,0.047143177890517675,0.009664745119351753,0.015634677277324916,0.004894806853247453,0.020229485815338615,0.7336726720731827
6891208,0.015006726937243335,0.005084036583469425,0.05175051616863122,0.004023339823184632,0.0018259934541502367,0.04360604515129963,0.05081419281905395,0.0072600882601769196,0.8206290608027906
6891245,0.010905471550735204,0.004118806336512478,0.023816369108379483,0.0022222640717976566,0.0018642795205800098,0.09998324678258572,0.24312840543130956,0.005791335834983862,0.6081698213631161
6891309,0.005395067272504397,0.004969175215135519,0.01975932301371856,0.002633213811615549,0.0015448784813642201,0.04946275855987128,0.06252286000152711,0.007391322896804197,0.8463214007474593
6891366,0.020159980542891517,0.0025328181688317884,0.01608623501447298,0.0022431213699367356,0.0011505008117880682,0.02247537925800504,0.07300487748774262,0.004125203948810077,0.8582218833975211
6891473,0.029778143927313094,0.009121098273479455,0.07029867912713576,0.012825032161093614,0.006168398793933444,0.07818430900670853,0.015284924450181965,0.015844102597247417,0.7624953116629067
6891484,0.015404029576329602,0.004697998854755576,0.035245380433946365,0.004620351030976114,0.0016705188776723905,0.020935237490125262,0.02858285109312176,0.007024005517593801,0.8818196271254792
6891531,0.016600981550791698,0.009838060294609085,0.047853988109452884,0.004391889424875628,0.003044032471070552,0.14461484924421875,0.26527242637607257,0.010666076744148833,0.4977176957847601
6891557,0.019509662466822904,0.010156320302737732,0.11771434380666748,0.01196642928556661,0.0034962046078260006,0.02076671608162745,0.01455435752499883,0.017156470488706468,0.7846794954350466
6891579,0.01044666392267385,0.005135206596916293,0.04906357185041815,0.003447640882063086,0.001909993458860428,0.04277480765145055,0.1121828431960725,0.008033686826023801,0.7670055856155211
6891867,0.044500901076855205,0.004098771594396445,0.03629290414498791,0.0027080267313541627,0.001679308002629121,0.05278951622329524,0.7233709117990076,0.0070343005208083125,0.1275253599066661
6891888,0.024929081070637595,0.006073448827507106,0.03545696363384345,0.006186171157407539,0.0024777519186808964,0.026543346006242703,0.03601332062319305,0.014285548510806743,0.848034368251681
6892297,0.036635037411023856,0.0022844794456674325,0.014293978638874466,0.0017161637947640557,0.0011040686047001707,0.03217431881276046,0.2853270845810395,0.004752622877542734,0.6217122458336273
6892562,0.013505131474665585,0.00413713351338873,0.021822669611273927,0.003172715844799935,0.0016112971300069805,0.043410199464104654,0.6037648915621815,0.00847103158858639,0.30010492981099235
6892587,0.017684383380782837,0.005399166859414627,0.027253617683847847,0.0037925275340472907,0.00213169232916497,0.10396942357387355,0.17857379705917792,0.020386564304361424,0.6408088272753295
6894293,0.007747077259467805,0.3368091869797619,0.029558260761738047,0.08144961629273259,0.09816039425624153,0.33286872814254714,0.0040794690309751015,0.05164855936911501,0.05767870790742083
6895609,0.010933386345448272,0.01500625173876171,0.13527180311103368,0.038512765645899574,0.005916687236389285,0.022666461009557097,0.011152685354914591,0.05688716440692762,0.7036527951510682
6895723,0.0261997399836608,0.0034474932582513095,0.011814681735198859,0.0017777984682734909,0.001961683284685897,0.8205319037967472,0.08018514178484745,0.006930570081634787,0.04715098760670018
6895905,0.010881178507018693,0.0038138839643978364,0.024911578664370146,0.0017556383096686812,0.002033383487288277,0.640496623351068,0.1508579447214147,0.008414130153577979,0.1568356388411956
6895906,0.024445222285433544,0.004481708507206109,0.06171217366696966,0.002746821112898881,0.0024118118305450943,0.7484594852771226,0.0702626029599741,0.008582952136649048,0.07689722222320095
6895927,0.03133823966479324,0.006391788236679219,0.024801058543394892,0.003661327423963816,0.0043947321371843005,0.8029706790554748,0.04014553768306256,0.010361591819620401,0.07593504543582674
6895938,0.012899341977515102,0.0033893410427194228,0.024019122348368394,0.0015768895751031124,0.0021571707104988923,0.5678714571943948,0.2779964964081149,0.008568090636628067,0.10152209010665722
6895939,0.01639317205748973,0.003660800634303187,0.016581098141272805,0.0017264042637155376,0.0019783814335555595,0.7346437856043565,0.07368000943054694,0.009560935110702481,0.14177541332405738
6895948,0.009680361263785558,0.004150571637470875,0.015051023843416028,0.0020395482426744946,0.0022227059791310576,0.7512173443653336,0.06894316162003099,0.010029590666009048,0.1366656923821483
6895973,0.02526629248696982,0.004499355408120563,0.07174285776981978,0.0027830651509382354,0.002400476933541956,0.665260036711713,0.07653492833435128,0.0103517443551549,0.14116124284939055
6895974,0.013155252398463461,0.002957530911507356,0.015266176064246796,0.0014778592633645207,0.0014915010964083194,0.6621605197506487,0.1763372474821138,0.007425964640613735,0.11972794839263329
6896754,0.007785905793868462,0.003887803232013677,0.018828022759774764,0.002397364428704706,0.0013831354351933306,0.16487774760796475,0.13691828606911766,0.007456439985700862,0.6564652946876617
6897915,0.007759176243932646,0.03297621541063862,0.13608806132626522,0.0491620446845959,0.04506246133454635,0.23324126534460995,0.011053746302260416,0.1980944170315181,0.2865626123216329
6897964,0.04946422935595654,0.018106047801266744,0.08446834036776213,0.02819710665989105,0.044026325488390625,0.08347118596970425,0.012210806099224846,0.022597027147118705,0.6574589311106852
6899282,0.005497791294369135,0.002783012850166862,0.006842838412027213,0.0016033143802654994,0.0010016226677318867,0.1149230643734478,0.4581181957509628,0.00639137411584165,0.4028387861551872
6899294,0.014065906503121702,0.0028530254451127777,0.012304989081151779,0.00244485246601848,0.0011521734220787646,0.03512840287470204,0.7636040900082587,0.01087925405068697,0.15756730614886882
6899376,0.009246001006010486,0.0068947087323313625,0.04150999788645734,0.004536260812483519,0.001929732032175517,0.035220850014581535,0.12926260094435227,0.013194235315573214,0.7582056132560346
6899506,0.009424631941085051,0.0021395321348311163,0.004214667350917135,0.0009668049108849722,0.0008462741151987086,0.23728022549295835,0.6599615381851567,0.007203830437578166,0.07796249543138983
6899530,0.0192246940044719,0.005875981802011135,0.025230348009144817,0.01568964990945078,0.003104031821743814,0.04654131084972377,0.01407264094450071,0.018472714619238995,0.851788628039714
6899560,0.018930963980475394,0.004396570614731894,0.01528215600653002,0.005863889008030712,0.001978623206440095,0.2187974150994392,0.08022997713447307,0.02270734421087521,0.6318130607390045
6899670,0.010787456858857595,0.002646956463328163,0.009306352047217756,0.0022845293840443133,0.001365424393071071,0.04659567815898741,0.033294419989303804,0.0069341453636280765,0.8867850373415618
6899695,0.006938079898226013,0.004432397081239979,0.014925464600756376,0.004665886554249833,0.0020901570672355522,0.05514624304949198,0.022370988073259372,0.008263966137098781,0.8811668175384422
6899730,0.007737435637384022,0.00482202776990959,0.011879355544071551,0.002843158272736878,0.0020772411086542376,0.11316801168430042,0.22809105154227574,0.010987652179240482,0.6183940662614271
6899754,0.01525318907852589,0.008884790823361126,0.04245570518062029,0.041198207330252166,0.00882674559626169,0.049110931731904894,0.00806316072576868,0.0265954866319284,0.7996117829013769
6901206,0.006439294588696005,0.006283367017711894,0.019498638733600356,0.003420743210184,0.002032226024124331,0.30714110688008983,0.3394617963988635,0.01602874157880123,0.29969408556792876
6902131,0.0031797923297066954,0.004748345118193401,0.004241345179121218,0.0016417744544865794,0.002305255689030284,0.8292712768772209,0.11111103756765606,0.010573308698593822,0.032927864085991056
6902271,0.01585620242335897,0.014566978211738258,0.044381555163767315,0.020674231691454523,0.015670973476811505,0.10157859473028304,0.008595183990765167,0.022844054747118748,0.7558322255647025
6904326,0.015947284884930198,0.0024172753366560646,0.01642692397628282,0.0035711442270651064,0.000869338490025645,0.013043597705570554,0.03388247648979957,0.005851814075909299,0.9079901448137607
6908023,0.002866302478035763,0.03292226306750624,0.013309209518525652,0.06293891068863236,0.04699229637491038,0.7667685153794691,0.005256141629528365,0.05419598953765964,0.014750371325732545
6908625,0.0097072989462228,0.002928614436303812,0.013931143488567149,0.0015572779400808158,0.0010330586663865383,0.33951208670136884,0.3613374624396898,0.006513975145328808,0.26347908223605143
6909657,0.009135457139794955,0.0019418297884108656,0.010545672551486284,0.0016586643070979938,0.0006333926229640055,0.01931462289975718,0.12971633498768387,0.004835002429153441,0.8222190232736515
6909786,0.01824759133532261,0.0035478977032958364,0.017376814765426518,0.0044161040925056,0.0014159135103796552,0.028720121026128184,0.04375037876411003,0.013038249987756271,0.8694869288150753
6909952,0.010765845142779968,0.0018815172914518204,0.011689066283815054,0.001812176460952494,0.0006320541435182984,0.020227633381843718,0.2968955472143283,0.0058291733655801686,0.6502669867157301
6910003,0.01355648689666822,0.002239764623860796,0.01578999559694907,0.00250579178440667,0.0006774320522521911,0.01390012819461273,0.06493569869792812,0.004535757033879416,0.8818589451194428
6910407,0.004166209789775971,0.0069775381875486955,0.006260935819838359,0.003375137265562368,0.004235189016617273,0.916160321513715,0.016892395987393814,0.018127573749182724,0.023804698670365956
6910422,0.026889357452412922,0.0031986105819334205,0.016088234349126308,0.0038164552650756765,0.001111115645974436,0.03823026518158475,0.3376819495985732,0.013836310992013323,0.559147700933306
6910425,0.016876860202132478,0.0015493593204587502,0.010506599636706745,0.0021389101721290553,0.0005830316936048744,0.011864444438317355,0.06183510648112409,0.003999201086383782,0.890646486969143
6910560,0.01797808457768793,0.008015550091234494,0.044651101521183435,0.03740710378815506,0.0036534045950597145,0.021051993632079765,0.010199225400434683,0.10660510524219559,0.7504384311519694
6910590,0.019910698430549878,0.001706555187727046,0.011323632605942487,0.0021805885793141377,0.0006107592553440061,0.014614190231692283,0.08073471373220838,0.004890745060543265,0.8640281169166785
6912744,0.0011456273356700093,0.007908170348008071,0.001803857545330071,0.001650848600200288,0.003302652739731646,0.9413965610018685,0.015124786289233867,0.016960799754866647,0.010706696385090949
6919118,0.00893088536161611,0.0050576264701754576,0.011680393218442907,0.0025768963644978537,0.0017313721098591698,0.4922389451919387,0.1696358390399,0.008215879254887799,0.2999321629886821
6920152,0.007975202093215105,0.00499575191805583,0.02195736673147503,0.0027382472539704823,0.0015886711492898193,0.655472584455006,0.14628625714195195,0.010445931766373465,0.14853998749066225
6925791,0.004539573339455753,0.006844107633530542,0.009617991403959249,0.004796012434464508,0.003002285781398828,0.8441098605162312,0.04721884021251316,0.01598043113116254,0.06389089754728436
6926246,0.022939657696214415,0.002800804023142942,0.004594238141571546,0.0013373887164798855,0.0013639975313461182,0.46057145658530263,0.466374245324231,0.006740830525963975,0.03327738145574747
6928841,0.025247741238785884,0.02319245235813034,0.05923145057016943,0.22606138476677418,0.04238652007321529,0.09434127052404327,0.004249597181052088,0.48771021717697516,0.037579366110854315
6928933,0.006341020958216506,0.006976867821424109,0.004934049926202333,0.0013825140635371892,0.002235980914642096,0.8173777445661286,0.12029703793168026,0.007518818091226685,0.03293596572694232
6937241,0.029174539649341073,0.006390516488225531,0.04519314738635405,0.010524540378549321,0.002143159544583709,0.015462556528208327,0.01238582015724676,0.022355909973509554,0.8563698098939817
6938426,0.0033096502121518715,0.0032242002725717386,0.002881978969356932,0.0009724054309056567,0.001253109202512893,0.9164065819562066,0.05127015963833195,0.005909933630757261,0.014771980687205113
6938530,0.004615414828437216,0.003404473206123399,0.0025288655277543124,0.0010247050508367384,0.0012036022783931692,0.8541286426346936,0.10975248065055437,0.00789251661801485,0.0154492992051924
6938682,0.003561892049924645,0.001888455313088832,0.004748826482076582,0.0008358158464001439,0.0005340293674516879,0.09246207823781219,0.7762310426866186,0.005799580129213885,0.11393827988741348
6939166,0.002777486045935031,0.0030291852658658235,0.0022104413488126303,0.0008708419692491597,0.0010459228361103248,0.9013782609406162,0.06698137802591726,0.005643288821341075,0.01606319474615223
6939222,0.007163998862959778,0.0014153222341983904,0.0034168586037603256,0.0006119319819774408,0.0005200653182479455,0.11018977876957495,0.8281960556090842,0.005805616027906839,0.04268037259229018
6944591,0.022635165876663272,0.003945703307983809,0.0132693278877964,0.0013765008750107027,0.001258845077241676,0.4499412531149135,0.45204032292994933,0.007407002969310935,0.048125877961130416
6947293,0.0033231147595463627,0.008652347803740794,0.019083759922946277,0.004028369479844286,0.004862226966457435,0.8827719797662851,0.01985296830088249,0.023393064361211507,0.03403216863908584
6952804,0.02390134240899529,0.012181158094224282,0.2556966890641119,0.01282086568490013,0.008480762580266827,0.4214854596183852,0.04253921137607575,0.03442923460431839,0.1884652765687223
6975207,0.006665355584799455,0.00628335668004515,0.011142851293609387,0.0022127158000965408,0.0018142528060559385,0.9048315746528884,0.021359067811985457,0.016614460597359278,0.029076364773160314
6975472,0.003227377335839884,0.006048604564141906,0.007870083388631164,0.0017584903137063364,0.0017378732755775662,0.9059120286564785,0.031139680295385923,0.0182529015338103,0.02405296063642838
6975490,0.0038166553004155574,0.004830032004758219,0.007379265132374771,0.001471063280958222,0.0012619832618034645,0.9106652310860749,0.021111195366824553,0.017863420726278716,0.03160115384051165
6976427,0.0022058213374749093,0.004342107292417344,0.004124312000691742,0.0008342461266249769,0.000858533728878591,0.9254999466186127,0.01953945004165456,0.013947675346293393,0.028647907507351814
10551287,0.0031869533533597054,0.007131054586435209,0.0020890629975806483,0.0022212258961867154,0.003075906250806916,0.9172652347773114,0.03872198032022023,0.006944234028789913,0.019364347789309365
10554874,0.670607660200485,0.010726720175269723,0.00633122464106122,0.005320056020047567,0.012599715102231549,0.17351892769179153,0.05652211386761311,0.00812775523853841,0.05624582706296207
10555071,0.002423631786685383,0.004940888043993823,0.0037952538806535065,0.0021858106553257297,0.0014486216154925295,0.8037759546450133,0.061142257396770754,0.011014510312033517,0.10927307166403154
10555459,0.003117747836993643,0.026526062789454918,0.018755314086788367,0.011821602334906353,0.006162355799539894,0.3977002630200956,0.021419823572069896,0.23762325549997354,0.27687357506017785
10555968,0.07891058198073952,0.04748517088337911,0.015033894639622496,0.19896432275360865,0.1145204686456201,0.24575227038740063,0.004203344374090923,0.09509389098692922,0.20003605534860927
10556692,0.008809947021789728,0.01587286722582239,0.009281022002381518,0.008333375842394162,0.004454810316014354,0.2945443216258178,0.03763316933250109,0.0442366572543617,0.5768338293789173
10557065,0.000723416158132908,0.01496409865434822,0.0012682464104342385,0.002246036690166482,0.004864241125299649,0.9384830510369694,0.014060622386397678,0.010173854519054568,0.013216433019196921
10557235,0.0017680227249643153,0.01940433362766048,0.007841533188546385,0.026680660530876567,0.008569823265304035,0.8335429287792642,0.008611362084980022,0.03632793253613576,0.057253403262268306
10557310,0.004841551719052444,0.08781520664574674,0.007282025275372578,0.012557103408283823,0.04204388859713187,0.5793968460814355,0.006231370108767349,0.02303217784708326,0.23679983031712654
10557603,0.001976015364481529,0.02063236528701316,0.0029598413735295323,0.004294720088721125,0.004832185777481924,0.8836518595202894,0.015466693388410545,0.014858005214703443,0.05132831398536935
10557649,0.0010431104877783818,0.022065578256465906,0.005086512451826693,0.005119451903178742,0.01330724093837191,0.8912411077385989,0.006450961103528479,0.03223571099772355,0.023450326122527475
10559369,0.005181578731671488,0.006774030797830961,0.0017494949205648903,0.0011310501423726165,0.002775416664380268,0.8854699076606045,0.06140928526416717,0.004759765299258519,0.03074947051914948
10559516,0.0015751132057426223,0.008972897398530168,0.0013255534326054095,0.001054488550608637,0.001879960926375218,0.8951939584669858,0.037024556799889176,0.00611561125662652,0.04685785996263654
10559765,0.0016589132717163575,0.031085529794470778,0.0027286476883214444,0.0033537554365211347,0.003958432095672493,0.8022300230645072,0.04871126638783811,0.02627079236720814,0.0800026398937445
10559904,0.0054330489415511185,0.015747600323359034,0.0030258510732478028,0.0037257008686261586,0.004417060773212844,0.8197877636100351,0.07002396330768688,0.012959464072520148,0.06487954702976101
10561136,0.003383020626513055,0.009291601818680764,0.002158298881027072,0.0027136138669471683,0.004469219103712932,0.9124805945734767,0.019723054900730546,0.008359595279231408,0.03742100094968049
10561583,0.005782702630189967,0.006934091616498685,0.004466800142974906,0.0018386566742862342,0.002127843874986802,0.851102560676976,0.03808590553929428,0.011902656862283596,0.07775878198250954
10561870,0.0016936087041452092,0.003768785996296356,0.0008639523764502187,0.0005978234068234444,0.0014745401457564652,0.8781086926568621,0.09589226475598425,0.0028286104510780686,0.014771721506603967
10562711,0.004605765674608998,0.15504446633601415,0.017308931625250223,0.0754102496924724,0.20194712759942557,0.3770223310603922,0.0035650065332068033,0.04007686838160571,0.12501925309702394
10566953,0.004060789694162258,0.013147062249737789,0.001569042816811062,0.0013805049033807754,0.0015208951663010298,0.7769529602104186,0.16464604920769374,0.01410266609998023,0.02262002965151426
10567563,0.01636986270482671,0.01583951491455401,0.003118843862143417,0.002423941532339497,0.0059461433999199375,0.8211568632901689,0.05279524132415517,0.008556937999492746,0.07379265097239956
10568512,0.005496872569509058,0.0027583050711319475,0.0020848252322482326,0.00212609136002176,0.0010523650864343195,0.48316494772739105,0.4407276310128052,0.006153833214615561,0.05643512872584287
10569249,0.0018544193596793058,0.002849639493746308,0.0013115606769239195,0.0007859585302729918,0.0012623145627993445,0.7836498082698309,0.1497213810458796,0.004493949373262458,0.054070968687605234
10569900,0.0037339330576975356,0.08196382690041251,0.006646947402323594,0.08089125192396718,0.6218774045819085,0.08439814792888904,0.01473078734217381,0.028780006046238538,0.07697769481638933
10569996,0.003498120377413642,0.0038422032736561635,0.002165088963457167,0.003213004959307481,0.0013845095145870738,0.7580222447257065,0.17673201650257447,0.008295205071215218,0.04284760661208228
10570047,0.0014879837249455832,0.007536603264687731,0.001658096492702967,0.0014410868734484063,0.0028702546014205263,0.9309591606542601,0.029619948760159567,0.006220276916072798,0.018206588712302366
10570186,0.004044597556038474,0.007027965354467452,0.0022739683759296016,0.0033906867320786494,0.003336269286537568,0.7734700637293036,0.12108933972457869,0.0094731674464129,0.07589394179465309
10570190,0.001857769870010324,0.005669688791149272,0.001155937593685786,0.0018551196339483679,0.0019687586156186872,0.8151831774250923,0.14769100835068133,0.005529118264978927,0.019089421454835123
10570281,0.002244835921646795,0.005034529125033323,0.00188690294172452,0.0016706366874893648,0.0016339205264229448,0.8498651775861029,0.09761915427629317,0.006934947151924962,0.033109895783361945
10570444,0.578879055145618,0.008345901226100941,0.005532711766623758,0.015788776390455426,0.008145831342869513,0.2614553596963762,0.0442684100120687,0.019582733525594503,0.058001220894292965
10570516,0.004302742555911655,0.009116628640750675,0.0024819053472433725,0.003011362144635258,0.0033111962343239003,0.8497035165704203,0.0673376137590053,0.01039997813334192,0.05033505661436775
10570563,0.01055292209366869,0.0034776111454268193,0.002572213414090075,0.0017129119722850829,0.0013216815577702424,0.4963203299958291,0.3432969924888315,0.01048931470166578,0.13025602263043273
10570908,0.013117274079113742,0.004056536300778834,0.002160049018631301,0.004319060406662577,0.0025904771383270272,0.6516100349415443,0.22973228030443416,0.010534354157752083,0.08187993365275589
10570962,0.00618196326694428,0.025949922630572456,0.015795580482854815,0.007002229241003254,0.006307991549652319,0.24538025417437037,0.034384831940924475,0.3112321240377854,0.3477651026758926
10571126,0.012199178675735944,0.004145820204059563,0.003511440416478059,0.0017687451720345066,0.0014598165340895734,0.756728112556849,0.08063033411396006,0.01257923571794824,0.12697731660884493
10571129,0.043160306260316326,0.009516308060236416,0.004743987512255993,0.0099404172678543,0.006202402142345784,0.8407882938541861,0.01279389669623649,0.021795648402988317,0.0510587398035802
10571130,0.018879526533492178,0.02668722087860813,0.0108200995353991,0.03491370250798605,0.01852535432962873,0.3666840893464702,0.007335828607891948,0.04228379798330575,0.47387038027721795
10571150,0.009212681141918139,0.007588635264329401,0.0033423262463624244,0.0029583478024505635,0.0030844582083062056,0.853866387848018,0.038150394382876006,0.01560671935894767,0.06619004974679167
10571157,0.032898806087011526,0.004069302698819265,0.006806765720529191,0.002701830077682023,0.001609889987290438,0.43077404021698756,0.37886856561512694,0.018494443063702022,0.12377635653285099
10571249,0.004974256786023523,0.004155051056535512,0.0017531703682753853,0.0012057034723837565,0.0015617888731573788,0.8417002288131267,0.06512054012261219,0.006002501749770931,0.0735267587581147
10571563,0.0025474187100502023,0.09922885653543675,0.005550144953615961,0.007043365724103819,0.02801062367783128,0.7234164316461792,0.025895354904561838,0.022273584310997668,0.08603421953722333
10571600,0.0035391717902112175,0.00550150664398045,0.0017828110484661536,0.0016255878208230742,0.00269280309143918,0.8780488059572633,0.04115317515358669,0.006761246801615556,0.05889489169261442
10573894,0.005965465798098547,0.01896357655177892,0.005257669940479333,0.02023676344482367,0.010098588139624333,0.8098668711464794,0.01613759465342853,0.049603686147862515,0.0638697841774248
10574347,0.005221100387854821,0.006096483581640336,0.0026727607813711637,0.00335325007157533,0.002272884573265016,0.9049600074470522,0.02976961585288096,0.00996418666061518,0.03568971064374499
10574370,0.009261295323736289,0.00441701702935709,0.0020624099755032496,0.0031104900601955296,0.0018465374561182444,0.8802904466809589,0.03311742737715341,0.00856646114049353,0.057327914956483705
10574372,0.006855093807811463,0.004380885917814967,0.0031498213481346475,0.0011849661996780813,0.0011902753847160515,0.642581869902653,0.2729599201052887,0.005707754754670074,0.061989412579233044
10574408,0.009811577753772486,0.032133979580108475,0.004728597313751066,0.025500378907635034,0.023132854690377132,0.8256027704196469,0.004372958298440198,0.024552793412478846,0.05016408962378996
10574430,0.002350460179411109,0.006503039596851219,0.0018882361813326188,0.0017216488375841027,0.0022485298993700593,0.9138966640826118,0.027502101802848015,0.007845338301511729,0.036043981118479375
10574439,0.01287922653160767,0.006757805137117477,0.002879171312063768,0.004091524140673538,0.00283908788588878,0.885291283088112,0.02031066805546897,0.01161869289057833,0.05333254095848932
10574456,0.008640128821974763,0.00921436227658147,0.0026758572463574755,0.0029476673169704657,0.003555372665080744,0.7106585481176295,0.020539309184781612,0.010452220287570736,0.23131653408305322
10576038,0.10254157992027885,0.010558136477601468,0.003406573987882441,0.006168911837262285,0.00587929973154952,0.7709831640634044,0.03862568354090828,0.01172074041299004,0.05011591002812267
10576770,0.00546347239730573,0.008067112250872763,0.002828110017990186,0.010694796240103768,0.003500963739517005,0.8758008140145227,0.016242085045265205,0.013943164448761444,0.06345948184566128
10577118,0.0019126040314805205,0.02095040302205265,0.0033225282626142298,0.003821869572710195,0.004068759442353597,0.7776505389355003,0.04884044246235936,0.020908060857267548,0.11852479341366158
10577354,0.007302156670506489,0.0026922404409697688,0.0024366005555180453,0.0007457850995038651,0.0009624517458919724,0.5641051346859262,0.37521139138839493,0.005237330225320272,0.04130690918796857
10577622,0.0016089659008201862,0.010551487348255065,0.0027073606015919557,0.0023256728230216612,0.0021798820867321564,0.866644421112692,0.05000317754979965,0.014250567723788268,0.049728464853299154
10577723,0.0021129764600526717,0.0024725175878308812,0.0008752536419927376,0.0006441938226647058,0.0009547632611405378,0.9125607560184461,0.05986872591397003,0.004138943780001694,0.0163718695139007
10578130,0.07243591015725304,0.011774877310372217,0.006421870257315247,0.015760101407465595,0.009470238914312843,0.642570486297593,0.08066393106159886,0.017031337196093448,0.14387124739799576
10578295,0.0047997905403333735,0.003922520124442681,0.0021736194187088726,0.002295533579017822,0.0015102423705247352,0.4603680037525343,0.44822007760994087,0.007984290049733582,0.06872592255476373
10579132,0.003571110290308962,0.0018760160406475239,0.0009100464709138144,0.0006120933963592453,0.0005357673894747189,0.5186775384804692,0.44519394687070407,0.004143286796354356,0.024480194264768003
10579372,0.0025853250214688426,0.0029541868636000276,0.0019071183016054886,0.00092366352397698,0.001195668027382056,0.7608267542828338,0.18997392999214985,0.004838187275224034,0.034795166711759015
10579452,0.0016321870704917602,0.02916879861833302,0.004980815009827083,0.01677058838224465,0.051630414024203354,0.8159782923472908,0.017532729501740504,0.02887223832166073,0.03343393672420809
10579754,0.0013803406657726823,0.01658415258994962,0.006309740413709148,0.008337918593084935,0.03034291853340157,0.8152502431201808,0.016459554898446763,0.06836883422696562,0.03696629695848892
10580098,0.0025811700843743133,0.01917878447945442,0.0042598011891204195,0.0024561816885993936,0.0039393739681350395,0.7623127787149336,0.13688004726686098,0.03340591999734768,0.03498594261117397
10580150,0.0018710849924243192,0.003778879243759369,0.0015852760340034845,0.0014613267356081796,0.0035342328695635566,0.9297798091909337,0.036551656794602,0.005038691885659893,0.016399042253445427
10580642,0.004549226166731781,0.005502021666220972,0.0016242908769567611,0.001849421414074589,0.0023826084426726672,0.8648210487438915,0.027722368798461863,0.007867816651235041,0.08368119723975477
10580740,0.00507153903063165,0.003320776997450346,0.0017614450248009637,0.001242648418100082,0.001265922285706846,0.7053302042299268,0.2312702785532406,0.006492685632716587,0.04424449982742625
10580745,0.003377840985476404,0.0028834317968946892,0.001675051390637042,0.0009687703127418181,0.000991975741330197,0.6186339719359374,0.30568651968842137,0.010228823144604516,0.055553615003956607
10580771,0.006191122226811489,0.005866408555999532,0.002841164464969809,0.004221010108199616,0.00251086188229203,0.8509762940724234,0.023918106883702685,0.019142346510539126,0.08433268529506237
10580995,0.004232395453642935,0.01807981805570624,0.004209602706835028,0.0042629360387737075,0.0026901258327702905,0.6151546037918588,0.08016248208564104,0.029010930822219776,0.24219710521255228
10581310,0.0030541709932453056,0.00552831430433431,0.002208268869077279,0.0017342669300053765,0.0022525039868501987,0.7428776245547739,0.1852232026790571,0.007576002177843835,0.04954564550481271
10581368,0.012192043559249712,0.03359328235844703,0.009517614571499737,0.10022097421636339,0.0501923266731897,0.6233693777065709,0.004370764598169644,0.07591529056872702,0.09062832574778296
10582173,0.010815286148791434,0.0050135097008853465,0.002541681911538765,0.0030935300465157545,0.004946443536315206,0.8880687807505734,0.040231818769802835,0.009080003941047004,0.03620894519453038
10582418,0.29967961458618564,0.007246559366655648,0.004475316191602118,0.004798681693659905,0.011877301754447664,0.5721879470157921,0.04533106238957441,0.009189903243004473,0.04521361375907809
10583009,0.004281009578662587,0.0030519714500562897,0.001658553069357116,0.0008620791096645546,0.0018885650914568233,0.7585712926807439,0.20836339263044804,0.0037852426045509847,0.017537893785059842
10583434,0.0018569592705223177,0.034386147822737204,0.0057752357074866605,0.03598727701258993,0.009261755064831975,0.8165448425786976,0.01554916431454326,0.022505198049415344,0.05813342017917578
10583521,0.0031404791247393875,0.0024780752396227875,0.001386480801183394,0.0008443761361067589,0.0009736189579452532,0.46910399847237083,0.47878437046988864,0.0047194503093286825,0.03856915048881439
10584210,0.002875145477155842,0.004424396450218713,0.0021577159015106857,0.0009119297833748196,0.000960974256207598,0.6653366621904058,0.2573331596450282,0.007166526421825806,0.058833489874272796
10584222,0.004710470006195199,0.003586697173074568,0.0016304984527115015,0.00116691521374478,0.001233297784558036,0.8391744472566305,0.11947227480400983,0.006436193243146193,0.0225892060659295
10584314,0.012513970369118055,0.0036700818511626572,0.005714926272495391,0.0021212026505657497,0.0012538158660313295,0.14465505954942998,0.16905934730613686,0.02029359047719638,0.6407180056578636
10584430,0.007256205710133074,0.0024626787910295186,0.0011786744553426087,0.0007939126373846177,0.0009067283430382772,0.5958949595217898,0.34983393096633747,0.005060725081614967,0.036612184493329716
10584519,0.004048976221224368,0.019493080721821376,0.005058408138949014,0.002722426052783304,0.0049744984658412605,0.8419839389587358,0.07139424576791598,0.01512160859435081,0.03520281707837809
10584820,0.004318804478893956,0.03552425683164146,0.004008041744291365,0.0037250449813896287,0.02961392378558076,0.8176491341135073,0.046796737831553685,0.01371012126466775,0.044653934968474064
10585136,0.0016743060566389207,0.07566371039461088,0.004816831713146141,0.04111106049191204,0.011899982002827263,0.7789016145131336,0.01930858455900929,0.03997160208475279,0.02665230818396913
10586849,0.0035705432454187012,0.005441791795448752,0.002469507036166437,0.0025891374856345985,0.0037307596469470998,0.926965768647035,0.03179316322735523,0.005701287203094783,0.017738041712899544
10587734,0.028362636898417705,0.010171869584429161,0.00402691949129982,0.002107214768387427,0.003908874269945522,0.6764353716237329,0.19623032523486023,0.010880585748354887,0.06787620238057228
10587840,0.005469832146634812,0.0077966424645767975,0.0030656307293564083,0.003183881319479403,0.0031612834811154565,0.8857781380238682,0.06757427653212662,0.009566091387074451,0.014404223915767908
10588529,0.033367850888105906,0.000888785190820487,0.002497890484263795,0.0006919586040419852,0.0006547195151331365,0.02426434560716323,0.8318042742187046,0.0033842859428076764,0.10244588954895915
10588664,0.01673928055719177,0.0011870110835066202,0.0028230551419232987,0.000584902826379796,0.0007260459042782167,0.08123506601107572,0.7288717522465484,0.00353280019540255,0.16430008603369356
10588792,0.025966758935332512,0.0014131416088473802,0.003913184147779331,0.0009402510982477682,0.0008173932438788182,0.032021061932780544,0.2000099622371571,0.003751935238487933,0.7311663115574887
10589349,0.005222854698525194,0.0014291115144302992,0.0037659470283555978,0.0008550763205506617,0.0006157050056427077,0.1552965305686366,0.1634614090969981,0.004473584797910061,0.6648797809689507
10589410,0.12440845395685594,0.00571421113796464,0.01296810211849364,0.010321148445495875,0.005969487675486863,0.40825822684507307,0.10670392339724222,0.0340416947714048,0.2916147516519829
10589411,0.015581782430268844,0.0024206681802060215,0.0040682503964633914,0.0013402203330909288,0.0016729991498266748,0.16160569790838553,0.08880054272751864,0.005435470490801596,0.7190743683834384
10589472,0.030009576987014286,0.0025393946918998373,0.0046921645979247206,0.0016061202924787243,0.001857459419286632,0.08899486225308406,0.20822278841928094,0.0067165754032041105,0.6553610579358267
10589485,0.02176776866354892,0.0037842708006016967,0.008489554155372897,0.0038769221013380197,0.0028544532364594725,0.12170179720834852,0.0318802046022244,0.011172751338845524,0.7944722778932606
10589763,0.0016192593357985965,0.0981091870105267,0.005351785667910454,0.024269654731320346,0.007653053990623495,0.7805849740330432,0.024117883430853207,0.036277062502087384,0.02201713929783664
10590733,0.0034481171721592275,0.02374117317397219,0.005458195586456451,0.05585177319774827,0.023273053595169166,0.8279886458207713,0.0065174194723931055,0.042260549311820717,0.011461072669509508
10592587,0.23545547784988513,0.01113649425538811,0.004961988764005289,0.008545934426856375,0.02228387527514037,0.614404878635944,0.01785911262518316,0.01482078834719574,0.07053144982040188
10592944,0.002788071520869482,0.02396104804638811,0.007356607237471774,0.020007849615162682,0.05300378735123565,0.8254399752971242,0.01932506004460641,0.02429471822753266,0.02382288265960894
10595034,0.005544462906392113,0.010165245607143528,0.0023324457496984668,0.0034185883358644306,0.007026356567488968,0.9040915783627699,0.023345008324003966,0.011915586205053664,0.03216072794158503
10596119,0.0023184985043511047,0.006881417857519745,0.0013393479806970193,0.0008727534451323819,0.0025890406070112697,0.9162703304196533,0.045479659026141574,0.004552363153854557,0.019696589005639076
10599481,0.002145188980460003,0.003086259119143944,0.0007379375817788797,0.0007187895021444675,0.001235255458695225,0.8163167735650548,0.15649209784772936,0.004601679264119529,0.014666018680873935
